Density	Temperature	Pressure	Energy	Entropy	ParticleVelocity	LagWavespeed
+2.638004e+00	+2.981500e+02	+1.000000e-04	-3.274013e-06	-2.817609e-01	+0.000000e+00	+5.219523e+00	
+2.639324e+00	+2.983909e+02	+3.609261e-02	-4.109760e-06	-2.819840e-01	+2.612541e-03	+5.225416e+00	
+2.640644e+00	+2.986318e+02	+7.213094e-02	+2.052495e-06	-2.822003e-01	+5.225433e-03	+5.231385e+00	
+2.641965e+00	+2.988726e+02	+1.082161e-01	+1.520004e-05	-2.824097e-01	+7.838713e-03	+5.237434e+00	
+2.643285e+00	+2.991135e+02	+1.443490e-01	+3.532023e-05	-2.826123e-01	+1.045242e-02	+5.243564e+00	
+2.644605e+00	+2.993543e+02	+1.805310e-01	+6.240047e-05	-2.828081e-01	+1.306659e-02	+5.249778e+00	
+2.645926e+00	+2.995951e+02	+2.167632e-01	+9.642823e-05	-2.829970e-01	+1.568127e-02	+5.256079e+00	
+2.647246e+00	+2.998359e+02	+2.530467e-01	+1.373911e-04	-2.831791e-01	+1.829650e-02	+5.262469e+00	
+2.648566e+00	+3.000767e+02	+2.893827e-01	+1.852766e-04	-2.833545e-01	+2.091231e-02	+5.268952e+00	
+2.649887e+00	+3.003174e+02	+3.257727e-01	+2.400724e-04	-2.835230e-01	+2.352876e-02	+5.275530e+00	
+2.651207e+00	+3.005582e+02	+3.622179e-01	+3.017664e-04	-2.836847e-01	+2.614589e-02	+5.282206e+00	
+2.652527e+00	+3.007989e+02	+3.987196e-01	+3.703463e-04	-2.838397e-01	+2.876374e-02	+5.288984e+00	
+2.653848e+00	+3.010396e+02	+4.352794e-01	+4.457999e-04	-2.839878e-01	+3.138237e-02	+5.295867e+00	
+2.655168e+00	+3.012803e+02	+4.718985e-01	+5.281153e-04	-2.841292e-01	+3.400183e-02	+5.302859e+00	
+2.656488e+00	+3.015209e+02	+5.085787e-01	+6.172806e-04	-2.842639e-01	+3.662216e-02	+5.309963e+00	
+2.657809e+00	+3.017616e+02	+5.453214e-01	+7.132837e-04	-2.843917e-01	+3.924342e-02	+5.317184e+00	
+2.659129e+00	+3.020022e+02	+5.821282e-01	+8.161129e-04	-2.845129e-01	+4.186567e-02	+5.324524e+00	
+2.660449e+00	+3.022428e+02	+6.190009e-01	+9.257565e-04	-2.846273e-01	+4.448896e-02	+5.331988e+00	
+2.661770e+00	+3.024834e+02	+6.559412e-01	+1.042203e-03	-2.847349e-01	+4.711335e-02	+5.339581e+00	
+2.663090e+00	+3.027240e+02	+6.929509e-01	+1.165440e-03	-2.848359e-01	+4.973890e-02	+5.347307e+00	
+2.664410e+00	+3.029645e+02	+7.300318e-01	+1.295458e-03	-2.849301e-01	+5.236567e-02	+5.355155e+00	
+2.665731e+00	+3.032051e+02	+7.671795e-01	+1.432330e-03	-2.850175e-01	+5.499349e-02	+5.362240e+00	
+2.667051e+00	+3.034456e+02	+8.043886e-01	+1.576107e-03	-2.850982e-01	+5.762219e-02	+5.369329e+00	
+2.668371e+00	+3.036861e+02	+8.416592e-01	+1.726780e-03	-2.851721e-01	+6.025176e-02	+5.376421e+00	
+2.669692e+00	+3.039266e+02	+8.789914e-01	+1.884342e-03	-2.852391e-01	+6.288220e-02	+5.383517e+00	
+2.671012e+00	+3.041670e+02	+9.163851e-01	+2.048788e-03	-2.852994e-01	+6.551350e-02	+5.390616e+00	
+2.672332e+00	+3.044075e+02	+9.538404e-01	+2.220108e-03	-2.853529e-01	+6.814567e-02	+5.397718e+00	
+2.673653e+00	+3.046479e+02	+9.913573e-01	+2.398298e-03	-2.853996e-01	+7.077870e-02	+5.404824e+00	
+2.674973e+00	+3.048883e+02	+1.028936e+00	+2.583350e-03	-2.854395e-01	+7.341259e-02	+5.411934e+00	
+2.676293e+00	+3.051287e+02	+1.066576e+00	+2.775256e-03	-2.854726e-01	+7.604734e-02	+5.419047e+00	
+2.677613e+00	+3.053691e+02	+1.104278e+00	+2.974011e-03	-2.854990e-01	+7.868296e-02	+5.426164e+00	
+2.678934e+00	+3.056094e+02	+1.142042e+00	+3.179607e-03	-2.855186e-01	+8.131943e-02	+5.433284e+00	
+2.680254e+00	+3.058498e+02	+1.179868e+00	+3.392038e-03	-2.855314e-01	+8.395676e-02	+5.440407e+00	
+2.681574e+00	+3.060901e+02	+1.217755e+00	+3.611297e-03	-2.855375e-01	+8.659494e-02	+5.447535e+00	
+2.682895e+00	+3.063304e+02	+1.255705e+00	+3.837376e-03	-2.855368e-01	+8.923398e-02	+5.454665e+00	
+2.684215e+00	+3.065706e+02	+1.293716e+00	+4.070270e-03	-2.855294e-01	+9.187387e-02	+5.461800e+00	
+2.685535e+00	+3.068109e+02	+1.331790e+00	+4.309972e-03	-2.855152e-01	+9.451462e-02	+5.468938e+00	
+2.686856e+00	+3.070511e+02	+1.369925e+00	+4.556474e-03	-2.854942e-01	+9.715622e-02	+5.476079e+00	
+2.688176e+00	+3.072914e+02	+1.408122e+00	+4.809771e-03	-2.854666e-01	+9.979866e-02	+5.483224e+00	
+2.689496e+00	+3.075316e+02	+1.446382e+00	+5.069856e-03	-2.854322e-01	+1.024420e-01	+5.490373e+00	
+2.690817e+00	+3.077718e+02	+1.484704e+00	+5.336721e-03	-2.853910e-01	+1.050861e-01	+5.497525e+00	
+2.692137e+00	+3.080119e+02	+1.523088e+00	+5.610361e-03	-2.853432e-01	+1.077311e-01	+5.504681e+00	
+2.693457e+00	+3.082521e+02	+1.561534e+00	+5.890769e-03	-2.852886e-01	+1.103769e-01	+5.511841e+00	
+2.694778e+00	+3.084922e+02	+1.600042e+00	+6.177938e-03	-2.852272e-01	+1.130236e-01	+5.519004e+00	
+2.696098e+00	+3.087323e+02	+1.638613e+00	+6.471862e-03	-2.851592e-01	+1.156711e-01	+5.526171e+00	
+2.697418e+00	+3.089724e+02	+1.677246e+00	+6.772535e-03	-2.850844e-01	+1.183195e-01	+5.533341e+00	
+2.698739e+00	+3.092124e+02	+1.715941e+00	+7.079949e-03	-2.850030e-01	+1.209687e-01	+5.540516e+00	
+2.700059e+00	+3.094525e+02	+1.754699e+00	+7.394099e-03	-2.849148e-01	+1.236187e-01	+5.547693e+00	
+2.701379e+00	+3.096925e+02	+1.793519e+00	+7.714978e-03	-2.848199e-01	+1.262696e-01	+5.554875e+00	
+2.702700e+00	+3.099325e+02	+1.832402e+00	+8.042579e-03	-2.847184e-01	+1.289213e-01	+5.562060e+00	
+2.704020e+00	+3.101725e+02	+1.871347e+00	+8.376896e-03	-2.846101e-01	+1.315739e-01	+5.569249e+00	
+2.705340e+00	+3.104125e+02	+1.910355e+00	+8.717923e-03	-2.844951e-01	+1.342273e-01	+5.576442e+00	
+2.706661e+00	+3.106525e+02	+1.949426e+00	+9.065654e-03	-2.843735e-01	+1.368815e-01	+5.583638e+00	
+2.707981e+00	+3.108924e+02	+1.988559e+00	+9.420082e-03	-2.842452e-01	+1.395365e-01	+5.590838e+00	
+2.709301e+00	+3.111323e+02	+2.027755e+00	+9.781200e-03	-2.841102e-01	+1.421924e-01	+5.598042e+00	
+2.710622e+00	+3.113722e+02	+2.067014e+00	+1.014900e-02	-2.839685e-01	+1.448491e-01	+5.605249e+00	
+2.711942e+00	+3.116121e+02	+2.106335e+00	+1.052348e-02	-2.838201e-01	+1.475067e-01	+5.612460e+00	
+2.713262e+00	+3.118519e+02	+2.145720e+00	+1.090464e-02	-2.836651e-01	+1.501650e-01	+5.619675e+00	
+2.714583e+00	+3.120918e+02	+2.185167e+00	+1.129246e-02	-2.835034e-01	+1.528242e-01	+5.626894e+00	
+2.715903e+00	+3.123316e+02	+2.224677e+00	+1.168693e-02	-2.833351e-01	+1.554843e-01	+5.634116e+00	
+2.717223e+00	+3.125714e+02	+2.264250e+00	+1.208807e-02	-2.831601e-01	+1.581451e-01	+5.641344e+00	
+2.718543e+00	+3.128112e+02	+2.303885e+00	+1.249597e-02	-2.829784e-01	+1.608068e-01	+5.648477e+00	
+2.719864e+00	+3.130509e+02	+2.343582e+00	+1.291068e-02	-2.827899e-01	+1.634692e-01	+5.655614e+00	
+2.721184e+00	+3.132907e+02	+2.383341e+00	+1.333219e-02	-2.825946e-01	+1.661324e-01	+5.662756e+00	
+2.722504e+00	+3.135304e+02	+2.423162e+00	+1.376049e-02	-2.823927e-01	+1.687964e-01	+5.669903e+00	
+2.723825e+00	+3.137701e+02	+2.463044e+00	+1.419557e-02	-2.821839e-01	+1.714611e-01	+5.677054e+00	
+2.725145e+00	+3.140098e+02	+2.502989e+00	+1.463743e-02	-2.819684e-01	+1.741266e-01	+5.684210e+00	
+2.726465e+00	+3.142494e+02	+2.542995e+00	+1.508605e-02	-2.817462e-01	+1.767929e-01	+5.691371e+00	
+2.727786e+00	+3.144890e+02	+2.583063e+00	+1.554143e-02	-2.815173e-01	+1.794600e-01	+5.698537e+00	
+2.729106e+00	+3.147287e+02	+2.623194e+00	+1.600355e-02	-2.812816e-01	+1.821279e-01	+5.705707e+00	
+2.730426e+00	+3.149683e+02	+2.663386e+00	+1.647242e-02	-2.810392e-01	+1.847965e-01	+5.712882e+00	
+2.731747e+00	+3.152078e+02	+2.703641e+00	+1.694802e-02	-2.807901e-01	+1.874659e-01	+5.720062e+00	
+2.733067e+00	+3.154474e+02	+2.743957e+00	+1.743035e-02	-2.805343e-01	+1.901360e-01	+5.727246e+00	
+2.734387e+00	+3.156869e+02	+2.784337e+00	+1.791940e-02	-2.802718e-01	+1.928070e-01	+5.734435e+00	
+2.735708e+00	+3.159265e+02	+2.824778e+00	+1.841515e-02	-2.800026e-01	+1.954787e-01	+5.741629e+00	
+2.737028e+00	+3.161660e+02	+2.865282e+00	+1.891761e-02	-2.797267e-01	+1.981512e-01	+5.748828e+00	
+2.738348e+00	+3.164054e+02	+2.905848e+00	+1.942676e-02	-2.794441e-01	+2.008244e-01	+5.756031e+00	
+2.739669e+00	+3.166449e+02	+2.946477e+00	+1.994259e-02	-2.791549e-01	+2.034984e-01	+5.763240e+00	
+2.740989e+00	+3.168843e+02	+2.987168e+00	+2.046511e-02	-2.788589e-01	+2.061732e-01	+5.770453e+00	
+2.742309e+00	+3.171238e+02	+3.027922e+00	+2.099429e-02	-2.785563e-01	+2.088487e-01	+5.777670e+00	
+2.743630e+00	+3.173632e+02	+3.068739e+00	+2.153014e-02	-2.782470e-01	+2.115251e-01	+5.784893e+00	
+2.744950e+00	+3.176025e+02	+3.109618e+00	+2.207264e-02	-2.779311e-01	+2.142021e-01	+5.792121e+00	
+2.746270e+00	+3.178419e+02	+3.150560e+00	+2.262179e-02	-2.776085e-01	+2.168800e-01	+5.799353e+00	
+2.747591e+00	+3.180812e+02	+3.191565e+00	+2.317758e-02	-2.772792e-01	+2.195586e-01	+5.806590e+00	
+2.748911e+00	+3.183206e+02	+3.232633e+00	+2.374000e-02	-2.769433e-01	+2.222380e-01	+5.813832e+00	
+2.750231e+00	+3.185599e+02	+3.273764e+00	+2.430904e-02	-2.766008e-01	+2.249181e-01	+5.821079e+00	
+2.751552e+00	+3.187991e+02	+3.314958e+00	+2.488470e-02	-2.762516e-01	+2.275990e-01	+5.828330e+00	
+2.752872e+00	+3.190384e+02	+3.356215e+00	+2.546697e-02	-2.758958e-01	+2.302807e-01	+5.835587e+00	
+2.754192e+00	+3.192776e+02	+3.397535e+00	+2.605584e-02	-2.755334e-01	+2.329632e-01	+5.842848e+00	
+2.755513e+00	+3.195168e+02	+3.438918e+00	+2.665130e-02	-2.751643e-01	+2.356464e-01	+5.850114e+00	
+2.756833e+00	+3.197560e+02	+3.480364e+00	+2.725335e-02	-2.747886e-01	+2.383303e-01	+5.857386e+00	
+2.758153e+00	+3.199952e+02	+3.521874e+00	+2.786198e-02	-2.744064e-01	+2.410151e-01	+5.864662e+00	
+2.759473e+00	+3.202344e+02	+3.563447e+00	+2.847717e-02	-2.740175e-01	+2.437005e-01	+5.871942e+00	
+2.760794e+00	+3.204735e+02	+3.605083e+00	+2.909893e-02	-2.736220e-01	+2.463868e-01	+5.879228e+00	
+2.762114e+00	+3.207126e+02	+3.646783e+00	+2.972725e-02	-2.732199e-01	+2.490738e-01	+5.886519e+00	
+2.763434e+00	+3.209517e+02	+3.688546e+00	+3.036211e-02	-2.728113e-01	+2.517616e-01	+5.893815e+00	
+2.764755e+00	+3.211908e+02	+3.730373e+00	+3.100351e-02	-2.723960e-01	+2.544501e-01	+5.901115e+00	
+2.766075e+00	+3.214298e+02	+3.772264e+00	+3.165145e-02	-2.719742e-01	+2.571394e-01	+5.908421e+00	
+2.767395e+00	+3.216689e+02	+3.814218e+00	+3.230591e-02	-2.715458e-01	+2.598294e-01	+5.915731e+00	
+2.768716e+00	+3.219079e+02	+3.856236e+00	+3.296689e-02	-2.711108e-01	+2.625202e-01	+5.923046e+00	
+2.770036e+00	+3.221469e+02	+3.898317e+00	+3.363439e-02	-2.706693e-01	+2.652118e-01	+5.930364e+00	
+2.771356e+00	+3.223858e+02	+3.940462e+00	+3.430854e-02	-2.702211e-01	+2.679041e-01	+5.937573e+00	
+2.772677e+00	+3.226248e+02	+3.982669e+00	+3.498938e-02	-2.697662e-01	+2.705971e-01	+5.944787e+00	
+2.773997e+00	+3.228637e+02	+4.024939e+00	+3.567691e-02	-2.693047e-01	+2.732908e-01	+5.952005e+00	
+2.775317e+00	+3.231026e+02	+4.067270e+00	+3.637111e-02	-2.688364e-01	+2.759852e-01	+5.959228e+00	
+2.776638e+00	+3.233415e+02	+4.109664e+00	+3.707199e-02	-2.683615e-01	+2.786803e-01	+5.966455e+00	
+2.777958e+00	+3.235804e+02	+4.152121e+00	+3.777953e-02	-2.678799e-01	+2.813761e-01	+5.973686e+00	
+2.779278e+00	+3.238192e+02	+4.194640e+00	+3.849373e-02	-2.673917e-01	+2.840727e-01	+5.980922e+00	
+2.780599e+00	+3.240580e+02	+4.237222e+00	+3.921458e-02	-2.668968e-01	+2.867699e-01	+5.988161e+00	
+2.781919e+00	+3.242968e+02	+4.279866e+00	+3.994208e-02	-2.663952e-01	+2.894678e-01	+5.995406e+00	
+2.783239e+00	+3.245356e+02	+4.322573e+00	+4.067621e-02	-2.658870e-01	+2.921664e-01	+6.002654e+00	
+2.784560e+00	+3.247744e+02	+4.365342e+00	+4.141698e-02	-2.653721e-01	+2.948657e-01	+6.009907e+00	
+2.785880e+00	+3.250131e+02	+4.408174e+00	+4.216437e-02	-2.648506e-01	+2.975657e-01	+6.017164e+00	
+2.787200e+00	+3.252518e+02	+4.451070e+00	+4.291837e-02	-2.643224e-01	+3.002665e-01	+6.024426e+00	
+2.788521e+00	+3.254905e+02	+4.494028e+00	+4.367899e-02	-2.637876e-01	+3.029679e-01	+6.031691e+00	
+2.789841e+00	+3.257292e+02	+4.537048e+00	+4.444621e-02	-2.632462e-01	+3.056700e-01	+6.038962e+00	
+2.791161e+00	+3.259679e+02	+4.580132e+00	+4.522003e-02	-2.626982e-01	+3.083728e-01	+6.046236e+00	
+2.792482e+00	+3.262065e+02	+4.623279e+00	+4.600044e-02	-2.621435e-01	+3.110763e-01	+6.053515e+00	
+2.793802e+00	+3.264451e+02	+4.666489e+00	+4.678744e-02	-2.615822e-01	+3.137805e-01	+6.060799e+00	
+2.795122e+00	+3.266837e+02	+4.709762e+00	+4.758101e-02	-2.610144e-01	+3.164854e-01	+6.068086e+00	
+2.796442e+00	+3.269223e+02	+4.753098e+00	+4.838116e-02	-2.604399e-01	+3.191909e-01	+6.075379e+00	
+2.797763e+00	+3.271608e+02	+4.796497e+00	+4.918787e-02	-2.598588e-01	+3.218972e-01	+6.082675e+00	
+2.799083e+00	+3.273994e+02	+4.839959e+00	+5.000114e-02	-2.592711e-01	+3.246042e-01	+6.089976e+00	
+2.800403e+00	+3.276379e+02	+4.883485e+00	+5.082096e-02	-2.586768e-01	+3.273119e-01	+6.097281e+00	
+2.801724e+00	+3.278764e+02	+4.927074e+00	+5.164733e-02	-2.580760e-01	+3.300202e-01	+6.104591e+00	
+2.803044e+00	+3.281148e+02	+4.970727e+00	+5.248023e-02	-2.574685e-01	+3.327293e-01	+6.111905e+00	
+2.804364e+00	+3.283533e+02	+5.014443e+00	+5.331967e-02	-2.568545e-01	+3.354390e-01	+6.119224e+00	
+2.805685e+00	+3.285917e+02	+5.058222e+00	+5.416564e-02	-2.562339e-01	+3.381494e-01	+6.126547e+00	
+2.807005e+00	+3.288301e+02	+5.102065e+00	+5.501812e-02	-2.556067e-01	+3.408606e-01	+6.133875e+00	
+2.808325e+00	+3.290685e+02	+5.145971e+00	+5.587712e-02	-2.549730e-01	+3.435724e-01	+6.141206e+00	
+2.809646e+00	+3.293068e+02	+5.189942e+00	+5.674262e-02	-2.543327e-01	+3.462849e-01	+6.148543e+00	
+2.810966e+00	+3.295452e+02	+5.233975e+00	+5.761463e-02	-2.536859e-01	+3.489980e-01	+6.155884e+00	
+2.812286e+00	+3.297835e+02	+5.278073e+00	+5.849312e-02	-2.530325e-01	+3.517119e-01	+6.163229e+00	
+2.813607e+00	+3.300218e+02	+5.322234e+00	+5.937811e-02	-2.523726e-01	+3.544265e-01	+6.170579e+00	
+2.814927e+00	+3.302601e+02	+5.366459e+00	+6.026958e-02	-2.517061e-01	+3.571417e-01	+6.177933e+00	
+2.816247e+00	+3.304983e+02	+5.410748e+00	+6.116752e-02	-2.510331e-01	+3.598577e-01	+6.185291e+00	
+2.817568e+00	+3.307366e+02	+5.455101e+00	+6.207193e-02	-2.503536e-01	+3.625743e-01	+6.192655e+00	
+2.818888e+00	+3.309748e+02	+5.499518e+00	+6.298280e-02	-2.496675e-01	+3.652916e-01	+6.200022e+00	
+2.820208e+00	+3.312130e+02	+5.543999e+00	+6.390013e-02	-2.489750e-01	+3.680096e-01	+6.207394e+00	
+2.821529e+00	+3.314511e+02	+5.588544e+00	+6.482391e-02	-2.482759e-01	+3.707282e-01	+6.214771e+00	
+2.822849e+00	+3.316893e+02	+5.633154e+00	+6.575413e-02	-2.475703e-01	+3.734476e-01	+6.222152e+00	
+2.824169e+00	+3.319274e+02	+5.677827e+00	+6.669079e-02	-2.468582e-01	+3.761676e-01	+6.229538e+00	
+2.825490e+00	+3.321655e+02	+5.722565e+00	+6.763388e-02	-2.461395e-01	+3.788884e-01	+6.236928e+00	
+2.826810e+00	+3.324036e+02	+5.767367e+00	+6.858340e-02	-2.454144e-01	+3.816098e-01	+6.244322e+00	
+2.828130e+00	+3.326416e+02	+5.812233e+00	+6.953933e-02	-2.446828e-01	+3.843319e-01	+6.251721e+00	
+2.829451e+00	+3.328797e+02	+5.857163e+00	+7.050168e-02	-2.439447e-01	+3.870546e-01	+6.259125e+00	
+2.830771e+00	+3.331177e+02	+5.902159e+00	+7.147043e-02	-2.432002e-01	+3.897781e-01	+6.266533e+00	
+2.832091e+00	+3.333557e+02	+5.947218e+00	+7.244558e-02	-2.424491e-01	+3.925022e-01	+6.273946e+00	
+2.833412e+00	+3.335936e+02	+5.992342e+00	+7.342713e-02	-2.416916e-01	+3.952270e-01	+6.281363e+00	
+2.834732e+00	+3.338316e+02	+6.037531e+00	+7.441506e-02	-2.409276e-01	+3.979525e-01	+6.288785e+00	
+2.836052e+00	+3.340695e+02	+6.082784e+00	+7.540938e-02	-2.401571e-01	+4.006787e-01	+6.296196e+00	
+2.837372e+00	+3.343074e+02	+6.128101e+00	+7.641026e-02	-2.393800e-01	+4.034055e-01	+6.303482e+00	
+2.838693e+00	+3.345453e+02	+6.173481e+00	+7.741775e-02	-2.385964e-01	+4.061329e-01	+6.310775e+00	
+2.840013e+00	+3.347832e+02	+6.218923e+00	+7.843184e-02	-2.378061e-01	+4.088609e-01	+6.318074e+00	
+2.841333e+00	+3.350210e+02	+6.264428e+00	+7.945252e-02	-2.370091e-01	+4.115896e-01	+6.325378e+00	
+2.842654e+00	+3.352588e+02	+6.309996e+00	+8.047978e-02	-2.362056e-01	+4.143188e-01	+6.332689e+00	
+2.843974e+00	+3.354966e+02	+6.355627e+00	+8.151362e-02	-2.353955e-01	+4.170487e-01	+6.340005e+00	
+2.845294e+00	+3.357344e+02	+6.401321e+00	+8.255402e-02	-2.345788e-01	+4.197792e-01	+6.347328e+00	
+2.846615e+00	+3.359722e+02	+6.447078e+00	+8.360097e-02	-2.337555e-01	+4.225104e-01	+6.354656e+00	
+2.847935e+00	+3.362099e+02	+6.492898e+00	+8.465448e-02	-2.329256e-01	+4.252421e-01	+6.361991e+00	
+2.849255e+00	+3.364476e+02	+6.538781e+00	+8.571451e-02	-2.320891e-01	+4.279744e-01	+6.369331e+00	
+2.850576e+00	+3.366853e+02	+6.584728e+00	+8.678108e-02	-2.312461e-01	+4.307074e-01	+6.376678e+00	
+2.851896e+00	+3.369230e+02	+6.630738e+00	+8.785416e-02	-2.303965e-01	+4.334410e-01	+6.384030e+00	
+2.853216e+00	+3.371606e+02	+6.676812e+00	+8.893376e-02	-2.295403e-01	+4.361752e-01	+6.391389e+00	
+2.854537e+00	+3.373982e+02	+6.722949e+00	+9.001985e-02	-2.286776e-01	+4.389101e-01	+6.398754e+00	
+2.855857e+00	+3.376358e+02	+6.769150e+00	+9.111244e-02	-2.278084e-01	+4.416455e-01	+6.406124e+00	
+2.857177e+00	+3.378734e+02	+6.815414e+00	+9.221151e-02	-2.269326e-01	+4.443816e-01	+6.413501e+00	
+2.858498e+00	+3.381110e+02	+6.861743e+00	+9.331705e-02	-2.260503e-01	+4.471183e-01	+6.420884e+00	
+2.859818e+00	+3.383485e+02	+6.908135e+00	+9.442906e-02	-2.251615e-01	+4.498556e-01	+6.428273e+00	
+2.861138e+00	+3.385860e+02	+6.954591e+00	+9.554753e-02	-2.242661e-01	+4.525935e-01	+6.435668e+00	
+2.862459e+00	+3.388235e+02	+7.001111e+00	+9.667244e-02	-2.233643e-01	+4.553320e-01	+6.443069e+00	
+2.863779e+00	+3.390610e+02	+7.047695e+00	+9.780379e-02	-2.224560e-01	+4.580712e-01	+6.450476e+00	
+2.865099e+00	+3.392984e+02	+7.094343e+00	+9.894157e-02	-2.215411e-01	+4.608110e-01	+6.457889e+00	
+2.866420e+00	+3.395358e+02	+7.141055e+00	+1.000858e-01	-2.206198e-01	+4.635514e-01	+6.465309e+00	
+2.867740e+00	+3.397732e+02	+7.187832e+00	+1.012364e-01	-2.196920e-01	+4.662925e-01	+6.472734e+00	
+2.869060e+00	+3.400106e+02	+7.234672e+00	+1.023934e-01	-2.187577e-01	+4.690341e-01	+6.480166e+00	
+2.870381e+00	+3.402480e+02	+7.281578e+00	+1.035568e-01	-2.178170e-01	+4.717764e-01	+6.487604e+00	
+2.871701e+00	+3.404853e+02	+7.328548e+00	+1.047266e-01	-2.168698e-01	+4.745193e-01	+6.495048e+00	
+2.873021e+00	+3.407226e+02	+7.375582e+00	+1.059028e-01	-2.159161e-01	+4.772628e-01	+6.502498e+00	
+2.874342e+00	+3.409599e+02	+7.422681e+00	+1.070853e-01	-2.149560e-01	+4.800070e-01	+6.509954e+00	
+2.875662e+00	+3.411972e+02	+7.469845e+00	+1.082742e-01	-2.139895e-01	+4.827517e-01	+6.517416e+00	
+2.876982e+00	+3.414344e+02	+7.517073e+00	+1.094695e-01	-2.130165e-01	+4.854971e-01	+6.524885e+00	
+2.878302e+00	+3.416717e+02	+7.564367e+00	+1.106711e-01	-2.120371e-01	+4.882431e-01	+6.532360e+00	
+2.879623e+00	+3.419089e+02	+7.611725e+00	+1.118790e-01	-2.110513e-01	+4.909898e-01	+6.539841e+00	
+2.880943e+00	+3.421460e+02	+7.659148e+00	+1.130932e-01	-2.100591e-01	+4.937370e-01	+6.547328e+00	
+2.882263e+00	+3.423832e+02	+7.706636e+00	+1.143138e-01	-2.090605e-01	+4.964849e-01	+6.554821e+00	
+2.883584e+00	+3.426203e+02	+7.754190e+00	+1.155407e-01	-2.080554e-01	+4.992335e-01	+6.562321e+00	
+2.884904e+00	+3.428574e+02	+7.801809e+00	+1.167739e-01	-2.070440e-01	+5.019826e-01	+6.569826e+00	
+2.886224e+00	+3.430945e+02	+7.849493e+00	+1.180133e-01	-2.060262e-01	+5.047324e-01	+6.577338e+00	
+2.887545e+00	+3.433316e+02	+7.897242e+00	+1.192591e-01	-2.050020e-01	+5.074828e-01	+6.584857e+00	
+2.888865e+00	+3.435686e+02	+7.945057e+00	+1.205111e-01	-2.039714e-01	+5.102338e-01	+6.592381e+00	
+2.890185e+00	+3.438057e+02	+7.992938e+00	+1.217694e-01	-2.029345e-01	+5.129854e-01	+6.599912e+00	
+2.891506e+00	+3.440427e+02	+8.040884e+00	+1.230339e-01	-2.018912e-01	+5.157377e-01	+6.607449e+00	
+2.892826e+00	+3.442796e+02	+8.088896e+00	+1.243047e-01	-2.008415e-01	+5.184906e-01	+6.614992e+00	
+2.894146e+00	+3.445166e+02	+8.136973e+00	+1.255818e-01	-1.997855e-01	+5.212441e-01	+6.622542e+00	
+2.895467e+00	+3.447535e+02	+8.185116e+00	+1.268650e-01	-1.987231e-01	+5.239983e-01	+6.630098e+00	
+2.896787e+00	+3.449904e+02	+8.233326e+00	+1.281545e-01	-1.976545e-01	+5.267531e-01	+6.637660e+00	
+2.898107e+00	+3.452273e+02	+8.281601e+00	+1.294502e-01	-1.965795e-01	+5.295085e-01	+6.645228e+00	
+2.899428e+00	+3.454642e+02	+8.329942e+00	+1.307521e-01	-1.954981e-01	+5.322645e-01	+6.652803e+00	
+2.900748e+00	+3.457010e+02	+8.378350e+00	+1.320602e-01	-1.944105e-01	+5.350212e-01	+6.660384e+00	
+2.902068e+00	+3.459379e+02	+8.426823e+00	+1.333745e-01	-1.933165e-01	+5.377785e-01	+6.667934e+00	
+2.903389e+00	+3.461747e+02	+8.475361e+00	+1.346953e-01	-1.922161e-01	+5.405364e-01	+6.675331e+00	
+2.904709e+00	+3.464114e+02	+8.523963e+00	+1.360225e-01	-1.911091e-01	+5.432948e-01	+6.682734e+00	
+2.906029e+00	+3.466482e+02	+8.572628e+00	+1.373562e-01	-1.899956e-01	+5.460538e-01	+6.690140e+00	
+2.907350e+00	+3.468849e+02	+8.621357e+00	+1.386963e-01	-1.888756e-01	+5.488133e-01	+6.697550e+00	
+2.908670e+00	+3.471216e+02	+8.670149e+00	+1.400430e-01	-1.877491e-01	+5.515733e-01	+6.704965e+00	
+2.909990e+00	+3.473583e+02	+8.719005e+00	+1.413961e-01	-1.866160e-01	+5.543340e-01	+6.712384e+00	
+2.911311e+00	+3.475950e+02	+8.767925e+00	+1.427557e-01	-1.854765e-01	+5.570951e-01	+6.719807e+00	
+2.912631e+00	+3.478316e+02	+8.816909e+00	+1.441217e-01	-1.843304e-01	+5.598568e-01	+6.727235e+00	
+2.913951e+00	+3.480682e+02	+8.865956e+00	+1.454943e-01	-1.831779e-01	+5.626191e-01	+6.734666e+00	
+2.915272e+00	+3.483048e+02	+8.915067e+00	+1.468732e-01	-1.820188e-01	+5.653819e-01	+6.742124e+00	
+2.916592e+00	+3.485414e+02	+8.964243e+00	+1.482588e-01	-1.808533e-01	+5.681453e-01	+6.749593e+00	
+2.917912e+00	+3.487779e+02	+9.013483e+00	+1.496508e-01	-1.796813e-01	+5.709092e-01	+6.757067e+00	
+2.919232e+00	+3.490145e+02	+9.062788e+00	+1.510494e-01	-1.785028e-01	+5.736737e-01	+6.764544e+00	
+2.920553e+00	+3.492510e+02	+9.112157e+00	+1.524545e-01	-1.773179e-01	+5.764387e-01	+6.772026e+00	
+2.921873e+00	+3.494874e+02	+9.161590e+00	+1.538661e-01	-1.761265e-01	+5.792043e-01	+6.779512e+00	
+2.923193e+00	+3.497239e+02	+9.211088e+00	+1.552843e-01	-1.749287e-01	+5.819704e-01	+6.787002e+00	
+2.924514e+00	+3.499603e+02	+9.260651e+00	+1.567089e-01	-1.737245e-01	+5.847371e-01	+6.794496e+00	
+2.925834e+00	+3.501967e+02	+9.310278e+00	+1.581400e-01	-1.725138e-01	+5.875044e-01	+6.801995e+00	
+2.927154e+00	+3.504331e+02	+9.359970e+00	+1.595777e-01	-1.712966e-01	+5.902722e-01	+6.809497e+00	
+2.928475e+00	+3.506695e+02	+9.409727e+00	+1.610218e-01	-1.700731e-01	+5.930405e-01	+6.817004e+00	
+2.929795e+00	+3.509058e+02	+9.459549e+00	+1.624724e-01	-1.688431e-01	+5.958095e-01	+6.824514e+00	
+2.931115e+00	+3.511421e+02	+9.509435e+00	+1.639295e-01	-1.676066e-01	+5.985789e-01	+6.832029e+00	
+2.932436e+00	+3.513784e+02	+9.559386e+00	+1.653930e-01	-1.663638e-01	+6.013489e-01	+6.839548e+00	
+2.933756e+00	+3.516147e+02	+9.609402e+00	+1.668630e-01	-1.651146e-01	+6.041195e-01	+6.847071e+00	
+2.935076e+00	+3.518509e+02	+9.659484e+00	+1.683395e-01	-1.638589e-01	+6.068906e-01	+6.854598e+00	
+2.936397e+00	+3.520872e+02	+9.709630e+00	+1.698224e-01	-1.625968e-01	+6.096623e-01	+6.862130e+00	
+2.937717e+00	+3.523234e+02	+9.759841e+00	+1.713118e-01	-1.613284e-01	+6.124345e-01	+6.869665e+00	
+2.939037e+00	+3.525596e+02	+9.810117e+00	+1.728076e-01	-1.600535e-01	+6.152073e-01	+6.877205e+00	
+2.940358e+00	+3.527957e+02	+9.860459e+00	+1.743099e-01	-1.587723e-01	+6.179806e-01	+6.884749e+00	
+2.941678e+00	+3.530319e+02	+9.910865e+00	+1.758185e-01	-1.574846e-01	+6.207545e-01	+6.892297e+00	
+2.942998e+00	+3.532680e+02	+9.961337e+00	+1.773336e-01	-1.561906e-01	+6.235289e-01	+6.899849e+00	
+2.944319e+00	+3.535041e+02	+1.001187e+01	+1.788551e-01	-1.548902e-01	+6.263039e-01	+6.907406e+00	
+2.945639e+00	+3.537401e+02	+1.006248e+01	+1.803831e-01	-1.535834e-01	+6.290794e-01	+6.914966e+00	
+2.946959e+00	+3.539762e+02	+1.011314e+01	+1.819174e-01	-1.522703e-01	+6.318554e-01	+6.922531e+00	
+2.948280e+00	+3.542122e+02	+1.016388e+01	+1.834581e-01	-1.509507e-01	+6.346321e-01	+6.930100e+00	
+2.949600e+00	+3.544482e+02	+1.021468e+01	+1.850052e-01	-1.496249e-01	+6.374092e-01	+6.937673e+00	
+2.950920e+00	+3.546842e+02	+1.026554e+01	+1.865588e-01	-1.482926e-01	+6.401869e-01	+6.945251e+00	
+2.952241e+00	+3.549201e+02	+1.031647e+01	+1.881186e-01	-1.469540e-01	+6.429652e-01	+6.952832e+00	
+2.953561e+00	+3.551560e+02	+1.036747e+01	+1.896849e-01	-1.456091e-01	+6.457439e-01	+6.960418e+00	
+2.954881e+00	+3.553919e+02	+1.041853e+01	+1.912576e-01	-1.442578e-01	+6.485233e-01	+6.968008e+00	
+2.956201e+00	+3.556278e+02	+1.046965e+01	+1.928366e-01	-1.429002e-01	+6.513032e-01	+6.975603e+00	
+2.957522e+00	+3.558637e+02	+1.052085e+01	+1.944219e-01	-1.415362e-01	+6.540836e-01	+6.983201e+00	
+2.958842e+00	+3.560995e+02	+1.057210e+01	+1.960136e-01	-1.401659e-01	+6.568646e-01	+6.990804e+00	
+2.960162e+00	+3.563353e+02	+1.062343e+01	+1.976117e-01	-1.387892e-01	+6.596461e-01	+6.998411e+00	
+2.961483e+00	+3.565711e+02	+1.067482e+01	+1.992161e-01	-1.374063e-01	+6.624281e-01	+7.006022e+00	
+2.962803e+00	+3.568069e+02	+1.072627e+01	+2.008269e-01	-1.360170e-01	+6.652107e-01	+7.013637e+00	
+2.964123e+00	+3.570426e+02	+1.077779e+01	+2.024439e-01	-1.346214e-01	+6.679939e-01	+7.021257e+00	
+2.965444e+00	+3.572784e+02	+1.082938e+01	+2.040673e-01	-1.332195e-01	+6.707776e-01	+7.028881e+00	
+2.966764e+00	+3.575141e+02	+1.088104e+01	+2.056971e-01	-1.318113e-01	+6.735618e-01	+7.036509e+00	
+2.968084e+00	+3.577497e+02	+1.093276e+01	+2.073331e-01	-1.303967e-01	+6.763466e-01	+7.044142e+00	
+2.969405e+00	+3.579854e+02	+1.098454e+01	+2.089754e-01	-1.289759e-01	+6.791319e-01	+7.051779e+00	
+2.970725e+00	+3.582210e+02	+1.103639e+01	+2.106241e-01	-1.275488e-01	+6.819177e-01	+7.059420e+00	
+2.972045e+00	+3.584566e+02	+1.108831e+01	+2.122790e-01	-1.261154e-01	+6.847041e-01	+7.067065e+00	
+2.973366e+00	+3.586922e+02	+1.114030e+01	+2.139402e-01	-1.246757e-01	+6.874910e-01	+7.074714e+00	
+2.974686e+00	+3.589278e+02	+1.119235e+01	+2.156078e-01	-1.232297e-01	+6.902785e-01	+7.082368e+00	
+2.976006e+00	+3.591633e+02	+1.124447e+01	+2.172816e-01	-1.217774e-01	+6.930665e-01	+7.090026e+00	
+2.977327e+00	+3.593988e+02	+1.129665e+01	+2.189616e-01	-1.203189e-01	+6.958550e-01	+7.097689e+00	
+2.978647e+00	+3.596343e+02	+1.134890e+01	+2.206480e-01	-1.188541e-01	+6.986441e-01	+7.105356e+00	
+2.979967e+00	+3.598698e+02	+1.140122e+01	+2.223406e-01	-1.173830e-01	+7.014337e-01	+7.113027e+00	
+2.981288e+00	+3.601052e+02	+1.145360e+01	+2.240395e-01	-1.159057e-01	+7.042239e-01	+7.120702e+00	
+2.982608e+00	+3.603406e+02	+1.150605e+01	+2.257446e-01	-1.144221e-01	+7.070146e-01	+7.128381e+00	
+2.983928e+00	+3.605760e+02	+1.155857e+01	+2.274559e-01	-1.129322e-01	+7.098058e-01	+7.136065e+00	
+2.985249e+00	+3.608114e+02	+1.161115e+01	+2.291735e-01	-1.114361e-01	+7.125976e-01	+7.143754e+00	
+2.986569e+00	+3.610468e+02	+1.166380e+01	+2.308974e-01	-1.099337e-01	+7.153899e-01	+7.151446e+00	
+2.987889e+00	+3.612821e+02	+1.171652e+01	+2.326275e-01	-1.084251e-01	+7.181827e-01	+7.159143e+00	
+2.989210e+00	+3.615174e+02	+1.176930e+01	+2.343638e-01	-1.069103e-01	+7.209761e-01	+7.166844e+00	
+2.990530e+00	+3.617527e+02	+1.182215e+01	+2.361063e-01	-1.053892e-01	+7.237700e-01	+7.174550e+00	
+2.991850e+00	+3.619879e+02	+1.187507e+01	+2.378550e-01	-1.038619e-01	+7.265645e-01	+7.182260e+00	
+2.993171e+00	+3.622232e+02	+1.192805e+01	+2.396100e-01	-1.023284e-01	+7.293594e-01	+7.189974e+00	
+2.994491e+00	+3.624584e+02	+1.198110e+01	+2.413711e-01	-1.007886e-01	+7.321549e-01	+7.197692e+00	
+2.995811e+00	+3.626936e+02	+1.203422e+01	+2.431384e-01	-9.924267e-02	+7.349510e-01	+7.205415e+00	
+2.997131e+00	+3.629287e+02	+1.208741e+01	+2.449120e-01	-9.769048e-02	+7.377476e-01	+7.213142e+00	
+2.998452e+00	+3.631639e+02	+1.214066e+01	+2.466917e-01	-9.613209e-02	+7.405447e-01	+7.220874e+00	
+2.999772e+00	+3.633990e+02	+1.219398e+01	+2.484776e-01	-9.456748e-02	+7.433423e-01	+7.228610e+00	
+3.001092e+00	+3.636341e+02	+1.224737e+01	+2.502697e-01	-9.299667e-02	+7.461405e-01	+7.236350e+00	
+3.002413e+00	+3.638692e+02	+1.230082e+01	+2.520679e-01	-9.141967e-02	+7.489392e-01	+7.244095e+00	
+3.003733e+00	+3.641042e+02	+1.235434e+01	+2.538724e-01	-8.983647e-02	+7.517384e-01	+7.251844e+00	
+3.005053e+00	+3.643392e+02	+1.240793e+01	+2.556829e-01	-8.824708e-02	+7.545382e-01	+7.259597e+00	
+3.006374e+00	+3.645742e+02	+1.246159e+01	+2.574997e-01	-8.665150e-02	+7.573385e-01	+7.267355e+00	
+3.007694e+00	+3.648092e+02	+1.251531e+01	+2.593226e-01	-8.504974e-02	+7.601393e-01	+7.275117e+00	
+3.009014e+00	+3.650442e+02	+1.256911e+01	+2.611516e-01	-8.344181e-02	+7.629407e-01	+7.282884e+00	
+3.010335e+00	+3.652791e+02	+1.262297e+01	+2.629868e-01	-8.182769e-02	+7.657426e-01	+7.290655e+00	
+3.011655e+00	+3.655140e+02	+1.267689e+01	+2.648281e-01	-8.020741e-02	+7.685450e-01	+7.298430e+00	
+3.012975e+00	+3.657489e+02	+1.273089e+01	+2.666755e-01	-7.858096e-02	+7.713480e-01	+7.306210e+00	
+3.014296e+00	+3.659838e+02	+1.278495e+01	+2.685290e-01	-7.694835e-02	+7.741514e-01	+7.313994e+00	
+3.015616e+00	+3.662186e+02	+1.283908e+01	+2.703887e-01	-7.530957e-02	+7.769555e-01	+7.321783e+00	
+3.016936e+00	+3.664534e+02	+1.289328e+01	+2.722545e-01	-7.366465e-02	+7.797600e-01	+7.329576e+00	
+3.018257e+00	+3.666882e+02	+1.294754e+01	+2.741264e-01	-7.201357e-02	+7.825651e-01	+7.337373e+00	
+3.019577e+00	+3.669230e+02	+1.300188e+01	+2.760044e-01	-7.035635e-02	+7.853706e-01	+7.345175e+00	
+3.020897e+00	+3.671577e+02	+1.305628e+01	+2.778885e-01	-6.869298e-02	+7.881768e-01	+7.352981e+00	
+3.022218e+00	+3.673924e+02	+1.311075e+01	+2.797786e-01	-6.702347e-02	+7.909834e-01	+7.360792e+00	
+3.023538e+00	+3.676271e+02	+1.316529e+01	+2.816749e-01	-6.534783e-02	+7.937906e-01	+7.368607e+00	
+3.024858e+00	+3.678618e+02	+1.321989e+01	+2.835773e-01	-6.366606e-02	+7.965983e-01	+7.376426e+00	
+3.026179e+00	+3.680965e+02	+1.327457e+01	+2.854857e-01	-6.197816e-02	+7.994065e-01	+7.384250e+00	
+3.027499e+00	+3.683311e+02	+1.332931e+01	+2.874002e-01	-6.028413e-02	+8.022153e-01	+7.392079e+00	
+3.028819e+00	+3.685657e+02	+1.338412e+01	+2.893207e-01	-5.858399e-02	+8.050245e-01	+7.399911e+00	
+3.030140e+00	+3.688003e+02	+1.343900e+01	+2.912474e-01	-5.687773e-02	+8.078343e-01	+7.407749e+00	
+3.031460e+00	+3.690348e+02	+1.349395e+01	+2.931800e-01	-5.516536e-02	+8.106447e-01	+7.415590e+00	
+3.032780e+00	+3.692694e+02	+1.354896e+01	+2.951188e-01	-5.344688e-02	+8.134555e-01	+7.423437e+00	
+3.034101e+00	+3.695039e+02	+1.360405e+01	+2.970636e-01	-5.172229e-02	+8.162669e-01	+7.431215e+00	
+3.035421e+00	+3.697383e+02	+1.365920e+01	+2.990148e-01	-4.999133e-02	+8.190787e-01	+7.438790e+00	
+3.036741e+00	+3.699728e+02	+1.371441e+01	+3.009725e-01	-4.825395e-02	+8.218909e-01	+7.446371e+00	
+3.038061e+00	+3.702072e+02	+1.376969e+01	+3.029367e-01	-4.651015e-02	+8.247036e-01	+7.453959e+00	
+3.039382e+00	+3.704417e+02	+1.382504e+01	+3.049073e-01	-4.475993e-02	+8.275167e-01	+7.461552e+00	
+3.040702e+00	+3.706761e+02	+1.388044e+01	+3.068844e-01	-4.300331e-02	+8.303302e-01	+7.469152e+00	
+3.042022e+00	+3.709104e+02	+1.393592e+01	+3.088679e-01	-4.124028e-02	+8.331441e-01	+7.476757e+00	
+3.043343e+00	+3.711448e+02	+1.399145e+01	+3.108578e-01	-3.947087e-02	+8.359584e-01	+7.484369e+00	
+3.044663e+00	+3.713791e+02	+1.404706e+01	+3.128542e-01	-3.769506e-02	+8.387732e-01	+7.491987e+00	
+3.045983e+00	+3.716134e+02	+1.410272e+01	+3.148570e-01	-3.591288e-02	+8.415884e-01	+7.499611e+00	
+3.047304e+00	+3.718477e+02	+1.415846e+01	+3.168661e-01	-3.412433e-02	+8.444040e-01	+7.507242e+00	
+3.048624e+00	+3.720819e+02	+1.421425e+01	+3.188817e-01	-3.232940e-02	+8.472200e-01	+7.514878e+00	
+3.049944e+00	+3.723161e+02	+1.427011e+01	+3.209037e-01	-3.052813e-02	+8.500365e-01	+7.522521e+00	
+3.051265e+00	+3.725503e+02	+1.432604e+01	+3.229320e-01	-2.872049e-02	+8.528533e-01	+7.530170e+00	
+3.052585e+00	+3.727845e+02	+1.438204e+01	+3.249667e-01	-2.690652e-02	+8.556706e-01	+7.537825e+00	
+3.053905e+00	+3.730187e+02	+1.443809e+01	+3.270078e-01	-2.508620e-02	+8.584884e-01	+7.545486e+00	
+3.055226e+00	+3.732528e+02	+1.449422e+01	+3.290552e-01	-2.325955e-02	+8.613065e-01	+7.553154e+00	
+3.056546e+00	+3.734869e+02	+1.455041e+01	+3.311089e-01	-2.142658e-02	+8.641251e-01	+7.560828e+00	
+3.057866e+00	+3.737210e+02	+1.460666e+01	+3.331690e-01	-1.958729e-02	+8.669441e-01	+7.568508e+00	
+3.059187e+00	+3.739550e+02	+1.466298e+01	+3.352354e-01	-1.774169e-02	+8.697635e-01	+7.576194e+00	
+3.060507e+00	+3.741891e+02	+1.471937e+01	+3.373082e-01	-1.588978e-02	+8.725834e-01	+7.583887e+00	
+3.061827e+00	+3.744231e+02	+1.477582e+01	+3.393872e-01	-1.403158e-02	+8.754037e-01	+7.591585e+00	
+3.063148e+00	+3.746571e+02	+1.483234e+01	+3.414725e-01	-1.216708e-02	+8.782244e-01	+7.599290e+00	
+3.064468e+00	+3.748910e+02	+1.488892e+01	+3.435642e-01	-1.029630e-02	+8.810455e-01	+7.607002e+00	
+3.065788e+00	+3.751250e+02	+1.494557e+01	+3.456621e-01	-8.419246e-03	+8.838671e-01	+7.614719e+00	
+3.067109e+00	+3.753589e+02	+1.500229e+01	+3.477663e-01	-6.535916e-03	+8.866891e-01	+7.622443e+00	
+3.068429e+00	+3.755928e+02	+1.505907e+01	+3.498767e-01	-4.646322e-03	+8.895116e-01	+7.630173e+00	
+3.069749e+00	+3.758266e+02	+1.511592e+01	+3.519934e-01	-2.750470e-03	+8.923344e-01	+7.637910e+00	
+3.071070e+00	+3.760605e+02	+1.517284e+01	+3.541164e-01	-8.483664e-04	+8.951577e-01	+7.645653e+00	
+3.072390e+00	+3.762943e+02	+1.522982e+01	+3.562456e-01	+1.059982e-03	+8.979815e-01	+7.653402e+00	
+3.073710e+00	+3.765281e+02	+1.528687e+01	+3.583810e-01	+2.974568e-03	+9.008056e-01	+7.661157e+00	
+3.075030e+00	+3.767619e+02	+1.534398e+01	+3.605226e-01	+4.895387e-03	+9.036302e-01	+7.668919e+00	
+3.076351e+00	+3.769956e+02	+1.540116e+01	+3.626705e-01	+6.822430e-03	+9.064553e-01	+7.676687e+00	
+3.077671e+00	+3.772294e+02	+1.545841e+01	+3.648246e-01	+8.755691e-03	+9.092807e-01	+7.684461e+00	
+3.078991e+00	+3.774631e+02	+1.551572e+01	+3.669848e-01	+1.069516e-02	+9.121066e-01	+7.692242e+00	
+3.080312e+00	+3.776967e+02	+1.557311e+01	+3.691513e-01	+1.264084e-02	+9.149330e-01	+7.700029e+00	
+3.081632e+00	+3.779304e+02	+1.563055e+01	+3.713240e-01	+1.459272e-02	+9.177598e-01	+7.707823e+00	
+3.082952e+00	+3.781640e+02	+1.568807e+01	+3.735028e-01	+1.655079e-02	+9.205870e-01	+7.715623e+00	
+3.084273e+00	+3.783976e+02	+1.574565e+01	+3.756877e-01	+1.851505e-02	+9.234146e-01	+7.723429e+00	
+3.085593e+00	+3.786312e+02	+1.580330e+01	+3.778789e-01	+2.048548e-02	+9.262427e-01	+7.731242e+00	
+3.086913e+00	+3.788648e+02	+1.586102e+01	+3.800762e-01	+2.246209e-02	+9.290713e-01	+7.739061e+00	
+3.088234e+00	+3.790983e+02	+1.591880e+01	+3.822796e-01	+2.444486e-02	+9.319002e-01	+7.746886e+00	
+3.089554e+00	+3.793318e+02	+1.597666e+01	+3.844892e-01	+2.643380e-02	+9.347296e-01	+7.754718e+00	
+3.090874e+00	+3.795653e+02	+1.603458e+01	+3.867048e-01	+2.842889e-02	+9.375595e-01	+7.762557e+00	
+3.092195e+00	+3.797988e+02	+1.609256e+01	+3.889266e-01	+3.043012e-02	+9.403898e-01	+7.770401e+00	
+3.093515e+00	+3.800322e+02	+1.615062e+01	+3.911546e-01	+3.243750e-02	+9.432205e-01	+7.778253e+00	
+3.094835e+00	+3.802656e+02	+1.620874e+01	+3.933886e-01	+3.445101e-02	+9.460517e-01	+7.786110e+00	
+3.096156e+00	+3.804990e+02	+1.626693e+01	+3.956287e-01	+3.647065e-02	+9.488833e-01	+7.793974e+00	
+3.097476e+00	+3.807324e+02	+1.632519e+01	+3.978748e-01	+3.849640e-02	+9.517154e-01	+7.801845e+00	
+3.098796e+00	+3.809657e+02	+1.638351e+01	+4.001271e-01	+4.052828e-02	+9.545479e-01	+7.809722e+00	
+3.100117e+00	+3.811990e+02	+1.644191e+01	+4.023854e-01	+4.256626e-02	+9.573808e-01	+7.817605e+00	
+3.101437e+00	+3.814323e+02	+1.650037e+01	+4.046498e-01	+4.461035e-02	+9.602142e-01	+7.825495e+00	
+3.102757e+00	+3.816656e+02	+1.655890e+01	+4.069203e-01	+4.666053e-02	+9.630481e-01	+7.833392e+00	
+3.104078e+00	+3.818989e+02	+1.661750e+01	+4.091967e-01	+4.871680e-02	+9.658824e-01	+7.841295e+00	
+3.105398e+00	+3.821321e+02	+1.667617e+01	+4.114793e-01	+5.077915e-02	+9.687171e-01	+7.849204e+00	
+3.106718e+00	+3.823653e+02	+1.673490e+01	+4.137678e-01	+5.284759e-02	+9.715523e-01	+7.857120e+00	
+3.108039e+00	+3.825985e+02	+1.679371e+01	+4.160624e-01	+5.492209e-02	+9.743879e-01	+7.865043e+00	
+3.109359e+00	+3.828316e+02	+1.685258e+01	+4.183629e-01	+5.700265e-02	+9.772240e-01	+7.872972e+00	
+3.110679e+00	+3.830648e+02	+1.691152e+01	+4.206695e-01	+5.908928e-02	+9.800605e-01	+7.880907e+00	
+3.112000e+00	+3.832979e+02	+1.697053e+01	+4.229821e-01	+6.118196e-02	+9.828975e-01	+7.888849e+00	
+3.113320e+00	+3.835309e+02	+1.702961e+01	+4.253006e-01	+6.328068e-02	+9.857349e-01	+7.896798e+00	
+3.114640e+00	+3.837640e+02	+1.708876e+01	+4.276252e-01	+6.538544e-02	+9.885728e-01	+7.904753e+00	
+3.115960e+00	+3.839970e+02	+1.714797e+01	+4.299557e-01	+6.749624e-02	+9.914111e-01	+7.912715e+00	
+3.117281e+00	+3.842300e+02	+1.720726e+01	+4.322922e-01	+6.961306e-02	+9.942499e-01	+7.920684e+00	
+3.118601e+00	+3.844630e+02	+1.726662e+01	+4.346346e-01	+7.173591e-02	+9.970891e-01	+7.928659e+00	
+3.119921e+00	+3.846960e+02	+1.732604e+01	+4.369830e-01	+7.386477e-02	+9.999288e-01	+7.936640e+00	
+3.121242e+00	+3.849289e+02	+1.738553e+01	+4.393373e-01	+7.599963e-02	+1.002769e+00	+7.944628e+00	
+3.122562e+00	+3.851618e+02	+1.744510e+01	+4.416976e-01	+7.814050e-02	+1.005610e+00	+7.952623e+00	
+3.123882e+00	+3.853947e+02	+1.750473e+01	+4.440638e-01	+8.028737e-02	+1.008451e+00	+7.960624e+00	
+3.125203e+00	+3.856276e+02	+1.756443e+01	+4.464359e-01	+8.244022e-02	+1.011292e+00	+7.968632e+00	
+3.126523e+00	+3.858604e+02	+1.762420e+01	+4.488139e-01	+8.459906e-02	+1.014134e+00	+7.976647e+00	
+3.127843e+00	+3.860932e+02	+1.768404e+01	+4.511978e-01	+8.676388e-02	+1.016976e+00	+7.984668e+00	
+3.129164e+00	+3.863260e+02	+1.774395e+01	+4.535876e-01	+8.893467e-02	+1.019819e+00	+7.992696e+00	
+3.130484e+00	+3.865588e+02	+1.780394e+01	+4.559833e-01	+9.111143e-02	+1.022663e+00	+8.000731e+00	
+3.131804e+00	+3.867915e+02	+1.786399e+01	+4.583848e-01	+9.329414e-02	+1.025506e+00	+8.008772e+00	
+3.133125e+00	+3.870243e+02	+1.792411e+01	+4.607923e-01	+9.548281e-02	+1.028351e+00	+8.016820e+00	
+3.134445e+00	+3.872570e+02	+1.798430e+01	+4.632056e-01	+9.767743e-02	+1.031195e+00	+8.024874e+00	
+3.135765e+00	+3.874896e+02	+1.804456e+01	+4.656247e-01	+9.987798e-02	+1.034041e+00	+8.032936e+00	
+3.137086e+00	+3.877223e+02	+1.810489e+01	+4.680498e-01	+1.020845e-01	+1.036886e+00	+8.041003e+00	
+3.138406e+00	+3.879549e+02	+1.816529e+01	+4.704806e-01	+1.042969e-01	+1.039732e+00	+8.049078e+00	
+3.139726e+00	+3.881875e+02	+1.822577e+01	+4.729173e-01	+1.065152e-01	+1.042579e+00	+8.057159e+00	
+3.141047e+00	+3.884201e+02	+1.828631e+01	+4.753598e-01	+1.087395e-01	+1.045426e+00	+8.065248e+00	
+3.142367e+00	+3.886526e+02	+1.834692e+01	+4.778081e-01	+1.109697e-01	+1.048273e+00	+8.073342e+00	
+3.143687e+00	+3.888852e+02	+1.840761e+01	+4.802623e-01	+1.132058e-01	+1.051121e+00	+8.081444e+00	
+3.145008e+00	+3.891177e+02	+1.846836e+01	+4.827222e-01	+1.154477e-01	+1.053970e+00	+8.089552e+00	
+3.146328e+00	+3.893501e+02	+1.852919e+01	+4.851879e-01	+1.176956e-01	+1.056819e+00	+8.097667e+00	
+3.147648e+00	+3.895826e+02	+1.859009e+01	+4.876595e-01	+1.199494e-01	+1.059668e+00	+8.105789e+00	
+3.148969e+00	+3.898150e+02	+1.865105e+01	+4.901368e-01	+1.222090e-01	+1.062518e+00	+8.113917e+00	
+3.150289e+00	+3.900474e+02	+1.871209e+01	+4.926198e-01	+1.244745e-01	+1.065368e+00	+8.122053e+00	
+3.151609e+00	+3.902798e+02	+1.877320e+01	+4.951087e-01	+1.267459e-01	+1.068219e+00	+8.130195e+00	
+3.152930e+00	+3.905122e+02	+1.883438e+01	+4.976033e-01	+1.290232e-01	+1.071070e+00	+8.138344e+00	
+3.154250e+00	+3.907445e+02	+1.889564e+01	+5.001036e-01	+1.313063e-01	+1.073921e+00	+8.146499e+00	
+3.155570e+00	+3.909768e+02	+1.895696e+01	+5.026097e-01	+1.335952e-01	+1.076774e+00	+8.154662e+00	
+3.156890e+00	+3.912091e+02	+1.901836e+01	+5.051215e-01	+1.358900e-01	+1.079626e+00	+8.162831e+00	
+3.158211e+00	+3.914414e+02	+1.907983e+01	+5.076391e-01	+1.381907e-01	+1.082479e+00	+8.171007e+00	
+3.159531e+00	+3.916736e+02	+1.914137e+01	+5.101624e-01	+1.404971e-01	+1.085333e+00	+8.179190e+00	
+3.160851e+00	+3.919058e+02	+1.920298e+01	+5.126914e-01	+1.428095e-01	+1.088187e+00	+8.187380e+00	
+3.162172e+00	+3.921380e+02	+1.926466e+01	+5.152261e-01	+1.451276e-01	+1.091041e+00	+8.195576e+00	
+3.163492e+00	+3.923702e+02	+1.932641e+01	+5.177665e-01	+1.474515e-01	+1.093896e+00	+8.203780e+00	
+3.164812e+00	+3.926023e+02	+1.938824e+01	+5.203126e-01	+1.497813e-01	+1.096752e+00	+8.211990e+00	
+3.166133e+00	+3.928344e+02	+1.945014e+01	+5.228644e-01	+1.521169e-01	+1.099608e+00	+8.220058e+00	
+3.167453e+00	+3.930665e+02	+1.951211e+01	+5.254224e-01	+1.544587e-01	+1.102464e+00	+8.227879e+00	
+3.168773e+00	+3.932986e+02	+1.957414e+01	+5.279867e-01	+1.568067e-01	+1.105320e+00	+8.235705e+00	
+3.170094e+00	+3.935306e+02	+1.963624e+01	+5.305572e-01	+1.591609e-01	+1.108177e+00	+8.243534e+00	
+3.171414e+00	+3.937626e+02	+1.969840e+01	+5.331340e-01	+1.615214e-01	+1.111035e+00	+8.251368e+00	
+3.172734e+00	+3.939946e+02	+1.976063e+01	+5.357169e-01	+1.638881e-01	+1.113892e+00	+8.259207e+00	
+3.174055e+00	+3.942266e+02	+1.982293e+01	+5.383061e-01	+1.662610e-01	+1.116750e+00	+8.267050e+00	
+3.175375e+00	+3.944585e+02	+1.988530e+01	+5.409015e-01	+1.686401e-01	+1.119608e+00	+8.274897e+00	
+3.176695e+00	+3.946905e+02	+1.994773e+01	+5.435031e-01	+1.710254e-01	+1.122467e+00	+8.282749e+00	
+3.178016e+00	+3.949223e+02	+2.001022e+01	+5.461109e-01	+1.734170e-01	+1.125326e+00	+8.290605e+00	
+3.179336e+00	+3.951542e+02	+2.007279e+01	+5.487249e-01	+1.758147e-01	+1.128185e+00	+8.298466e+00	
+3.180656e+00	+3.953861e+02	+2.013542e+01	+5.513451e-01	+1.782187e-01	+1.131045e+00	+8.306331e+00	
+3.181977e+00	+3.956179e+02	+2.019811e+01	+5.539715e-01	+1.806288e-01	+1.133905e+00	+8.314200e+00	
+3.183297e+00	+3.958497e+02	+2.026088e+01	+5.566041e-01	+1.830452e-01	+1.136765e+00	+8.322074e+00	
+3.184617e+00	+3.960815e+02	+2.032371e+01	+5.592429e-01	+1.854677e-01	+1.139626e+00	+8.329953e+00	
+3.185938e+00	+3.963132e+02	+2.038661e+01	+5.618878e-01	+1.878964e-01	+1.142487e+00	+8.337835e+00	
+3.187258e+00	+3.965449e+02	+2.044957e+01	+5.645389e-01	+1.903313e-01	+1.145348e+00	+8.345723e+00	
+3.188578e+00	+3.967767e+02	+2.051260e+01	+5.671962e-01	+1.927723e-01	+1.148209e+00	+8.353615e+00	
+3.189899e+00	+3.970083e+02	+2.057570e+01	+5.698596e-01	+1.952195e-01	+1.151071e+00	+8.361511e+00	
+3.191219e+00	+3.972400e+02	+2.063886e+01	+5.725292e-01	+1.976729e-01	+1.153934e+00	+8.369411e+00	
+3.192539e+00	+3.974716e+02	+2.070210e+01	+5.752049e-01	+2.001324e-01	+1.156796e+00	+8.377317e+00	
+3.193859e+00	+3.977032e+02	+2.076540e+01	+5.778868e-01	+2.025981e-01	+1.159659e+00	+8.385226e+00	
+3.195180e+00	+3.979348e+02	+2.082876e+01	+5.805748e-01	+2.050700e-01	+1.162523e+00	+8.393140e+00	
+3.196500e+00	+3.981664e+02	+2.089220e+01	+5.832690e-01	+2.075480e-01	+1.165386e+00	+8.401059e+00	
+3.197820e+00	+3.983979e+02	+2.095570e+01	+5.859693e-01	+2.100321e-01	+1.168250e+00	+8.408982e+00	
+3.199141e+00	+3.986294e+02	+2.101926e+01	+5.886757e-01	+2.125224e-01	+1.171114e+00	+8.416909e+00	
+3.200461e+00	+3.988609e+02	+2.108290e+01	+5.913882e-01	+2.150188e-01	+1.173979e+00	+8.424841e+00	
+3.201781e+00	+3.990924e+02	+2.114660e+01	+5.941068e-01	+2.175214e-01	+1.176844e+00	+8.432778e+00	
+3.203102e+00	+3.993238e+02	+2.121037e+01	+5.968316e-01	+2.200300e-01	+1.179709e+00	+8.440719e+00	
+3.204422e+00	+3.995552e+02	+2.127421e+01	+5.995624e-01	+2.225448e-01	+1.182575e+00	+8.448664e+00	
+3.205742e+00	+3.997866e+02	+2.133812e+01	+6.022994e-01	+2.250658e-01	+1.185441e+00	+8.456614e+00	
+3.207063e+00	+4.000180e+02	+2.140209e+01	+6.050425e-01	+2.275928e-01	+1.188307e+00	+8.464569e+00	
+3.208383e+00	+4.002493e+02	+2.146613e+01	+6.077916e-01	+2.301259e-01	+1.191174e+00	+8.472528e+00	
+3.209703e+00	+4.004806e+02	+2.153024e+01	+6.105468e-01	+2.326652e-01	+1.194041e+00	+8.480491e+00	
+3.211024e+00	+4.007119e+02	+2.159441e+01	+6.133081e-01	+2.352105e-01	+1.196908e+00	+8.488459e+00	
+3.212344e+00	+4.009432e+02	+2.165866e+01	+6.160755e-01	+2.377619e-01	+1.199776e+00	+8.496432e+00	
+3.213664e+00	+4.011744e+02	+2.172297e+01	+6.188490e-01	+2.403195e-01	+1.202644e+00	+8.504409e+00	
+3.214985e+00	+4.014056e+02	+2.178735e+01	+6.216285e-01	+2.428831e-01	+1.205512e+00	+8.512390e+00	
+3.216305e+00	+4.016368e+02	+2.185180e+01	+6.244141e-01	+2.454528e-01	+1.208380e+00	+8.520376e+00	
+3.217625e+00	+4.018680e+02	+2.191631e+01	+6.272057e-01	+2.480286e-01	+1.211249e+00	+8.528367e+00	
+3.218946e+00	+4.020992e+02	+2.198089e+01	+6.300034e-01	+2.506104e-01	+1.214119e+00	+8.536362e+00	
+3.220266e+00	+4.023303e+02	+2.204555e+01	+6.328072e-01	+2.531984e-01	+1.216988e+00	+8.544361e+00	
+3.221586e+00	+4.025614e+02	+2.211027e+01	+6.356170e-01	+2.557924e-01	+1.219858e+00	+8.552366e+00	
+3.222907e+00	+4.027924e+02	+2.217505e+01	+6.384328e-01	+2.583924e-01	+1.222729e+00	+8.560374e+00	
+3.224227e+00	+4.030235e+02	+2.223991e+01	+6.412546e-01	+2.609986e-01	+1.225599e+00	+8.568387e+00	
+3.225547e+00	+4.032545e+02	+2.230483e+01	+6.440825e-01	+2.636108e-01	+1.228470e+00	+8.576405e+00	
+3.226868e+00	+4.034855e+02	+2.236983e+01	+6.469164e-01	+2.662290e-01	+1.231342e+00	+8.584428e+00	
+3.228188e+00	+4.037165e+02	+2.243489e+01	+6.497563e-01	+2.688533e-01	+1.234213e+00	+8.592454e+00	
+3.229508e+00	+4.039475e+02	+2.250002e+01	+6.526023e-01	+2.714836e-01	+1.237085e+00	+8.600486e+00	
+3.230829e+00	+4.041784e+02	+2.256521e+01	+6.554542e-01	+2.741200e-01	+1.239957e+00	+8.608522e+00	
+3.232149e+00	+4.044093e+02	+2.263048e+01	+6.583121e-01	+2.767624e-01	+1.242830e+00	+8.616562e+00	
+3.233469e+00	+4.046402e+02	+2.269581e+01	+6.611761e-01	+2.794108e-01	+1.245703e+00	+8.624607e+00	
+3.234789e+00	+4.048710e+02	+2.276122e+01	+6.640460e-01	+2.820652e-01	+1.248576e+00	+8.632657e+00	
+3.236110e+00	+4.051019e+02	+2.282669e+01	+6.669219e-01	+2.847257e-01	+1.251450e+00	+8.640711e+00	
+3.237430e+00	+4.053327e+02	+2.289223e+01	+6.698038e-01	+2.873922e-01	+1.254324e+00	+8.648770e+00	
+3.238750e+00	+4.055635e+02	+2.295784e+01	+6.726917e-01	+2.900647e-01	+1.257198e+00	+8.656833e+00	
+3.240071e+00	+4.057942e+02	+2.302352e+01	+6.755856e-01	+2.927433e-01	+1.260073e+00	+8.664901e+00	
+3.241391e+00	+4.060249e+02	+2.308926e+01	+6.784854e-01	+2.954278e-01	+1.262948e+00	+8.672974e+00	
+3.242711e+00	+4.062556e+02	+2.315508e+01	+6.813913e-01	+2.981183e-01	+1.265823e+00	+8.681065e+00	
+3.244032e+00	+4.064863e+02	+2.322097e+01	+6.843031e-01	+3.008149e-01	+1.268699e+00	+8.689167e+00	
+3.245352e+00	+4.067170e+02	+2.328692e+01	+6.872210e-01	+3.035174e-01	+1.271575e+00	+8.697273e+00	
+3.246672e+00	+4.069476e+02	+2.335294e+01	+6.901449e-01	+3.062259e-01	+1.274451e+00	+8.705384e+00	
+3.247993e+00	+4.071782e+02	+2.341904e+01	+6.930748e-01	+3.089403e-01	+1.277328e+00	+8.713499e+00	
+3.249313e+00	+4.074087e+02	+2.348520e+01	+6.960108e-01	+3.116608e-01	+1.280205e+00	+8.721619e+00	
+3.250633e+00	+4.076393e+02	+2.355143e+01	+6.989527e-01	+3.143872e-01	+1.283082e+00	+8.729743e+00	
+3.251954e+00	+4.078698e+02	+2.361774e+01	+7.019006e-01	+3.171195e-01	+1.285960e+00	+8.737872e+00	
+3.253274e+00	+4.081003e+02	+2.368411e+01	+7.048546e-01	+3.198578e-01	+1.288838e+00	+8.746005e+00	
+3.254594e+00	+4.083308e+02	+2.375055e+01	+7.078145e-01	+3.226021e-01	+1.291717e+00	+8.754143e+00	
+3.255915e+00	+4.085612e+02	+2.381706e+01	+7.107804e-01	+3.253523e-01	+1.294595e+00	+8.762285e+00	
+3.257235e+00	+4.087916e+02	+2.388364e+01	+7.137523e-01	+3.281085e-01	+1.297474e+00	+8.770432e+00	
+3.258555e+00	+4.090220e+02	+2.395029e+01	+7.167301e-01	+3.308706e-01	+1.300354e+00	+8.778583e+00	
+3.259876e+00	+4.092524e+02	+2.401701e+01	+7.197139e-01	+3.336386e-01	+1.303233e+00	+8.786739e+00	
+3.261196e+00	+4.094828e+02	+2.408380e+01	+7.227037e-01	+3.364126e-01	+1.306114e+00	+8.794899e+00	
+3.262516e+00	+4.097131e+02	+2.415066e+01	+7.256994e-01	+3.391925e-01	+1.308994e+00	+8.803064e+00	
+3.263837e+00	+4.099434e+02	+2.421759e+01	+7.287011e-01	+3.419783e-01	+1.311875e+00	+8.811233e+00	
+3.265157e+00	+4.101737e+02	+2.428459e+01	+7.317088e-01	+3.447700e-01	+1.314756e+00	+8.819407e+00	
+3.266477e+00	+4.104039e+02	+2.435166e+01	+7.347224e-01	+3.475677e-01	+1.317637e+00	+8.827586e+00	
+3.267798e+00	+4.106341e+02	+2.441880e+01	+7.377419e-01	+3.503712e-01	+1.320519e+00	+8.835769e+00	
+3.269118e+00	+4.108643e+02	+2.448601e+01	+7.407673e-01	+3.531807e-01	+1.323401e+00	+8.843956e+00	
+3.270438e+00	+4.110945e+02	+2.455329e+01	+7.437987e-01	+3.559961e-01	+1.326284e+00	+8.852149e+00	
+3.271759e+00	+4.113247e+02	+2.462064e+01	+7.468360e-01	+3.588174e-01	+1.329167e+00	+8.860345e+00	
+3.273079e+00	+4.115548e+02	+2.468806e+01	+7.498792e-01	+3.616446e-01	+1.332050e+00	+8.868547e+00	
+3.274399e+00	+4.117849e+02	+2.475555e+01	+7.529284e-01	+3.644777e-01	+1.334933e+00	+8.876752e+00	
+3.275719e+00	+4.120150e+02	+2.482312e+01	+7.559834e-01	+3.673166e-01	+1.337817e+00	+8.884963e+00	
+3.277040e+00	+4.122450e+02	+2.489075e+01	+7.590444e-01	+3.701615e-01	+1.340701e+00	+8.893178e+00	
+3.278360e+00	+4.124751e+02	+2.495845e+01	+7.621112e-01	+3.730122e-01	+1.343586e+00	+8.901397e+00	
+3.279680e+00	+4.127051e+02	+2.502622e+01	+7.651840e-01	+3.758689e-01	+1.346471e+00	+8.909621e+00	
+3.281001e+00	+4.129350e+02	+2.509407e+01	+7.682626e-01	+3.787314e-01	+1.349356e+00	+8.917850e+00	
+3.282321e+00	+4.131650e+02	+2.516198e+01	+7.713471e-01	+3.815997e-01	+1.352241e+00	+8.926083e+00	
+3.283641e+00	+4.133949e+02	+2.522997e+01	+7.744375e-01	+3.844740e-01	+1.355127e+00	+8.934321e+00	
+3.284962e+00	+4.136248e+02	+2.529803e+01	+7.775338e-01	+3.873541e-01	+1.358014e+00	+8.942564e+00	
+3.286282e+00	+4.138547e+02	+2.536615e+01	+7.806359e-01	+3.902400e-01	+1.360900e+00	+8.950811e+00	
+3.287602e+00	+4.140846e+02	+2.543435e+01	+7.837439e-01	+3.931318e-01	+1.363787e+00	+8.959063e+00	
+3.288923e+00	+4.143144e+02	+2.550262e+01	+7.868578e-01	+3.960295e-01	+1.366674e+00	+8.967319e+00	
+3.290243e+00	+4.145442e+02	+2.557096e+01	+7.899775e-01	+3.989330e-01	+1.369562e+00	+8.975580e+00	
+3.291563e+00	+4.147740e+02	+2.563937e+01	+7.931031e-01	+4.018424e-01	+1.372450e+00	+8.983845e+00	
+3.292884e+00	+4.150038e+02	+2.570785e+01	+7.962345e-01	+4.047576e-01	+1.375338e+00	+8.992115e+00	
+3.294204e+00	+4.152335e+02	+2.577641e+01	+7.993717e-01	+4.076786e-01	+1.378227e+00	+9.000390e+00	
+3.295524e+00	+4.154632e+02	+2.584503e+01	+8.025148e-01	+4.106055e-01	+1.381116e+00	+9.008670e+00	
+3.296845e+00	+4.156929e+02	+2.591373e+01	+8.056637e-01	+4.135382e-01	+1.384005e+00	+9.016954e+00	
+3.298165e+00	+4.159226e+02	+2.598249e+01	+8.088185e-01	+4.164768e-01	+1.386895e+00	+9.025242e+00	
+3.299485e+00	+4.161522e+02	+2.605133e+01	+8.119790e-01	+4.194211e-01	+1.389785e+00	+9.033536e+00	
+3.300806e+00	+4.163818e+02	+2.612024e+01	+8.151454e-01	+4.223713e-01	+1.392675e+00	+9.041834e+00	
+3.302126e+00	+4.166114e+02	+2.618922e+01	+8.183176e-01	+4.253273e-01	+1.395566e+00	+9.050136e+00	
+3.303446e+00	+4.168410e+02	+2.625827e+01	+8.214956e-01	+4.282891e-01	+1.398457e+00	+9.058443e+00	
+3.304767e+00	+4.170705e+02	+2.632740e+01	+8.246794e-01	+4.312567e-01	+1.401348e+00	+9.066755e+00	
+3.306087e+00	+4.173000e+02	+2.639659e+01	+8.278690e-01	+4.342301e-01	+1.404240e+00	+9.075072e+00	
+3.307407e+00	+4.175295e+02	+2.646586e+01	+8.310644e-01	+4.372094e-01	+1.407132e+00	+9.083393e+00	
+3.308728e+00	+4.177590e+02	+2.653520e+01	+8.342656e-01	+4.401944e-01	+1.410024e+00	+9.091719e+00	
+3.310048e+00	+4.179884e+02	+2.660461e+01	+8.374726e-01	+4.431852e-01	+1.412917e+00	+9.100049e+00	
+3.311368e+00	+4.182178e+02	+2.667409e+01	+8.406853e-01	+4.461818e-01	+1.415810e+00	+9.108385e+00	
+3.312688e+00	+4.184472e+02	+2.674364e+01	+8.439038e-01	+4.491842e-01	+1.418703e+00	+9.116724e+00	
+3.314009e+00	+4.186766e+02	+2.681327e+01	+8.471281e-01	+4.521923e-01	+1.421597e+00	+9.125069e+00	
+3.315329e+00	+4.189059e+02	+2.688297e+01	+8.503582e-01	+4.552063e-01	+1.424491e+00	+9.133418e+00	
+3.316649e+00	+4.191352e+02	+2.695274e+01	+8.535940e-01	+4.582260e-01	+1.427385e+00	+9.141772e+00	
+3.317970e+00	+4.193645e+02	+2.702258e+01	+8.568355e-01	+4.612515e-01	+1.430280e+00	+9.150131e+00	
+3.319290e+00	+4.195938e+02	+2.709249e+01	+8.600829e-01	+4.642827e-01	+1.433175e+00	+9.158494e+00	
+3.320610e+00	+4.198231e+02	+2.716248e+01	+8.633359e-01	+4.673198e-01	+1.436071e+00	+9.166862e+00	
+3.321931e+00	+4.200523e+02	+2.723254e+01	+8.665947e-01	+4.703626e-01	+1.438967e+00	+9.175235e+00	
+3.323251e+00	+4.202815e+02	+2.730267e+01	+8.698593e-01	+4.734111e-01	+1.441863e+00	+9.183612e+00	
+3.324571e+00	+4.205106e+02	+2.737287e+01	+8.731295e-01	+4.764654e-01	+1.444759e+00	+9.191994e+00	
+3.325892e+00	+4.207398e+02	+2.744315e+01	+8.764055e-01	+4.795254e-01	+1.447656e+00	+9.200381e+00	
+3.327212e+00	+4.209689e+02	+2.751350e+01	+8.796873e-01	+4.825912e-01	+1.450553e+00	+9.208772e+00	
+3.328532e+00	+4.211980e+02	+2.758392e+01	+8.829747e-01	+4.856628e-01	+1.453451e+00	+9.217169e+00	
+3.329853e+00	+4.214271e+02	+2.765441e+01	+8.862679e-01	+4.887400e-01	+1.456348e+00	+9.225570e+00	
+3.331173e+00	+4.216561e+02	+2.772497e+01	+8.895667e-01	+4.918230e-01	+1.459247e+00	+9.233975e+00	
+3.332493e+00	+4.218852e+02	+2.779561e+01	+8.928713e-01	+4.949118e-01	+1.462145e+00	+9.242386e+00	
+3.333814e+00	+4.221142e+02	+2.786632e+01	+8.961816e-01	+4.980062e-01	+1.465044e+00	+9.250801e+00	
+3.335134e+00	+4.223431e+02	+2.793711e+01	+8.994975e-01	+5.011064e-01	+1.467943e+00	+9.259221e+00	
+3.336454e+00	+4.225721e+02	+2.800796e+01	+9.028192e-01	+5.042123e-01	+1.470843e+00	+9.267645e+00	
+3.337775e+00	+4.228010e+02	+2.807889e+01	+9.061465e-01	+5.073239e-01	+1.473743e+00	+9.276075e+00	
+3.339095e+00	+4.230299e+02	+2.814989e+01	+9.094795e-01	+5.104413e-01	+1.476643e+00	+9.284509e+00	
+3.340415e+00	+4.232588e+02	+2.822097e+01	+9.128182e-01	+5.135643e-01	+1.479543e+00	+9.292948e+00	
+3.341736e+00	+4.234877e+02	+2.829211e+01	+9.161626e-01	+5.166931e-01	+1.482444e+00	+9.301391e+00	
+3.343056e+00	+4.237165e+02	+2.836333e+01	+9.195126e-01	+5.198275e-01	+1.485345e+00	+9.309839e+00	
+3.344376e+00	+4.239453e+02	+2.843463e+01	+9.228683e-01	+5.229677e-01	+1.488247e+00	+9.318293e+00	
+3.345697e+00	+4.241741e+02	+2.850599e+01	+9.262297e-01	+5.261135e-01	+1.491149e+00	+9.326750e+00	
+3.347017e+00	+4.244028e+02	+2.857743e+01	+9.295967e-01	+5.292651e-01	+1.494051e+00	+9.335213e+00	
+3.348337e+00	+4.246316e+02	+2.864895e+01	+9.329693e-01	+5.324223e-01	+1.496954e+00	+9.343681e+00	
+3.349658e+00	+4.248603e+02	+2.872053e+01	+9.363476e-01	+5.355852e-01	+1.499857e+00	+9.352153e+00	
+3.350978e+00	+4.250890e+02	+2.879219e+01	+9.397316e-01	+5.387538e-01	+1.502760e+00	+9.360630e+00	
+3.352298e+00	+4.253176e+02	+2.886393e+01	+9.431212e-01	+5.419281e-01	+1.505664e+00	+9.369111e+00	
+3.353618e+00	+4.255463e+02	+2.893573e+01	+9.465164e-01	+5.451080e-01	+1.508568e+00	+9.377598e+00	
+3.354939e+00	+4.257749e+02	+2.900761e+01	+9.499172e-01	+5.482937e-01	+1.511472e+00	+9.386089e+00	
+3.356259e+00	+4.260034e+02	+2.907957e+01	+9.533237e-01	+5.514849e-01	+1.514377e+00	+9.394585e+00	
+3.357579e+00	+4.262320e+02	+2.915159e+01	+9.567357e-01	+5.546819e-01	+1.517282e+00	+9.403086e+00	
+3.358900e+00	+4.264605e+02	+2.922370e+01	+9.601534e-01	+5.578845e-01	+1.520187e+00	+9.411592e+00	
+3.360220e+00	+4.266891e+02	+2.929587e+01	+9.635767e-01	+5.610928e-01	+1.523093e+00	+9.420103e+00	
+3.361540e+00	+4.269175e+02	+2.936812e+01	+9.670056e-01	+5.643067e-01	+1.525999e+00	+9.428618e+00	
+3.362861e+00	+4.271460e+02	+2.944044e+01	+9.704402e-01	+5.675262e-01	+1.528905e+00	+9.437138e+00	
+3.364181e+00	+4.273744e+02	+2.951284e+01	+9.738803e-01	+5.707515e-01	+1.531812e+00	+9.445663e+00	
+3.365501e+00	+4.276029e+02	+2.958531e+01	+9.773259e-01	+5.739823e-01	+1.534719e+00	+9.454193e+00	
+3.366822e+00	+4.278313e+02	+2.965785e+01	+9.807772e-01	+5.772188e-01	+1.537626e+00	+9.462727e+00	
+3.368142e+00	+4.280596e+02	+2.973047e+01	+9.842341e-01	+5.804609e-01	+1.540534e+00	+9.471267e+00	
+3.369462e+00	+4.282880e+02	+2.980316e+01	+9.876965e-01	+5.837087e-01	+1.543442e+00	+9.479811e+00	
+3.370783e+00	+4.285163e+02	+2.987593e+01	+9.911645e-01	+5.869621e-01	+1.546351e+00	+9.488360e+00	
+3.372103e+00	+4.287446e+02	+2.994877e+01	+9.946381e-01	+5.902211e-01	+1.549259e+00	+9.496914e+00	
+3.373423e+00	+4.289728e+02	+3.002168e+01	+9.981173e-01	+5.934857e-01	+1.552169e+00	+9.505473e+00	
+3.374744e+00	+4.292011e+02	+3.009467e+01	+1.001602e+00	+5.967560e-01	+1.555078e+00	+9.514036e+00	
+3.376064e+00	+4.294293e+02	+3.016774e+01	+1.005092e+00	+6.000318e-01	+1.557988e+00	+9.522605e+00	
+3.377384e+00	+4.296575e+02	+3.024087e+01	+1.008588e+00	+6.033133e-01	+1.560898e+00	+9.531178e+00	
+3.378705e+00	+4.298857e+02	+3.031409e+01	+1.012089e+00	+6.066004e-01	+1.563808e+00	+9.539756e+00	
+3.380025e+00	+4.301138e+02	+3.038737e+01	+1.015596e+00	+6.098930e-01	+1.566719e+00	+9.548339e+00	
+3.381345e+00	+4.303419e+02	+3.046073e+01	+1.019109e+00	+6.131913e-01	+1.569631e+00	+9.556927e+00	
+3.382666e+00	+4.305700e+02	+3.053417e+01	+1.022627e+00	+6.164952e-01	+1.572542e+00	+9.565520e+00	
+3.383986e+00	+4.307981e+02	+3.060768e+01	+1.026150e+00	+6.198047e-01	+1.575454e+00	+9.574118e+00	
+3.385306e+00	+4.310261e+02	+3.068127e+01	+1.029679e+00	+6.231197e-01	+1.578366e+00	+9.582720e+00	
+3.386627e+00	+4.312542e+02	+3.075493e+01	+1.033214e+00	+6.264404e-01	+1.581279e+00	+9.591327e+00	
+3.387947e+00	+4.314822e+02	+3.082866e+01	+1.036754e+00	+6.297666e-01	+1.584192e+00	+9.599940e+00	
+3.389267e+00	+4.317101e+02	+3.090247e+01	+1.040299e+00	+6.330984e-01	+1.587105e+00	+9.608557e+00	
+3.390588e+00	+4.319381e+02	+3.097636e+01	+1.043851e+00	+6.364358e-01	+1.590018e+00	+9.617179e+00	
+3.391908e+00	+4.321660e+02	+3.105032e+01	+1.047407e+00	+6.397788e-01	+1.592932e+00	+9.625806e+00	
+3.393228e+00	+4.323939e+02	+3.112435e+01	+1.050969e+00	+6.431273e-01	+1.595847e+00	+9.634437e+00	
+3.394548e+00	+4.326218e+02	+3.119846e+01	+1.054537e+00	+6.464814e-01	+1.598761e+00	+9.643074e+00	
+3.395869e+00	+4.328496e+02	+3.127265e+01	+1.058110e+00	+6.498411e-01	+1.601676e+00	+9.651716e+00	
+3.397189e+00	+4.330775e+02	+3.134691e+01	+1.061688e+00	+6.532063e-01	+1.604591e+00	+9.660362e+00	
+3.398509e+00	+4.333053e+02	+3.142124e+01	+1.065273e+00	+6.565770e-01	+1.607507e+00	+9.669013e+00	
+3.399830e+00	+4.335331e+02	+3.149565e+01	+1.068862e+00	+6.599534e-01	+1.610423e+00	+9.677670e+00	
+3.401150e+00	+4.337608e+02	+3.157014e+01	+1.072457e+00	+6.633352e-01	+1.613339e+00	+9.686331e+00	
+3.402470e+00	+4.339885e+02	+3.164470e+01	+1.076058e+00	+6.667226e-01	+1.616256e+00	+9.694997e+00	
+3.403791e+00	+4.342162e+02	+3.171934e+01	+1.079663e+00	+6.701156e-01	+1.619173e+00	+9.703668e+00	
+3.405111e+00	+4.344439e+02	+3.179405e+01	+1.083275e+00	+6.735141e-01	+1.622091e+00	+9.712344e+00	
+3.406431e+00	+4.346716e+02	+3.186884e+01	+1.086892e+00	+6.769181e-01	+1.625008e+00	+9.721025e+00	
+3.407752e+00	+4.348992e+02	+3.194371e+01	+1.090514e+00	+6.803277e-01	+1.627926e+00	+9.729711e+00	
+3.409072e+00	+4.351268e+02	+3.201865e+01	+1.094142e+00	+6.837428e-01	+1.630845e+00	+9.738402e+00	
+3.410392e+00	+4.353544e+02	+3.209366e+01	+1.097775e+00	+6.871634e-01	+1.633763e+00	+9.747097e+00	
+3.411713e+00	+4.355820e+02	+3.216875e+01	+1.101414e+00	+6.905895e-01	+1.636683e+00	+9.755798e+00	
+3.413033e+00	+4.358095e+02	+3.224392e+01	+1.105058e+00	+6.940212e-01	+1.639602e+00	+9.764504e+00	
+3.414353e+00	+4.360370e+02	+3.231917e+01	+1.108707e+00	+6.974583e-01	+1.642522e+00	+9.773214e+00	
+3.415674e+00	+4.362645e+02	+3.239448e+01	+1.112362e+00	+7.009010e-01	+1.645442e+00	+9.781930e+00	
+3.416994e+00	+4.364919e+02	+3.246988e+01	+1.116022e+00	+7.043492e-01	+1.648362e+00	+9.790650e+00	
+3.418314e+00	+4.367194e+02	+3.254535e+01	+1.119688e+00	+7.078029e-01	+1.651283e+00	+9.799376e+00	
+3.419635e+00	+4.369468e+02	+3.262090e+01	+1.123359e+00	+7.112621e-01	+1.654204e+00	+9.808106e+00	
+3.420955e+00	+4.371742e+02	+3.269652e+01	+1.127036e+00	+7.147268e-01	+1.657126e+00	+9.816842e+00	
+3.422275e+00	+4.374015e+02	+3.277222e+01	+1.130718e+00	+7.181969e-01	+1.660048e+00	+9.825582e+00	
+3.423596e+00	+4.376289e+02	+3.284800e+01	+1.134405e+00	+7.216726e-01	+1.662970e+00	+9.834327e+00	
+3.424916e+00	+4.378562e+02	+3.292385e+01	+1.138098e+00	+7.251538e-01	+1.665892e+00	+9.843078e+00	
+3.426236e+00	+4.380835e+02	+3.299978e+01	+1.141796e+00	+7.286404e-01	+1.668815e+00	+9.851833e+00	
+3.427557e+00	+4.383107e+02	+3.307579e+01	+1.145500e+00	+7.321325e-01	+1.671739e+00	+9.860593e+00	
+3.428877e+00	+4.385380e+02	+3.315187e+01	+1.149209e+00	+7.356301e-01	+1.674662e+00	+9.869358e+00	
+3.430197e+00	+4.387652e+02	+3.322803e+01	+1.152923e+00	+7.391333e-01	+1.677586e+00	+9.877842e+00	
+3.431517e+00	+4.389924e+02	+3.330426e+01	+1.156644e+00	+7.426424e-01	+1.680510e+00	+9.886117e+00	
+3.432838e+00	+4.392195e+02	+3.338056e+01	+1.160370e+00	+7.461575e-01	+1.683434e+00	+9.894397e+00	
+3.434158e+00	+4.394467e+02	+3.345692e+01	+1.164103e+00	+7.496785e-01	+1.686359e+00	+9.902683e+00	
+3.435478e+00	+4.396738e+02	+3.353336e+01	+1.167841e+00	+7.532054e-01	+1.689284e+00	+9.910974e+00	
+3.436799e+00	+4.399009e+02	+3.360986e+01	+1.171586e+00	+7.567383e-01	+1.692209e+00	+9.919269e+00	
+3.438119e+00	+4.401280e+02	+3.368643e+01	+1.175336e+00	+7.602771e-01	+1.695134e+00	+9.927570e+00	
+3.439439e+00	+4.403550e+02	+3.376308e+01	+1.179093e+00	+7.638219e-01	+1.698059e+00	+9.935876e+00	
+3.440760e+00	+4.405820e+02	+3.383979e+01	+1.182855e+00	+7.673726e-01	+1.700984e+00	+9.944187e+00	
+3.442080e+00	+4.408090e+02	+3.391657e+01	+1.186623e+00	+7.709292e-01	+1.703910e+00	+9.952504e+00	
+3.443400e+00	+4.410360e+02	+3.399342e+01	+1.190397e+00	+7.744918e-01	+1.706836e+00	+9.960825e+00	
+3.444721e+00	+4.412629e+02	+3.407034e+01	+1.194178e+00	+7.780603e-01	+1.709762e+00	+9.969152e+00	
+3.446041e+00	+4.414898e+02	+3.414733e+01	+1.197964e+00	+7.816346e-01	+1.712688e+00	+9.977484e+00	
+3.447361e+00	+4.417167e+02	+3.422439e+01	+1.201756e+00	+7.852149e-01	+1.715615e+00	+9.985821e+00	
+3.448682e+00	+4.419436e+02	+3.430152e+01	+1.205554e+00	+7.888011e-01	+1.718542e+00	+9.994163e+00	
+3.450002e+00	+4.421705e+02	+3.437872e+01	+1.209358e+00	+7.923932e-01	+1.721469e+00	+1.000251e+01	
+3.451322e+00	+4.423973e+02	+3.445599e+01	+1.213168e+00	+7.959912e-01	+1.724396e+00	+1.001086e+01	
+3.452643e+00	+4.426241e+02	+3.453333e+01	+1.216983e+00	+7.995950e-01	+1.727323e+00	+1.001922e+01	
+3.453963e+00	+4.428509e+02	+3.461074e+01	+1.220805e+00	+8.032048e-01	+1.730251e+00	+1.002758e+01	
+3.455283e+00	+4.430776e+02	+3.468822e+01	+1.224632e+00	+8.068204e-01	+1.733178e+00	+1.003595e+01	
+3.456604e+00	+4.433043e+02	+3.476577e+01	+1.228466e+00	+8.104419e-01	+1.736106e+00	+1.004433e+01	
+3.457924e+00	+4.435310e+02	+3.484339e+01	+1.232305e+00	+8.140693e-01	+1.739034e+00	+1.005270e+01	
+3.459244e+00	+4.437577e+02	+3.492108e+01	+1.236150e+00	+8.177026e-01	+1.741963e+00	+1.006109e+01	
+3.460565e+00	+4.439844e+02	+3.499884e+01	+1.240002e+00	+8.213417e-01	+1.744891e+00	+1.006948e+01	
+3.461885e+00	+4.442110e+02	+3.507667e+01	+1.243859e+00	+8.249866e-01	+1.747820e+00	+1.007787e+01	
+3.463205e+00	+4.444376e+02	+3.515457e+01	+1.247721e+00	+8.286374e-01	+1.750749e+00	+1.008627e+01	
+3.464526e+00	+4.446642e+02	+3.523254e+01	+1.251590e+00	+8.322941e-01	+1.753678e+00	+1.009468e+01	
+3.465846e+00	+4.448907e+02	+3.531058e+01	+1.255465e+00	+8.359566e-01	+1.756608e+00	+1.010309e+01	
+3.467166e+00	+4.451173e+02	+3.538869e+01	+1.259345e+00	+8.396250e-01	+1.759537e+00	+1.011150e+01	
+3.468487e+00	+4.453438e+02	+3.546687e+01	+1.263231e+00	+8.432992e-01	+1.762467e+00	+1.011992e+01	
+3.469807e+00	+4.455702e+02	+3.554513e+01	+1.267123e+00	+8.469792e-01	+1.765397e+00	+1.012835e+01	
+3.471127e+00	+4.457967e+02	+3.562345e+01	+1.271021e+00	+8.506650e-01	+1.768327e+00	+1.013678e+01	
+3.472447e+00	+4.460231e+02	+3.570184e+01	+1.274925e+00	+8.543567e-01	+1.771258e+00	+1.014522e+01	
+3.473768e+00	+4.462495e+02	+3.578031e+01	+1.278835e+00	+8.580542e-01	+1.774188e+00	+1.015366e+01	
+3.475088e+00	+4.464759e+02	+3.585885e+01	+1.282750e+00	+8.617575e-01	+1.777119e+00	+1.016210e+01	
+3.476408e+00	+4.467023e+02	+3.593745e+01	+1.286671e+00	+8.654666e-01	+1.780050e+00	+1.017056e+01	
+3.477729e+00	+4.469286e+02	+3.601613e+01	+1.290598e+00	+8.691815e-01	+1.782981e+00	+1.017901e+01	
+3.479049e+00	+4.471549e+02	+3.609488e+01	+1.294531e+00	+8.729022e-01	+1.785913e+00	+1.018748e+01	
+3.480369e+00	+4.473812e+02	+3.617370e+01	+1.298470e+00	+8.766287e-01	+1.788845e+00	+1.019594e+01	
+3.481690e+00	+4.476075e+02	+3.625259e+01	+1.302414e+00	+8.803610e-01	+1.791776e+00	+1.020442e+01	
+3.483010e+00	+4.478337e+02	+3.633156e+01	+1.306365e+00	+8.840991e-01	+1.794709e+00	+1.021290e+01	
+3.484330e+00	+4.480599e+02	+3.641059e+01	+1.310321e+00	+8.878430e-01	+1.797641e+00	+1.022138e+01	
+3.485651e+00	+4.482861e+02	+3.648970e+01	+1.314283e+00	+8.915927e-01	+1.800573e+00	+1.022987e+01	
+3.486971e+00	+4.485123e+02	+3.656887e+01	+1.318250e+00	+8.953481e-01	+1.803506e+00	+1.023836e+01	
+3.488291e+00	+4.487384e+02	+3.664812e+01	+1.322223e+00	+8.991093e-01	+1.806439e+00	+1.024686e+01	
+3.489612e+00	+4.489645e+02	+3.672744e+01	+1.326203e+00	+9.028762e-01	+1.809372e+00	+1.025537e+01	
+3.490932e+00	+4.491906e+02	+3.680683e+01	+1.330187e+00	+9.066490e-01	+1.812306e+00	+1.026388e+01	
+3.492252e+00	+4.494167e+02	+3.688630e+01	+1.334178e+00	+9.104274e-01	+1.815239e+00	+1.027240e+01	
+3.493573e+00	+4.496428e+02	+3.696583e+01	+1.338174e+00	+9.142117e-01	+1.818173e+00	+1.028092e+01	
+3.494893e+00	+4.498688e+02	+3.704544e+01	+1.342177e+00	+9.180016e-01	+1.821107e+00	+1.028944e+01	
+3.496213e+00	+4.500948e+02	+3.712512e+01	+1.346184e+00	+9.217974e-01	+1.824041e+00	+1.029797e+01	
+3.497534e+00	+4.503207e+02	+3.720487e+01	+1.350198e+00	+9.255988e-01	+1.826976e+00	+1.030651e+01	
+3.498854e+00	+4.505467e+02	+3.728469e+01	+1.354217e+00	+9.294060e-01	+1.829910e+00	+1.031505e+01	
+3.500174e+00	+4.507726e+02	+3.736458e+01	+1.358242e+00	+9.332189e-01	+1.832845e+00	+1.032360e+01	
+3.501495e+00	+4.509985e+02	+3.744455e+01	+1.362273e+00	+9.370376e-01	+1.835780e+00	+1.033216e+01	
+3.502815e+00	+4.512244e+02	+3.752459e+01	+1.366310e+00	+9.408620e-01	+1.838716e+00	+1.034071e+01	
+3.504135e+00	+4.514502e+02	+3.760470e+01	+1.370352e+00	+9.446921e-01	+1.841651e+00	+1.034928e+01	
+3.505456e+00	+4.516761e+02	+3.768489e+01	+1.374400e+00	+9.485279e-01	+1.844587e+00	+1.035785e+01	
+3.506776e+00	+4.519019e+02	+3.776514e+01	+1.378453e+00	+9.523694e-01	+1.847523e+00	+1.036642e+01	
+3.508096e+00	+4.521276e+02	+3.784547e+01	+1.382512e+00	+9.562166e-01	+1.850459e+00	+1.037500e+01	
+3.509417e+00	+4.523534e+02	+3.792587e+01	+1.386577e+00	+9.600695e-01	+1.853396e+00	+1.038359e+01	
+3.510737e+00	+4.525791e+02	+3.800634e+01	+1.390648e+00	+9.639282e-01	+1.856332e+00	+1.039218e+01	
+3.512057e+00	+4.528048e+02	+3.808689e+01	+1.394724e+00	+9.677925e-01	+1.859269e+00	+1.040077e+01	
+3.513377e+00	+4.530305e+02	+3.816751e+01	+1.398806e+00	+9.716625e-01	+1.862206e+00	+1.040938e+01	
+3.514698e+00	+4.532562e+02	+3.824820e+01	+1.402894e+00	+9.755382e-01	+1.865143e+00	+1.041798e+01	
+3.516018e+00	+4.534818e+02	+3.832896e+01	+1.406987e+00	+9.794195e-01	+1.868081e+00	+1.042660e+01	
+3.517338e+00	+4.537074e+02	+3.840980e+01	+1.411086e+00	+9.833066e-01	+1.871019e+00	+1.043521e+01	
+3.518659e+00	+4.539330e+02	+3.849071e+01	+1.415191e+00	+9.871993e-01	+1.873957e+00	+1.044384e+01	
+3.519979e+00	+4.541586e+02	+3.857169e+01	+1.419301e+00	+9.910977e-01	+1.876895e+00	+1.045247e+01	
+3.521299e+00	+4.543841e+02	+3.865275e+01	+1.423417e+00	+9.950017e-01	+1.879833e+00	+1.046110e+01	
+3.522620e+00	+4.546096e+02	+3.873388e+01	+1.427539e+00	+9.989114e-01	+1.882772e+00	+1.046974e+01	
+3.523940e+00	+4.548351e+02	+3.881508e+01	+1.431666e+00	+1.002827e+00	+1.885711e+00	+1.047838e+01	
+3.525260e+00	+4.550606e+02	+3.889635e+01	+1.435799e+00	+1.006748e+00	+1.888650e+00	+1.048704e+01	
+3.526581e+00	+4.552860e+02	+3.897770e+01	+1.439937e+00	+1.010674e+00	+1.891589e+00	+1.049569e+01	
+3.527901e+00	+4.555114e+02	+3.905912e+01	+1.444081e+00	+1.014607e+00	+1.894528e+00	+1.050435e+01	
+3.529221e+00	+4.557368e+02	+3.914062e+01	+1.448231e+00	+1.018545e+00	+1.897468e+00	+1.051302e+01	
+3.530542e+00	+4.559622e+02	+3.922219e+01	+1.452386e+00	+1.022488e+00	+1.900408e+00	+1.052169e+01	
+3.531862e+00	+4.561875e+02	+3.930383e+01	+1.456547e+00	+1.026437e+00	+1.903348e+00	+1.053037e+01	
+3.533182e+00	+4.564128e+02	+3.938555e+01	+1.460713e+00	+1.030392e+00	+1.906289e+00	+1.053905e+01	
+3.534503e+00	+4.566381e+02	+3.946734e+01	+1.464885e+00	+1.034353e+00	+1.909229e+00	+1.054774e+01	
+3.535823e+00	+4.568634e+02	+3.954920e+01	+1.469063e+00	+1.038319e+00	+1.912170e+00	+1.055644e+01	
+3.537143e+00	+4.570886e+02	+3.963114e+01	+1.473246e+00	+1.042290e+00	+1.915111e+00	+1.056513e+01	
+3.538464e+00	+4.573139e+02	+3.971315e+01	+1.477435e+00	+1.046268e+00	+1.918053e+00	+1.057384e+01	
+3.539784e+00	+4.575391e+02	+3.979523e+01	+1.481629e+00	+1.050250e+00	+1.920994e+00	+1.058255e+01	
+3.541104e+00	+4.577642e+02	+3.987739e+01	+1.485829e+00	+1.054239e+00	+1.923936e+00	+1.059127e+01	
+3.542425e+00	+4.579894e+02	+3.995962e+01	+1.490035e+00	+1.058233e+00	+1.926878e+00	+1.059999e+01	
+3.543745e+00	+4.582145e+02	+4.004193e+01	+1.494246e+00	+1.062233e+00	+1.929820e+00	+1.060871e+01	
+3.545065e+00	+4.584396e+02	+4.012431e+01	+1.498462e+00	+1.066238e+00	+1.932763e+00	+1.061745e+01	
+3.546386e+00	+4.586647e+02	+4.020677e+01	+1.502685e+00	+1.070249e+00	+1.935705e+00	+1.062619e+01	
+3.547706e+00	+4.588897e+02	+4.028930e+01	+1.506912e+00	+1.074265e+00	+1.938648e+00	+1.063493e+01	
+3.549026e+00	+4.591148e+02	+4.037190e+01	+1.511145e+00	+1.078287e+00	+1.941591e+00	+1.064368e+01	
+3.550346e+00	+4.593398e+02	+4.045458e+01	+1.515384e+00	+1.082315e+00	+1.944535e+00	+1.065243e+01	
+3.551667e+00	+4.595648e+02	+4.053733e+01	+1.519629e+00	+1.086348e+00	+1.947478e+00	+1.066119e+01	
+3.552987e+00	+4.597897e+02	+4.062016e+01	+1.523878e+00	+1.090387e+00	+1.950422e+00	+1.066996e+01	
+3.554307e+00	+4.600146e+02	+4.070306e+01	+1.528134e+00	+1.094431e+00	+1.953366e+00	+1.067873e+01	
+3.555628e+00	+4.602396e+02	+4.078604e+01	+1.532395e+00	+1.098481e+00	+1.956311e+00	+1.068751e+01	
+3.556948e+00	+4.604644e+02	+4.086909e+01	+1.536661e+00	+1.102536e+00	+1.959255e+00	+1.069629e+01	
+3.558268e+00	+4.606893e+02	+4.095221e+01	+1.540933e+00	+1.106597e+00	+1.962200e+00	+1.070508e+01	
+3.559589e+00	+4.609141e+02	+4.103541e+01	+1.545210e+00	+1.110663e+00	+1.965145e+00	+1.071387e+01	
+3.560909e+00	+4.611389e+02	+4.111869e+01	+1.549493e+00	+1.114735e+00	+1.968090e+00	+1.072267e+01	
+3.562229e+00	+4.613637e+02	+4.120204e+01	+1.553781e+00	+1.118813e+00	+1.971036e+00	+1.073147e+01	
+3.563550e+00	+4.615885e+02	+4.128547e+01	+1.558075e+00	+1.122896e+00	+1.973981e+00	+1.074028e+01	
+3.564870e+00	+4.618132e+02	+4.136897e+01	+1.562374e+00	+1.126984e+00	+1.976927e+00	+1.074910e+01	
+3.566190e+00	+4.620379e+02	+4.145255e+01	+1.566679e+00	+1.131079e+00	+1.979873e+00	+1.075792e+01	
+3.567511e+00	+4.622626e+02	+4.153620e+01	+1.570989e+00	+1.135178e+00	+1.982820e+00	+1.076675e+01	
+3.568831e+00	+4.624873e+02	+4.161992e+01	+1.575305e+00	+1.139283e+00	+1.985766e+00	+1.077558e+01	
+3.570151e+00	+4.627119e+02	+4.170373e+01	+1.579626e+00	+1.143394e+00	+1.988713e+00	+1.078442e+01	
+3.571472e+00	+4.629366e+02	+4.178760e+01	+1.583953e+00	+1.147510e+00	+1.991660e+00	+1.079326e+01	
+3.572792e+00	+4.631612e+02	+4.187156e+01	+1.588285e+00	+1.151632e+00	+1.994608e+00	+1.080211e+01	
+3.574112e+00	+4.633857e+02	+4.195559e+01	+1.592623e+00	+1.155759e+00	+1.997555e+00	+1.081097e+01	
+3.575433e+00	+4.636103e+02	+4.203969e+01	+1.596966e+00	+1.159892e+00	+2.000503e+00	+1.081983e+01	
+3.576753e+00	+4.638348e+02	+4.212387e+01	+1.601314e+00	+1.164030e+00	+2.003451e+00	+1.082869e+01	
+3.578073e+00	+4.640593e+02	+4.220813e+01	+1.605668e+00	+1.168173e+00	+2.006400e+00	+1.083756e+01	
+3.579394e+00	+4.642838e+02	+4.229246e+01	+1.610027e+00	+1.172322e+00	+2.009348e+00	+1.084645e+01	
+3.580714e+00	+4.645082e+02	+4.237687e+01	+1.614392e+00	+1.176477e+00	+2.012297e+00	+1.085535e+01	
+3.582034e+00	+4.647326e+02	+4.246135e+01	+1.618762e+00	+1.180637e+00	+2.015246e+00	+1.086425e+01	
+3.583355e+00	+4.649570e+02	+4.254591e+01	+1.623138e+00	+1.184803e+00	+2.018195e+00	+1.087316e+01	
+3.584675e+00	+4.651814e+02	+4.263055e+01	+1.627519e+00	+1.188974e+00	+2.021145e+00	+1.088207e+01	
+3.585995e+00	+4.654057e+02	+4.271526e+01	+1.631906e+00	+1.193150e+00	+2.024094e+00	+1.089099e+01	
+3.587316e+00	+4.656300e+02	+4.280005e+01	+1.636298e+00	+1.197332e+00	+2.027044e+00	+1.089992e+01	
+3.588636e+00	+4.658543e+02	+4.288492e+01	+1.640695e+00	+1.201519e+00	+2.029995e+00	+1.090885e+01	
+3.589956e+00	+4.660785e+02	+4.296986e+01	+1.645098e+00	+1.205712e+00	+2.032945e+00	+1.091779e+01	
+3.591276e+00	+4.663028e+02	+4.305488e+01	+1.649506e+00	+1.209910e+00	+2.035896e+00	+1.092673e+01	
+3.592597e+00	+4.665270e+02	+4.313997e+01	+1.653920e+00	+1.214114e+00	+2.038847e+00	+1.093568e+01	
+3.593917e+00	+4.667512e+02	+4.322515e+01	+1.658339e+00	+1.218323e+00	+2.041798e+00	+1.094463e+01	
+3.595237e+00	+4.669754e+02	+4.331040e+01	+1.662764e+00	+1.222537e+00	+2.044750e+00	+1.095359e+01	
+3.596558e+00	+4.671995e+02	+4.339572e+01	+1.667194e+00	+1.226757e+00	+2.047701e+00	+1.096256e+01	
+3.597878e+00	+4.674236e+02	+4.348113e+01	+1.671630e+00	+1.230982e+00	+2.050653e+00	+1.097153e+01	
+3.599198e+00	+4.676477e+02	+4.356661e+01	+1.676070e+00	+1.235213e+00	+2.053605e+00	+1.098050e+01	
+3.600519e+00	+4.678718e+02	+4.365216e+01	+1.680517e+00	+1.239449e+00	+2.056558e+00	+1.098948e+01	
+3.601839e+00	+4.680958e+02	+4.373780e+01	+1.684968e+00	+1.243691e+00	+2.059511e+00	+1.099847e+01	
+3.603159e+00	+4.683198e+02	+4.382351e+01	+1.689425e+00	+1.247938e+00	+2.062464e+00	+1.100746e+01	
+3.604480e+00	+4.685438e+02	+4.390930e+01	+1.693888e+00	+1.252190e+00	+2.065417e+00	+1.101646e+01	
+3.605800e+00	+4.687678e+02	+4.399517e+01	+1.698356e+00	+1.256448e+00	+2.068370e+00	+1.102547e+01	
+3.607120e+00	+4.689918e+02	+4.408111e+01	+1.702829e+00	+1.260711e+00	+2.071324e+00	+1.103448e+01	
+3.608441e+00	+4.692157e+02	+4.416713e+01	+1.707307e+00	+1.264979e+00	+2.074278e+00	+1.104349e+01	
+3.609761e+00	+4.694396e+02	+4.425323e+01	+1.711791e+00	+1.269253e+00	+2.077232e+00	+1.105251e+01	
+3.611081e+00	+4.696635e+02	+4.433941e+01	+1.716281e+00	+1.273532e+00	+2.080187e+00	+1.106154e+01	
+3.612402e+00	+4.698873e+02	+4.442567e+01	+1.720775e+00	+1.277817e+00	+2.083141e+00	+1.107057e+01	
+3.613722e+00	+4.701111e+02	+4.451200e+01	+1.725275e+00	+1.282107e+00	+2.086096e+00	+1.107961e+01	
+3.615042e+00	+4.703349e+02	+4.459841e+01	+1.729780e+00	+1.286402e+00	+2.089051e+00	+1.108866e+01	
+3.616363e+00	+4.705587e+02	+4.468490e+01	+1.734291e+00	+1.290703e+00	+2.092007e+00	+1.109771e+01	
+3.617683e+00	+4.707825e+02	+4.477146e+01	+1.738807e+00	+1.295009e+00	+2.094963e+00	+1.110676e+01	
+3.619003e+00	+4.710062e+02	+4.485811e+01	+1.743328e+00	+1.299321e+00	+2.097919e+00	+1.111582e+01	
+3.620324e+00	+4.712299e+02	+4.494483e+01	+1.747855e+00	+1.303638e+00	+2.100875e+00	+1.112489e+01	
+3.621644e+00	+4.714536e+02	+4.503163e+01	+1.752387e+00	+1.307960e+00	+2.103831e+00	+1.113396e+01	
+3.622964e+00	+4.716772e+02	+4.511851e+01	+1.756924e+00	+1.312287e+00	+2.106788e+00	+1.114304e+01	
+3.624285e+00	+4.719009e+02	+4.520547e+01	+1.761467e+00	+1.316620e+00	+2.109745e+00	+1.115213e+01	
+3.625605e+00	+4.721245e+02	+4.529250e+01	+1.766015e+00	+1.320958e+00	+2.112702e+00	+1.116122e+01	
+3.626925e+00	+4.723481e+02	+4.537962e+01	+1.770568e+00	+1.325302e+00	+2.115660e+00	+1.117031e+01	
+3.628246e+00	+4.725716e+02	+4.546681e+01	+1.775127e+00	+1.329651e+00	+2.118618e+00	+1.117941e+01	
+3.629566e+00	+4.727952e+02	+4.555408e+01	+1.779690e+00	+1.334005e+00	+2.121576e+00	+1.118852e+01	
+3.630886e+00	+4.730187e+02	+4.564143e+01	+1.784260e+00	+1.338364e+00	+2.124534e+00	+1.119763e+01	
+3.632206e+00	+4.732422e+02	+4.572886e+01	+1.788834e+00	+1.342729e+00	+2.127492e+00	+1.120675e+01	
+3.633527e+00	+4.734656e+02	+4.581637e+01	+1.793414e+00	+1.347099e+00	+2.130451e+00	+1.121588e+01	
+3.634847e+00	+4.736891e+02	+4.590395e+01	+1.797999e+00	+1.351475e+00	+2.133410e+00	+1.122501e+01	
+3.636167e+00	+4.739125e+02	+4.599162e+01	+1.802589e+00	+1.355855e+00	+2.136369e+00	+1.123414e+01	
+3.637488e+00	+4.741359e+02	+4.607936e+01	+1.807184e+00	+1.360241e+00	+2.139329e+00	+1.124328e+01	
+3.638808e+00	+4.743592e+02	+4.616719e+01	+1.811785e+00	+1.364633e+00	+2.142289e+00	+1.125243e+01	
+3.640128e+00	+4.745826e+02	+4.625509e+01	+1.816391e+00	+1.369029e+00	+2.145249e+00	+1.126159e+01	
+3.641449e+00	+4.748059e+02	+4.634307e+01	+1.821002e+00	+1.373431e+00	+2.148209e+00	+1.127074e+01	
+3.642769e+00	+4.750292e+02	+4.643113e+01	+1.825619e+00	+1.377838e+00	+2.151170e+00	+1.127991e+01	
+3.644089e+00	+4.752525e+02	+4.651927e+01	+1.830240e+00	+1.382251e+00	+2.154131e+00	+1.128908e+01	
+3.645410e+00	+4.754757e+02	+4.660749e+01	+1.834867e+00	+1.386669e+00	+2.157092e+00	+1.129826e+01	
+3.646730e+00	+4.756989e+02	+4.669579e+01	+1.839500e+00	+1.391092e+00	+2.160053e+00	+1.130744e+01	
+3.648050e+00	+4.759221e+02	+4.678417e+01	+1.844137e+00	+1.395520e+00	+2.163015e+00	+1.131663e+01	
+3.649371e+00	+4.761453e+02	+4.687263e+01	+1.848780e+00	+1.399954e+00	+2.165977e+00	+1.132582e+01	
+3.650691e+00	+4.763685e+02	+4.696116e+01	+1.853428e+00	+1.404393e+00	+2.168939e+00	+1.133502e+01	
+3.652011e+00	+4.765916e+02	+4.704978e+01	+1.858081e+00	+1.408837e+00	+2.171901e+00	+1.134423e+01	
+3.653332e+00	+4.768147e+02	+4.713848e+01	+1.862739e+00	+1.413286e+00	+2.174864e+00	+1.135344e+01	
+3.654652e+00	+4.770378e+02	+4.722726e+01	+1.867402e+00	+1.417741e+00	+2.177827e+00	+1.136266e+01	
+3.655972e+00	+4.772608e+02	+4.731612e+01	+1.872071e+00	+1.422201e+00	+2.180790e+00	+1.137188e+01	
+3.657293e+00	+4.774838e+02	+4.740505e+01	+1.876745e+00	+1.426666e+00	+2.183754e+00	+1.138111e+01	
+3.658613e+00	+4.777069e+02	+4.749407e+01	+1.881424e+00	+1.431136e+00	+2.186717e+00	+1.139034e+01	
+3.659933e+00	+4.779298e+02	+4.758317e+01	+1.886108e+00	+1.435612e+00	+2.189681e+00	+1.139958e+01	
+3.661254e+00	+4.781528e+02	+4.767235e+01	+1.890798e+00	+1.440093e+00	+2.192646e+00	+1.140883e+01	
+3.662574e+00	+4.783757e+02	+4.776160e+01	+1.895493e+00	+1.444579e+00	+2.195610e+00	+1.141808e+01	
+3.663894e+00	+4.785986e+02	+4.785094e+01	+1.900192e+00	+1.449070e+00	+2.198575e+00	+1.142734e+01	
+3.665215e+00	+4.788215e+02	+4.794036e+01	+1.904897e+00	+1.453567e+00	+2.201540e+00	+1.143661e+01	
+3.666535e+00	+4.790444e+02	+4.802986e+01	+1.909608e+00	+1.458069e+00	+2.204505e+00	+1.144588e+01	
+3.667855e+00	+4.792672e+02	+4.811944e+01	+1.914323e+00	+1.462576e+00	+2.207471e+00	+1.145515e+01	
+3.669175e+00	+4.794900e+02	+4.820910e+01	+1.919043e+00	+1.467088e+00	+2.210437e+00	+1.146444e+01	
+3.670496e+00	+4.797128e+02	+4.829885e+01	+1.923769e+00	+1.471605e+00	+2.213403e+00	+1.147372e+01	
+3.671816e+00	+4.799356e+02	+4.838867e+01	+1.928500e+00	+1.476128e+00	+2.216369e+00	+1.148302e+01	
+3.673136e+00	+4.801583e+02	+4.847857e+01	+1.933236e+00	+1.480656e+00	+2.219336e+00	+1.149232e+01	
+3.674457e+00	+4.803810e+02	+4.856856e+01	+1.937977e+00	+1.485189e+00	+2.222303e+00	+1.150162e+01	
+3.675777e+00	+4.806037e+02	+4.865862e+01	+1.942723e+00	+1.489727e+00	+2.225270e+00	+1.151093e+01	
+3.677097e+00	+4.808264e+02	+4.874877e+01	+1.947474e+00	+1.494271e+00	+2.228238e+00	+1.152025e+01	
+3.678418e+00	+4.810491e+02	+4.883900e+01	+1.952231e+00	+1.498819e+00	+2.231205e+00	+1.152958e+01	
+3.679738e+00	+4.812717e+02	+4.892930e+01	+1.956992e+00	+1.503373e+00	+2.234173e+00	+1.153891e+01	
+3.681058e+00	+4.814943e+02	+4.901969e+01	+1.961759e+00	+1.507932e+00	+2.237142e+00	+1.154824e+01	
+3.682379e+00	+4.817169e+02	+4.911017e+01	+1.966531e+00	+1.512496e+00	+2.240110e+00	+1.155758e+01	
+3.683699e+00	+4.819394e+02	+4.920072e+01	+1.971308e+00	+1.517066e+00	+2.243079e+00	+1.156693e+01	
+3.685019e+00	+4.821619e+02	+4.929135e+01	+1.976090e+00	+1.521640e+00	+2.246048e+00	+1.157628e+01	
+3.686340e+00	+4.823844e+02	+4.938207e+01	+1.980877e+00	+1.526220e+00	+2.249018e+00	+1.158564e+01	
+3.687660e+00	+4.826069e+02	+4.947287e+01	+1.985669e+00	+1.530805e+00	+2.251987e+00	+1.159501e+01	
+3.688980e+00	+4.828294e+02	+4.956375e+01	+1.990466e+00	+1.535395e+00	+2.254957e+00	+1.160438e+01	
+3.690301e+00	+4.830518e+02	+4.965471e+01	+1.995269e+00	+1.539990e+00	+2.257927e+00	+1.161376e+01	
+3.691621e+00	+4.832742e+02	+4.974575e+01	+2.000076e+00	+1.544590e+00	+2.260898e+00	+1.162314e+01	
+3.692941e+00	+4.834966e+02	+4.983688e+01	+2.004889e+00	+1.549196e+00	+2.263869e+00	+1.163253e+01	
+3.694262e+00	+4.837189e+02	+4.992808e+01	+2.009706e+00	+1.553807e+00	+2.266839e+00	+1.164148e+01	
+3.695582e+00	+4.839413e+02	+5.001936e+01	+2.014530e+00	+1.558423e+00	+2.269811e+00	+1.165032e+01	
+3.696902e+00	+4.841636e+02	+5.011071e+01	+2.019359e+00	+1.563045e+00	+2.272782e+00	+1.165916e+01	
+3.698223e+00	+4.843859e+02	+5.020214e+01	+2.024194e+00	+1.567673e+00	+2.275753e+00	+1.166801e+01	
+3.699543e+00	+4.846081e+02	+5.029364e+01	+2.029034e+00	+1.572306e+00	+2.278725e+00	+1.167686e+01	
+3.700863e+00	+4.848304e+02	+5.038521e+01	+2.033880e+00	+1.576945e+00	+2.281696e+00	+1.168572e+01	
+3.702184e+00	+4.850526e+02	+5.047685e+01	+2.038732e+00	+1.581589e+00	+2.284668e+00	+1.169459e+01	
+3.703504e+00	+4.852748e+02	+5.056857e+01	+2.043589e+00	+1.586240e+00	+2.287640e+00	+1.170345e+01	
+3.704824e+00	+4.854969e+02	+5.066036e+01	+2.048452e+00	+1.590895e+00	+2.290612e+00	+1.171233e+01	
+3.706145e+00	+4.857191e+02	+5.075223e+01	+2.053321e+00	+1.595556e+00	+2.293584e+00	+1.172121e+01	
+3.707465e+00	+4.859412e+02	+5.084417e+01	+2.058195e+00	+1.600223e+00	+2.296556e+00	+1.173009e+01	
+3.708785e+00	+4.861633e+02	+5.093618e+01	+2.063075e+00	+1.604896e+00	+2.299529e+00	+1.173898e+01	
+3.710105e+00	+4.863854e+02	+5.102827e+01	+2.067961e+00	+1.609574e+00	+2.302501e+00	+1.174788e+01	
+3.711426e+00	+4.866074e+02	+5.112043e+01	+2.072852e+00	+1.614257e+00	+2.305474e+00	+1.175678e+01	
+3.712746e+00	+4.868294e+02	+5.121267e+01	+2.077748e+00	+1.618946e+00	+2.308447e+00	+1.176569e+01	
+3.714066e+00	+4.870514e+02	+5.130498e+01	+2.082650e+00	+1.623641e+00	+2.311420e+00	+1.177460e+01	
+3.715387e+00	+4.872734e+02	+5.139736e+01	+2.087558e+00	+1.628341e+00	+2.314393e+00	+1.178351e+01	
+3.716707e+00	+4.874954e+02	+5.148982e+01	+2.092472e+00	+1.633047e+00	+2.317366e+00	+1.179244e+01	
+3.718027e+00	+4.877173e+02	+5.158236e+01	+2.097391e+00	+1.637758e+00	+2.320340e+00	+1.180136e+01	
+3.719348e+00	+4.879392e+02	+5.167496e+01	+2.102315e+00	+1.642475e+00	+2.323313e+00	+1.181030e+01	
+3.720668e+00	+4.881611e+02	+5.176764e+01	+2.107245e+00	+1.647198e+00	+2.326287e+00	+1.181923e+01	
+3.721988e+00	+4.883829e+02	+5.186040e+01	+2.112181e+00	+1.651926e+00	+2.329261e+00	+1.182818e+01	
+3.723309e+00	+4.886048e+02	+5.195323e+01	+2.117122e+00	+1.656659e+00	+2.332235e+00	+1.183713e+01	
+3.724629e+00	+4.888266e+02	+5.204614e+01	+2.122069e+00	+1.661398e+00	+2.335209e+00	+1.184608e+01	
+3.725949e+00	+4.890483e+02	+5.213912e+01	+2.127021e+00	+1.666143e+00	+2.338183e+00	+1.185504e+01	
+3.727270e+00	+4.892701e+02	+5.223217e+01	+2.131979e+00	+1.670893e+00	+2.341157e+00	+1.186401e+01	
+3.728590e+00	+4.894918e+02	+5.232530e+01	+2.136943e+00	+1.675649e+00	+2.344132e+00	+1.187298e+01	
+3.729910e+00	+4.897136e+02	+5.241850e+01	+2.141912e+00	+1.680410e+00	+2.347107e+00	+1.188195e+01	
+3.731231e+00	+4.899352e+02	+5.251178e+01	+2.146886e+00	+1.685176e+00	+2.350081e+00	+1.189093e+01	
+3.732551e+00	+4.901569e+02	+5.260514e+01	+2.151866e+00	+1.689949e+00	+2.353056e+00	+1.189992e+01	
+3.733871e+00	+4.903785e+02	+5.269857e+01	+2.156852e+00	+1.694726e+00	+2.356031e+00	+1.190891e+01	
+3.735192e+00	+4.906002e+02	+5.279207e+01	+2.161843e+00	+1.699509e+00	+2.359007e+00	+1.191791e+01	
+3.736512e+00	+4.908218e+02	+5.288565e+01	+2.166839e+00	+1.704298e+00	+2.361982e+00	+1.192691e+01	
+3.737832e+00	+4.910433e+02	+5.297930e+01	+2.171842e+00	+1.709092e+00	+2.364957e+00	+1.193592e+01	
+3.739153e+00	+4.912649e+02	+5.307303e+01	+2.176849e+00	+1.713892e+00	+2.367933e+00	+1.194493e+01	
+3.740473e+00	+4.914864e+02	+5.316684e+01	+2.181862e+00	+1.718697e+00	+2.370909e+00	+1.195395e+01	
+3.741793e+00	+4.917079e+02	+5.326072e+01	+2.186881e+00	+1.723508e+00	+2.373885e+00	+1.196297e+01	
+3.743114e+00	+4.919294e+02	+5.335467e+01	+2.191905e+00	+1.728324e+00	+2.376861e+00	+1.197200e+01	
+3.744434e+00	+4.921508e+02	+5.344871e+01	+2.196935e+00	+1.733145e+00	+2.379837e+00	+1.198104e+01	
+3.745754e+00	+4.923722e+02	+5.354281e+01	+2.201970e+00	+1.737973e+00	+2.382814e+00	+1.199008e+01	
+3.747075e+00	+4.925937e+02	+5.363700e+01	+2.207010e+00	+1.742805e+00	+2.385790e+00	+1.199912e+01	
+3.748395e+00	+4.928150e+02	+5.373125e+01	+2.212056e+00	+1.747643e+00	+2.388767e+00	+1.200817e+01	
+3.749715e+00	+4.930364e+02	+5.382559e+01	+2.217108e+00	+1.752487e+00	+2.391744e+00	+1.201723e+01	
+3.751035e+00	+4.932577e+02	+5.392000e+01	+2.222165e+00	+1.757335e+00	+2.394721e+00	+1.202629e+01	
+3.752356e+00	+4.934790e+02	+5.401448e+01	+2.227227e+00	+1.762190e+00	+2.397698e+00	+1.203536e+01	
+3.753676e+00	+4.937003e+02	+5.410904e+01	+2.232295e+00	+1.767050e+00	+2.400675e+00	+1.204443e+01	
+3.754996e+00	+4.939216e+02	+5.420368e+01	+2.237369e+00	+1.771915e+00	+2.403652e+00	+1.205351e+01	
+3.756317e+00	+4.941428e+02	+5.429840e+01	+2.242447e+00	+1.776786e+00	+2.406630e+00	+1.206260e+01	
+3.757637e+00	+4.943640e+02	+5.439319e+01	+2.247532e+00	+1.781662e+00	+2.409608e+00	+1.207169e+01	
+3.758957e+00	+4.945852e+02	+5.448805e+01	+2.252621e+00	+1.786543e+00	+2.412585e+00	+1.208078e+01	
+3.760278e+00	+4.948064e+02	+5.458300e+01	+2.257716e+00	+1.791430e+00	+2.415563e+00	+1.208988e+01	
+3.761598e+00	+4.950275e+02	+5.467801e+01	+2.262817e+00	+1.796323e+00	+2.418542e+00	+1.209899e+01	
+3.762918e+00	+4.952487e+02	+5.477311e+01	+2.267923e+00	+1.801221e+00	+2.421520e+00	+1.210810e+01	
+3.764239e+00	+4.954698e+02	+5.486828e+01	+2.273034e+00	+1.806124e+00	+2.424498e+00	+1.211721e+01	
+3.765559e+00	+4.956908e+02	+5.496353e+01	+2.278151e+00	+1.811033e+00	+2.427477e+00	+1.212634e+01	
+3.766879e+00	+4.959119e+02	+5.505885e+01	+2.283273e+00	+1.815947e+00	+2.430456e+00	+1.213546e+01	
+3.768200e+00	+4.961329e+02	+5.515425e+01	+2.288401e+00	+1.820866e+00	+2.433435e+00	+1.214460e+01	
+3.769520e+00	+4.963539e+02	+5.524973e+01	+2.293534e+00	+1.825791e+00	+2.436414e+00	+1.215374e+01	
+3.770840e+00	+4.965749e+02	+5.534529e+01	+2.298672e+00	+1.830722e+00	+2.439393e+00	+1.216288e+01	
+3.772161e+00	+4.967958e+02	+5.544092e+01	+2.303816e+00	+1.835657e+00	+2.442372e+00	+1.217203e+01	
+3.773481e+00	+4.970168e+02	+5.553663e+01	+2.308965e+00	+1.840599e+00	+2.445352e+00	+1.218118e+01	
+3.774801e+00	+4.972377e+02	+5.563241e+01	+2.314120e+00	+1.845545e+00	+2.448332e+00	+1.219034e+01	
+3.776122e+00	+4.974586e+02	+5.572828e+01	+2.319280e+00	+1.850497e+00	+2.451312e+00	+1.219951e+01	
+3.777442e+00	+4.976794e+02	+5.582422e+01	+2.324445e+00	+1.855454e+00	+2.454292e+00	+1.220868e+01	
+3.778762e+00	+4.979003e+02	+5.592023e+01	+2.329616e+00	+1.860417e+00	+2.457272e+00	+1.221786e+01	
+3.780083e+00	+4.981211e+02	+5.601633e+01	+2.334792e+00	+1.865385e+00	+2.460252e+00	+1.222704e+01	
+3.781403e+00	+4.983419e+02	+5.611250e+01	+2.339974e+00	+1.870358e+00	+2.463232e+00	+1.223623e+01	
+3.782723e+00	+4.985626e+02	+5.620875e+01	+2.345160e+00	+1.875337e+00	+2.466213e+00	+1.224542e+01	
+3.784044e+00	+4.987834e+02	+5.630507e+01	+2.350353e+00	+1.880321e+00	+2.469194e+00	+1.225462e+01	
+3.785364e+00	+4.990041e+02	+5.640148e+01	+2.355550e+00	+1.885311e+00	+2.472175e+00	+1.226383e+01	
+3.786684e+00	+4.992248e+02	+5.649796e+01	+2.360753e+00	+1.890306e+00	+2.475156e+00	+1.227304e+01	
+3.788005e+00	+4.994455e+02	+5.659452e+01	+2.365961e+00	+1.895306e+00	+2.478137e+00	+1.228226e+01	
+3.789325e+00	+4.996661e+02	+5.669115e+01	+2.371175e+00	+1.900312e+00	+2.481119e+00	+1.229148e+01	
+3.790645e+00	+4.998867e+02	+5.678787e+01	+2.376394e+00	+1.905323e+00	+2.484100e+00	+1.230070e+01	
+3.791965e+00	+5.001073e+02	+5.688466e+01	+2.381618e+00	+1.910339e+00	+2.487082e+00	+1.230994e+01	
+3.793286e+00	+5.003279e+02	+5.698153e+01	+2.386847e+00	+1.915360e+00	+2.490064e+00	+1.231918e+01	
+3.794606e+00	+5.005485e+02	+5.707848e+01	+2.392082e+00	+1.920387e+00	+2.493046e+00	+1.232842e+01	
+3.795926e+00	+5.007690e+02	+5.717550e+01	+2.397322e+00	+1.925420e+00	+2.496028e+00	+1.233767e+01	
+3.797247e+00	+5.009895e+02	+5.727261e+01	+2.402568e+00	+1.930457e+00	+2.499011e+00	+1.234692e+01	
+3.798567e+00	+5.012100e+02	+5.736979e+01	+2.407819e+00	+1.935500e+00	+2.501993e+00	+1.235618e+01	
+3.799887e+00	+5.014305e+02	+5.746705e+01	+2.413075e+00	+1.940549e+00	+2.504976e+00	+1.236545e+01	
+3.801208e+00	+5.016509e+02	+5.756439e+01	+2.418336e+00	+1.945602e+00	+2.507959e+00	+1.237472e+01	
+3.802528e+00	+5.018713e+02	+5.766180e+01	+2.423603e+00	+1.950661e+00	+2.510942e+00	+1.238400e+01	
+3.803848e+00	+5.020917e+02	+5.775930e+01	+2.428875e+00	+1.955725e+00	+2.513925e+00	+1.239328e+01	
+3.805169e+00	+5.023121e+02	+5.785687e+01	+2.434152e+00	+1.960795e+00	+2.516908e+00	+1.240257e+01	
+3.806489e+00	+5.025324e+02	+5.795452e+01	+2.439435e+00	+1.965870e+00	+2.519892e+00	+1.241187e+01	
+3.807809e+00	+5.027527e+02	+5.805225e+01	+2.444723e+00	+1.970950e+00	+2.522876e+00	+1.242117e+01	
+3.809130e+00	+5.029730e+02	+5.815006e+01	+2.450016e+00	+1.976035e+00	+2.525859e+00	+1.243047e+01	
+3.810450e+00	+5.031933e+02	+5.824795e+01	+2.455314e+00	+1.981126e+00	+2.528844e+00	+1.243978e+01	
+3.811770e+00	+5.034136e+02	+5.834592e+01	+2.460618e+00	+1.986222e+00	+2.531828e+00	+1.244910e+01	
+3.813091e+00	+5.036338e+02	+5.844396e+01	+2.465927e+00	+1.991323e+00	+2.534812e+00	+1.245842e+01	
+3.814411e+00	+5.038540e+02	+5.854209e+01	+2.471241e+00	+1.996430e+00	+2.537797e+00	+1.246775e+01	
+3.815731e+00	+5.040742e+02	+5.864029e+01	+2.476560e+00	+2.001542e+00	+2.540781e+00	+1.247709e+01	
+3.817052e+00	+5.042943e+02	+5.873857e+01	+2.481885e+00	+2.006659e+00	+2.543766e+00	+1.248642e+01	
+3.818372e+00	+5.045145e+02	+5.883694e+01	+2.487215e+00	+2.011781e+00	+2.546751e+00	+1.249577e+01	
+3.819692e+00	+5.047346e+02	+5.893538e+01	+2.492550e+00	+2.016909e+00	+2.549736e+00	+1.250512e+01	
+3.821013e+00	+5.049547e+02	+5.903390e+01	+2.497890e+00	+2.022042e+00	+2.552722e+00	+1.251448e+01	
+3.822333e+00	+5.051747e+02	+5.913250e+01	+2.503236e+00	+2.027180e+00	+2.555707e+00	+1.252384e+01	
+3.823653e+00	+5.053948e+02	+5.923117e+01	+2.508587e+00	+2.032323e+00	+2.558693e+00	+1.253321e+01	
+3.824974e+00	+5.056148e+02	+5.932993e+01	+2.513943e+00	+2.037472e+00	+2.561679e+00	+1.254258e+01	
+3.826294e+00	+5.058348e+02	+5.942877e+01	+2.519304e+00	+2.042626e+00	+2.564665e+00	+1.255196e+01	
+3.827614e+00	+5.060548e+02	+5.952769e+01	+2.524671e+00	+2.047785e+00	+2.567651e+00	+1.256135e+01	
+3.828934e+00	+5.062747e+02	+5.962668e+01	+2.530042e+00	+2.052950e+00	+2.570638e+00	+1.257074e+01	
+3.830255e+00	+5.064946e+02	+5.972576e+01	+2.535419e+00	+2.058119e+00	+2.573624e+00	+1.258013e+01	
+3.831575e+00	+5.067145e+02	+5.982492e+01	+2.540801e+00	+2.063294e+00	+2.576611e+00	+1.258953e+01	
+3.832895e+00	+5.069344e+02	+5.992415e+01	+2.546189e+00	+2.068475e+00	+2.579598e+00	+1.259894e+01	
+3.834216e+00	+5.071543e+02	+6.002347e+01	+2.551581e+00	+2.073660e+00	+2.582585e+00	+1.260836e+01	
+3.835536e+00	+5.073741e+02	+6.012287e+01	+2.556979e+00	+2.078851e+00	+2.585572e+00	+1.261777e+01	
+3.836856e+00	+5.075939e+02	+6.022234e+01	+2.562382e+00	+2.084046e+00	+2.588560e+00	+1.262720e+01	
+3.838177e+00	+5.078137e+02	+6.032190e+01	+2.567790e+00	+2.089248e+00	+2.591547e+00	+1.263663e+01	
+3.839497e+00	+5.080335e+02	+6.042153e+01	+2.573203e+00	+2.094454e+00	+2.594535e+00	+1.264607e+01	
+3.840817e+00	+5.082532e+02	+6.052125e+01	+2.578622e+00	+2.099665e+00	+2.597523e+00	+1.265551e+01	
+3.842138e+00	+5.084729e+02	+6.062105e+01	+2.584045e+00	+2.104882e+00	+2.600511e+00	+1.266496e+01	
+3.843458e+00	+5.086926e+02	+6.072093e+01	+2.589474e+00	+2.110104e+00	+2.603499e+00	+1.267441e+01	
+3.844778e+00	+5.089123e+02	+6.082088e+01	+2.594908e+00	+2.115331e+00	+2.606488e+00	+1.268387e+01	
+3.846099e+00	+5.091319e+02	+6.092092e+01	+2.600347e+00	+2.120563e+00	+2.609477e+00	+1.269334e+01	
+3.847419e+00	+5.093515e+02	+6.102104e+01	+2.605791e+00	+2.125801e+00	+2.612465e+00	+1.270281e+01	
+3.848739e+00	+5.095711e+02	+6.112124e+01	+2.611241e+00	+2.131044e+00	+2.615454e+00	+1.271228e+01	
+3.850060e+00	+5.097907e+02	+6.122152e+01	+2.616695e+00	+2.136292e+00	+2.618444e+00	+1.272177e+01	
+3.851380e+00	+5.100103e+02	+6.132188e+01	+2.622155e+00	+2.141545e+00	+2.621433e+00	+1.273125e+01	
+3.852700e+00	+5.102298e+02	+6.142232e+01	+2.627620e+00	+2.146803e+00	+2.624423e+00	+1.274075e+01	
+3.854021e+00	+5.104493e+02	+6.152285e+01	+2.633090e+00	+2.152066e+00	+2.627412e+00	+1.275025e+01	
+3.855341e+00	+5.106688e+02	+6.162345e+01	+2.638565e+00	+2.157335e+00	+2.630402e+00	+1.275975e+01	
+3.856661e+00	+5.108882e+02	+6.172414e+01	+2.644045e+00	+2.162609e+00	+2.633392e+00	+1.276927e+01	
+3.857982e+00	+5.111077e+02	+6.182490e+01	+2.649530e+00	+2.167888e+00	+2.636383e+00	+1.277878e+01	
+3.859302e+00	+5.113271e+02	+6.192575e+01	+2.655021e+00	+2.173172e+00	+2.639373e+00	+1.278831e+01	
+3.860622e+00	+5.115465e+02	+6.202668e+01	+2.660516e+00	+2.178461e+00	+2.642364e+00	+1.279783e+01	
+3.861943e+00	+5.117658e+02	+6.212769e+01	+2.666017e+00	+2.183756e+00	+2.645355e+00	+1.280737e+01	
+3.863263e+00	+5.119852e+02	+6.222878e+01	+2.671523e+00	+2.189055e+00	+2.648346e+00	+1.281691e+01	
+3.864583e+00	+5.122045e+02	+6.232995e+01	+2.677034e+00	+2.194360e+00	+2.651337e+00	+1.282646e+01	
+3.865904e+00	+5.124238e+02	+6.243121e+01	+2.682550e+00	+2.199670e+00	+2.654328e+00	+1.283601e+01	
+3.867224e+00	+5.126431e+02	+6.253254e+01	+2.688071e+00	+2.204985e+00	+2.657320e+00	+1.284557e+01	
+3.868544e+00	+5.128623e+02	+6.263396e+01	+2.693597e+00	+2.210305e+00	+2.660311e+00	+1.285513e+01	
+3.869864e+00	+5.130815e+02	+6.273546e+01	+2.699128e+00	+2.215630e+00	+2.663303e+00	+1.286470e+01	
+3.871185e+00	+5.133007e+02	+6.283704e+01	+2.704664e+00	+2.220961e+00	+2.666295e+00	+1.287428e+01	
+3.872505e+00	+5.135199e+02	+6.293870e+01	+2.710206e+00	+2.226296e+00	+2.669288e+00	+1.288386e+01	
+3.873825e+00	+5.137391e+02	+6.304045e+01	+2.715752e+00	+2.231637e+00	+2.672280e+00	+1.289344e+01	
+3.875146e+00	+5.139582e+02	+6.314228e+01	+2.721304e+00	+2.236983e+00	+2.675273e+00	+1.290304e+01	
+3.876466e+00	+5.141773e+02	+6.324418e+01	+2.726861e+00	+2.242334e+00	+2.678266e+00	+1.291264e+01	
+3.877786e+00	+5.143964e+02	+6.334618e+01	+2.732422e+00	+2.247690e+00	+2.681259e+00	+1.292224e+01	
+3.879107e+00	+5.146155e+02	+6.344825e+01	+2.737989e+00	+2.253051e+00	+2.684252e+00	+1.293185e+01	
+3.880427e+00	+5.148345e+02	+6.355041e+01	+2.743561e+00	+2.258417e+00	+2.687245e+00	+1.294147e+01	
+3.881747e+00	+5.150535e+02	+6.365264e+01	+2.749137e+00	+2.263789e+00	+2.690239e+00	+1.295109e+01	
+3.883068e+00	+5.152725e+02	+6.375497e+01	+2.754719e+00	+2.269165e+00	+2.693233e+00	+1.296072e+01	
+3.884388e+00	+5.154915e+02	+6.385737e+01	+2.760306e+00	+2.274547e+00	+2.696227e+00	+1.297035e+01	
+3.885708e+00	+5.157105e+02	+6.395985e+01	+2.765898e+00	+2.279934e+00	+2.699221e+00	+1.298000e+01	
+3.887029e+00	+5.159294e+02	+6.406242e+01	+2.771495e+00	+2.285326e+00	+2.702215e+00	+1.298964e+01	
+3.888349e+00	+5.161483e+02	+6.416507e+01	+2.777097e+00	+2.290722e+00	+2.705210e+00	+1.299929e+01	
+3.889669e+00	+5.163672e+02	+6.426781e+01	+2.782704e+00	+2.296124e+00	+2.708205e+00	+1.300895e+01	
+3.890990e+00	+5.165860e+02	+6.437063e+01	+2.788316e+00	+2.301531e+00	+2.711199e+00	+1.301862e+01	
+3.892310e+00	+5.168048e+02	+6.447353e+01	+2.793933e+00	+2.306944e+00	+2.714195e+00	+1.302829e+01	
+3.893630e+00	+5.170237e+02	+6.457651e+01	+2.799555e+00	+2.312361e+00	+2.717190e+00	+1.303796e+01	
+3.894951e+00	+5.172424e+02	+6.467957e+01	+2.805183e+00	+2.317783e+00	+2.720185e+00	+1.304764e+01	
+3.896271e+00	+5.174612e+02	+6.478272e+01	+2.810815e+00	+2.323211e+00	+2.723181e+00	+1.305733e+01	
+3.897591e+00	+5.176799e+02	+6.488596e+01	+2.816452e+00	+2.328643e+00	+2.726177e+00	+1.306702e+01	
+3.898912e+00	+5.178987e+02	+6.498927e+01	+2.822094e+00	+2.334080e+00	+2.729173e+00	+1.307672e+01	
+3.900232e+00	+5.181174e+02	+6.509267e+01	+2.827741e+00	+2.339523e+00	+2.732169e+00	+1.308643e+01	
+3.901552e+00	+5.183360e+02	+6.519615e+01	+2.833393e+00	+2.344971e+00	+2.735166e+00	+1.309614e+01	
+3.902873e+00	+5.185547e+02	+6.529972e+01	+2.839050e+00	+2.350423e+00	+2.738162e+00	+1.310586e+01	
+3.904193e+00	+5.187733e+02	+6.540337e+01	+2.844712e+00	+2.355881e+00	+2.741159e+00	+1.311558e+01	
+3.905513e+00	+5.189919e+02	+6.550710e+01	+2.850379e+00	+2.361344e+00	+2.744156e+00	+1.312531e+01	
+3.906834e+00	+5.192105e+02	+6.561092e+01	+2.856051e+00	+2.366812e+00	+2.747154e+00	+1.313505e+01	
+3.908154e+00	+5.194290e+02	+6.571482e+01	+2.861728e+00	+2.372285e+00	+2.750151e+00	+1.314479e+01	
+3.909474e+00	+5.196476e+02	+6.581881e+01	+2.867410e+00	+2.377762e+00	+2.753149e+00	+1.315454e+01	
+3.910794e+00	+5.198661e+02	+6.592287e+01	+2.873097e+00	+2.383245e+00	+2.756147e+00	+1.316429e+01	
+3.912115e+00	+5.200846e+02	+6.602703e+01	+2.878789e+00	+2.388733e+00	+2.759145e+00	+1.317405e+01	
+3.913435e+00	+5.203030e+02	+6.613126e+01	+2.884486e+00	+2.394226e+00	+2.762143e+00	+1.318381e+01	
+3.914755e+00	+5.205215e+02	+6.623559e+01	+2.890188e+00	+2.399724e+00	+2.765141e+00	+1.319359e+01	
+3.916076e+00	+5.207399e+02	+6.633999e+01	+2.895894e+00	+2.405227e+00	+2.768140e+00	+1.320336e+01	
+3.917396e+00	+5.209583e+02	+6.644448e+01	+2.901606e+00	+2.410735e+00	+2.771139e+00	+1.321315e+01	
+3.918716e+00	+5.211766e+02	+6.654905e+01	+2.907323e+00	+2.416249e+00	+2.774138e+00	+1.322294e+01	
+3.920037e+00	+5.213950e+02	+6.665371e+01	+2.913044e+00	+2.421767e+00	+2.777137e+00	+1.323273e+01	
+3.921357e+00	+5.216133e+02	+6.675846e+01	+2.918771e+00	+2.427290e+00	+2.780136e+00	+1.324253e+01	
+3.922677e+00	+5.218316e+02	+6.686328e+01	+2.924502e+00	+2.432818e+00	+2.783136e+00	+1.325234e+01	
+3.923998e+00	+5.220499e+02	+6.696820e+01	+2.930238e+00	+2.438351e+00	+2.786136e+00	+1.326215e+01	
+3.925318e+00	+5.222681e+02	+6.707319e+01	+2.935980e+00	+2.443889e+00	+2.789136e+00	+1.327198e+01	
+3.926638e+00	+5.224864e+02	+6.717827e+01	+2.941726e+00	+2.449432e+00	+2.792136e+00	+1.328181e+01	
+3.927959e+00	+5.227046e+02	+6.728344e+01	+2.947477e+00	+2.454980e+00	+2.795137e+00	+1.329166e+01	
+3.929279e+00	+5.229228e+02	+6.738869e+01	+2.953233e+00	+2.460533e+00	+2.798137e+00	+1.330150e+01	
+3.930599e+00	+5.231409e+02	+6.749403e+01	+2.958994e+00	+2.466091e+00	+2.801138e+00	+1.331136e+01	
+3.931920e+00	+5.233590e+02	+6.759945e+01	+2.964760e+00	+2.471654e+00	+2.804139e+00	+1.332122e+01	
+3.933240e+00	+5.235772e+02	+6.770496e+01	+2.970531e+00	+2.477222e+00	+2.807140e+00	+1.333109e+01	
+3.934560e+00	+5.237952e+02	+6.781055e+01	+2.976307e+00	+2.482795e+00	+2.810142e+00	+1.334096e+01	
+3.935881e+00	+5.240133e+02	+6.791623e+01	+2.982088e+00	+2.488373e+00	+2.813144e+00	+1.335084e+01	
+3.937201e+00	+5.242313e+02	+6.802200e+01	+2.987873e+00	+2.493956e+00	+2.816145e+00	+1.336073e+01	
+3.938521e+00	+5.244494e+02	+6.812785e+01	+2.993664e+00	+2.499544e+00	+2.819148e+00	+1.337062e+01	
+3.939842e+00	+5.246674e+02	+6.823378e+01	+2.999459e+00	+2.505137e+00	+2.822150e+00	+1.338051e+01	
+3.941162e+00	+5.248853e+02	+6.833981e+01	+3.005260e+00	+2.510734e+00	+2.825152e+00	+1.339042e+01	
+3.942482e+00	+5.251033e+02	+6.844591e+01	+3.011065e+00	+2.516337e+00	+2.828155e+00	+1.340033e+01	
+3.943803e+00	+5.253212e+02	+6.855211e+01	+3.016875e+00	+2.521945e+00	+2.831158e+00	+1.341024e+01	
+3.945123e+00	+5.255391e+02	+6.865839e+01	+3.022691e+00	+2.527557e+00	+2.834161e+00	+1.342016e+01	
+3.946443e+00	+5.257570e+02	+6.876475e+01	+3.028511e+00	+2.533175e+00	+2.837165e+00	+1.343009e+01	
+3.947763e+00	+5.259748e+02	+6.887120e+01	+3.034335e+00	+2.538797e+00	+2.840168e+00	+1.344003e+01	
+3.949084e+00	+5.261927e+02	+6.897774e+01	+3.040165e+00	+2.544425e+00	+2.843172e+00	+1.344997e+01	
+3.950404e+00	+5.264105e+02	+6.908437e+01	+3.046000e+00	+2.550057e+00	+2.846176e+00	+1.345991e+01	
+3.951724e+00	+5.266283e+02	+6.919108e+01	+3.051840e+00	+2.555694e+00	+2.849180e+00	+1.346986e+01	
+3.953045e+00	+5.268460e+02	+6.929787e+01	+3.057684e+00	+2.561337e+00	+2.852185e+00	+1.347982e+01	
+3.954365e+00	+5.270638e+02	+6.940476e+01	+3.063533e+00	+2.566984e+00	+2.855189e+00	+1.348979e+01	
+3.955685e+00	+5.272815e+02	+6.951173e+01	+3.069387e+00	+2.572636e+00	+2.858194e+00	+1.349976e+01	
+3.957006e+00	+5.274992e+02	+6.961878e+01	+3.075247e+00	+2.578293e+00	+2.861199e+00	+1.350973e+01	
