6.000000e-01 0.000000e+00
6.002000e-01 1.582119e-07
6.004000e-01 3.239587e-07
6.006000e-01 4.973510e-07
6.008000e-01 6.784928e-07
6.010000e-01 8.674808e-07
6.012000e-01 1.064405e-06
6.014000e-01 1.269348e-06
6.016000e-01 1.482387e-06
6.018000e-01 1.703590e-06
6.020000e-01 1.933020e-06
6.022000e-01 2.170733e-06
6.024000e-01 2.416776e-06
6.026000e-01 2.671190e-06
6.028000e-01 2.934012e-06
6.030000e-01 3.205268e-06
6.032000e-01 3.484979e-06
6.034000e-01 3.773159e-06
6.036000e-01 4.026059e-06
6.038000e-01 4.283075e-06
6.040000e-01 4.543966e-06
6.042000e-01 4.808490e-06
6.044000e-01 5.076404e-06
6.046000e-01 5.347466e-06
6.048000e-01 5.621435e-06
6.050000e-01 5.898067e-06
6.052000e-01 6.177120e-06
6.054000e-01 6.458354e-06
6.056000e-01 6.741524e-06
6.058000e-01 7.026390e-06
6.060000e-01 7.312709e-06
6.062000e-01 7.600239e-06
6.064000e-01 7.888737e-06
6.066000e-01 8.177962e-06
6.068000e-01 8.467671e-06
6.070000e-01 8.757622e-06
6.072000e-01 9.048632e-06
6.074000e-01 9.340583e-06
6.076000e-01 9.633365e-06
6.078000e-01 9.926872e-06
6.080000e-01 1.022101e-05
6.082000e-01 1.051569e-05
6.084000e-01 1.081082e-05
6.086000e-01 1.110633e-05
6.088000e-01 1.140216e-05
6.090000e-01 1.169824e-05
6.092000e-01 1.199450e-05
6.094000e-01 1.229092e-05
6.096000e-01 1.258743e-05
6.098000e-01 1.288402e-05
6.100000e-01 1.318065e-05
6.102000e-01 1.347730e-05
6.104000e-01 1.377395e-05
6.106000e-01 1.407061e-05
6.108000e-01 1.436727e-05
6.110000e-01 1.466392e-05
6.112000e-01 1.496058e-05
6.114000e-01 1.525723e-05
6.116000e-01 1.555389e-05
6.118000e-01 1.585055e-05
6.120000e-01 1.614720e-05
6.122000e-01 1.644386e-05
6.124000e-01 1.674051e-05
6.126000e-01 1.703717e-05
6.128000e-01 1.733383e-05
6.130000e-01 1.763048e-05
6.132000e-01 1.792714e-05
6.134000e-01 1.822379e-05
6.136000e-01 1.852045e-05
6.138000e-01 1.881711e-05
6.140000e-01 1.911376e-05
6.142000e-01 1.941042e-05
6.144000e-01 1.970707e-05
6.146000e-01 2.000373e-05
6.148000e-01 2.030039e-05
6.150000e-01 2.059704e-05
6.152000e-01 2.089370e-05
6.154000e-01 2.119035e-05
6.156000e-01 2.148701e-05
6.158000e-01 2.178367e-05
6.160000e-01 2.208032e-05
6.162000e-01 2.237698e-05
6.164000e-01 2.267363e-05
6.166000e-01 2.297029e-05
6.168000e-01 2.326694e-05
6.170000e-01 2.356360e-05
6.172000e-01 2.386026e-05
6.174000e-01 2.415691e-05
6.176000e-01 2.445357e-05
6.178000e-01 2.475022e-05
6.180000e-01 2.504688e-05
6.182000e-01 2.534354e-05
6.184000e-01 2.564019e-05
6.186000e-01 2.593685e-05
6.188000e-01 2.623350e-05
6.190000e-01 2.653016e-05
6.192000e-01 2.682682e-05
6.194000e-01 2.712347e-05
6.196000e-01 2.742013e-05
6.198000e-01 2.771678e-05
6.200000e-01 2.801344e-05
6.202000e-01 2.831010e-05
6.204000e-01 2.860675e-05
6.206000e-01 2.890341e-05
6.208000e-01 2.920006e-05
6.210000e-01 2.949672e-05
6.212000e-01 2.979338e-05
6.214000e-01 3.009003e-05
6.216000e-01 3.038669e-05
6.218000e-01 3.068334e-05
6.220000e-01 3.098000e-05
6.222000e-01 3.127666e-05
6.224000e-01 3.157331e-05
6.226000e-01 3.186997e-05
6.228000e-01 3.216662e-05
6.230000e-01 3.246328e-05
6.232000e-01 3.275994e-05
6.234000e-01 3.305659e-05
6.236000e-01 3.335325e-05
6.238000e-01 3.364990e-05
6.240000e-01 3.394656e-05
6.242000e-01 3.424321e-05
6.244000e-01 3.453987e-05
6.246000e-01 3.483653e-05
6.248000e-01 3.513318e-05
6.250000e-01 3.542984e-05
6.252000e-01 3.572649e-05
6.254000e-01 3.602315e-05
6.256000e-01 3.631981e-05
6.258000e-01 3.661646e-05
6.260000e-01 3.691312e-05
6.262000e-01 3.720977e-05
6.264000e-01 3.750643e-05
6.266000e-01 3.780309e-05
6.268000e-01 3.809974e-05
6.270000e-01 3.839640e-05
6.272000e-01 3.869305e-05
6.274000e-01 3.898971e-05
6.276000e-01 3.928637e-05
6.278000e-01 3.958302e-05
6.280000e-01 3.987968e-05
6.282000e-01 4.017633e-05
6.284000e-01 4.047299e-05
6.286000e-01 4.076965e-05
6.288000e-01 4.106630e-05
6.290000e-01 4.136296e-05
6.292000e-01 4.165961e-05
6.294000e-01 4.195627e-05
6.296000e-01 4.225293e-05
6.298000e-01 4.254958e-05
6.300000e-01 4.284624e-05
6.302000e-01 4.314289e-05
6.304000e-01 4.343955e-05
6.306000e-01 4.373620e-05
6.308000e-01 4.403286e-05
6.310000e-01 4.432952e-05
6.312000e-01 4.462617e-05
6.314000e-01 4.492283e-05
6.316000e-01 4.521948e-05
6.318000e-01 4.551614e-05
6.320000e-01 4.581280e-05
6.322000e-01 4.610945e-05
6.324000e-01 4.640611e-05
6.326000e-01 4.670276e-05
6.328000e-01 4.699942e-05
6.330000e-01 4.729608e-05
6.332000e-01 4.759273e-05
6.334000e-01 4.788939e-05
6.336000e-01 4.818604e-05
6.338000e-01 4.848270e-05
6.340000e-01 4.877936e-05
6.342000e-01 4.907601e-05
6.344000e-01 4.937267e-05
6.346000e-01 4.966932e-05
6.348000e-01 4.996598e-05
6.350000e-01 5.026264e-05
6.352000e-01 5.055929e-05
6.354000e-01 5.085595e-05
6.356000e-01 5.115260e-05
6.358000e-01 5.144926e-05
6.360000e-01 5.174592e-05
6.362000e-01 5.204257e-05
6.364000e-01 5.233923e-05
6.366000e-01 5.263588e-05
6.368000e-01 5.293254e-05
6.370000e-01 5.322919e-05
6.372000e-01 5.352585e-05
6.374000e-01 5.382251e-05
6.376000e-01 5.411916e-05
6.378000e-01 5.441582e-05
6.380000e-01 5.471247e-05
6.382000e-01 5.500913e-05
6.384000e-01 5.530579e-05
6.386000e-01 5.560244e-05
6.388000e-01 5.589910e-05
6.390000e-01 5.619575e-05
6.392000e-01 5.649241e-05
6.394000e-01 5.678907e-05
6.396000e-01 5.708572e-05
6.398000e-01 5.738238e-05
6.400000e-01 5.767903e-05
6.402000e-01 5.797569e-05
6.404000e-01 5.827235e-05
6.406000e-01 5.856900e-05
6.408000e-01 5.886566e-05
6.410000e-01 5.916231e-05
6.412000e-01 5.945897e-05
6.414000e-01 5.975563e-05
6.416000e-01 6.005228e-05
6.418000e-01 6.034894e-05
6.420000e-01 6.064559e-05
6.422000e-01 6.094225e-05
6.424000e-01 6.123891e-05
6.426000e-01 6.153556e-05
6.428000e-01 6.183222e-05
6.430000e-01 6.212887e-05
6.432000e-01 6.242553e-05
6.434000e-01 6.272218e-05
6.436000e-01 6.301884e-05
6.438000e-01 6.331550e-05
6.440000e-01 6.361215e-05
6.442000e-01 6.390881e-05
6.444000e-01 6.420546e-05
6.446000e-01 6.450212e-05
6.448000e-01 6.479878e-05
6.450000e-01 6.509543e-05
6.452000e-01 6.539209e-05
6.454000e-01 6.568874e-05
6.456000e-01 6.598540e-05
6.458000e-01 6.628206e-05
6.460000e-01 6.657871e-05
6.462000e-01 6.687537e-05
6.464000e-01 6.717202e-05
6.466000e-01 6.746868e-05
6.468000e-01 6.776534e-05
6.470000e-01 6.806199e-05
6.472000e-01 6.835865e-05
6.474000e-01 6.865530e-05
6.476000e-01 6.895196e-05
6.478000e-01 6.924862e-05
6.480000e-01 6.954527e-05
6.482000e-01 6.984193e-05
6.484000e-01 7.013858e-05
6.486000e-01 7.043524e-05
6.488000e-01 7.073190e-05
6.490000e-01 7.102855e-05
6.492000e-01 7.132521e-05
6.494000e-01 7.162186e-05
6.496000e-01 7.191852e-05
6.498000e-01 7.221517e-05
6.500000e-01 7.251183e-05
6.502000e-01 7.280849e-05
6.504000e-01 7.310514e-05
6.506000e-01 7.340180e-05
6.508000e-01 7.369845e-05
6.510000e-01 7.399511e-05
6.512000e-01 7.429177e-05
6.514000e-01 7.458842e-05
6.516000e-01 7.488508e-05
6.518000e-01 7.518173e-05
6.520000e-01 7.547839e-05
6.522000e-01 7.577505e-05
6.524000e-01 7.607170e-05
6.526000e-01 7.636836e-05
6.528000e-01 7.666501e-05
6.530000e-01 7.696167e-05
6.532000e-01 7.725833e-05
6.534000e-01 7.755498e-05
6.536000e-01 7.785164e-05
6.538000e-01 7.814829e-05
6.540000e-01 7.844495e-05
6.542000e-01 7.874161e-05
6.544000e-01 7.903826e-05
6.546000e-01 7.933492e-05
6.548000e-01 7.963157e-05
6.550000e-01 7.992823e-05
6.552000e-01 8.022489e-05
6.554000e-01 8.052154e-05
6.556000e-01 8.081820e-05
6.558000e-01 8.111485e-05
6.560000e-01 8.141151e-05
6.562000e-01 8.170816e-05
6.564000e-01 8.200482e-05
6.566000e-01 8.230148e-05
6.568000e-01 8.259813e-05
6.570000e-01 8.289479e-05
6.572000e-01 8.319144e-05
6.574000e-01 8.348810e-05
6.576000e-01 8.378476e-05
6.578000e-01 8.408141e-05
6.580000e-01 8.437807e-05
6.582000e-01 8.467472e-05
6.584000e-01 8.497138e-05
6.586000e-01 8.526804e-05
6.588000e-01 8.556469e-05
6.590000e-01 8.586135e-05
6.592000e-01 8.615800e-05
6.594000e-01 8.645466e-05
6.596000e-01 8.675132e-05
6.598000e-01 8.704797e-05
6.600000e-01 8.734463e-05
6.602000e-01 8.764128e-05
6.604000e-01 8.793794e-05
6.606000e-01 8.823460e-05
6.608000e-01 8.853125e-05
6.610000e-01 8.882791e-05
6.612000e-01 8.912456e-05
6.614000e-01 8.942122e-05
6.616000e-01 8.971788e-05
6.618000e-01 9.001453e-05
6.620000e-01 9.031119e-05
6.622000e-01 9.060784e-05
6.624000e-01 9.090450e-05
6.626000e-01 9.120116e-05
6.628000e-01 9.149781e-05
6.630000e-01 9.179447e-05
6.632000e-01 9.209112e-05
6.634000e-01 9.238778e-05
6.636000e-01 9.268443e-05
6.638000e-01 9.298109e-05
6.640000e-01 9.327775e-05
6.642000e-01 9.357440e-05
6.644000e-01 9.387106e-05
6.646000e-01 9.416771e-05
6.648000e-01 9.446437e-05
6.650000e-01 9.476103e-05
6.652000e-01 9.505768e-05
6.654000e-01 9.535434e-05
6.656000e-01 9.565099e-05
6.658000e-01 9.594765e-05
6.660000e-01 9.624431e-05
6.662000e-01 9.654096e-05
6.664000e-01 9.683762e-05
6.666000e-01 9.713427e-05
6.668000e-01 9.743093e-05
6.670000e-01 9.772759e-05
6.672000e-01 9.802424e-05
6.674000e-01 9.832090e-05
6.676000e-01 9.861755e-05
6.678000e-01 9.891421e-05
6.680000e-01 9.921087e-05
6.682000e-01 9.950752e-05
6.684000e-01 9.980418e-05
6.686000e-01 1.001008e-04
6.688000e-01 1.003975e-04
6.690000e-01 1.006941e-04
6.692000e-01 1.009908e-04
6.694000e-01 1.012875e-04
6.696000e-01 1.015841e-04
6.698000e-01 1.018808e-04
6.700000e-01 1.021774e-04
6.702000e-01 1.024741e-04
6.704000e-01 1.027707e-04
6.706000e-01 1.030674e-04
6.708000e-01 1.033640e-04
6.710000e-01 1.036607e-04
6.712000e-01 1.039574e-04
6.714000e-01 1.042540e-04
6.716000e-01 1.045507e-04
6.718000e-01 1.048473e-04
6.720000e-01 1.051440e-04
6.722000e-01 1.054406e-04
6.724000e-01 1.057373e-04
6.726000e-01 1.060340e-04
6.728000e-01 1.063306e-04
6.730000e-01 1.066273e-04
6.732000e-01 1.069239e-04
6.734000e-01 1.072206e-04
6.736000e-01 1.075172e-04
6.738000e-01 1.078139e-04
6.740000e-01 1.081105e-04
6.742000e-01 1.084072e-04
6.744000e-01 1.087039e-04
6.746000e-01 1.090005e-04
6.748000e-01 1.092972e-04
6.750000e-01 1.095938e-04
6.752000e-01 1.098905e-04
6.754000e-01 1.101871e-04
6.756000e-01 1.104838e-04
6.758000e-01 1.107804e-04
6.760000e-01 1.110771e-04
6.762000e-01 1.113738e-04
6.764000e-01 1.116704e-04
6.766000e-01 1.119671e-04
6.768000e-01 1.122637e-04
6.770000e-01 1.125604e-04
6.772000e-01 1.128570e-04
6.774000e-01 1.131537e-04
6.776000e-01 1.134504e-04
6.778000e-01 1.137470e-04
6.780000e-01 1.140437e-04
6.782000e-01 1.143403e-04
6.784000e-01 1.146370e-04
6.786000e-01 1.149336e-04
6.788000e-01 1.152303e-04
6.790000e-01 1.155269e-04
6.792000e-01 1.158236e-04
6.794000e-01 1.161203e-04
6.796000e-01 1.164169e-04
6.798000e-01 1.167136e-04
6.800000e-01 1.170102e-04
6.802000e-01 1.173069e-04
6.804000e-01 1.176035e-04
6.806000e-01 1.179002e-04
6.808000e-01 1.181968e-04
6.810000e-01 1.184935e-04
6.812000e-01 1.187902e-04
6.814000e-01 1.190868e-04
6.816000e-01 1.193835e-04
6.818000e-01 1.196801e-04
6.820000e-01 1.199768e-04
6.822000e-01 1.202734e-04
6.824000e-01 1.205701e-04
6.826000e-01 1.208667e-04
6.828000e-01 1.211634e-04
6.830000e-01 1.214601e-04
6.832000e-01 1.217567e-04
6.834000e-01 1.220534e-04
6.836000e-01 1.223500e-04
6.838000e-01 1.226467e-04
6.840000e-01 1.229433e-04
6.842000e-01 1.232400e-04
6.844000e-01 1.235367e-04
6.846000e-01 1.238333e-04
6.848000e-01 1.241300e-04
6.850000e-01 1.244266e-04
6.852000e-01 1.247233e-04
6.854000e-01 1.250199e-04
6.856000e-01 1.253166e-04
6.858000e-01 1.256132e-04
6.860000e-01 1.259099e-04
6.862000e-01 1.262066e-04
6.864000e-01 1.265032e-04
6.866000e-01 1.267999e-04
6.868000e-01 1.270965e-04
6.870000e-01 1.273932e-04
6.872000e-01 1.276898e-04
6.874000e-01 1.279865e-04
6.876000e-01 1.282831e-04
6.878000e-01 1.285798e-04
6.880000e-01 1.288765e-04
6.882000e-01 1.291731e-04
6.884000e-01 1.294698e-04
6.886000e-01 1.297664e-04
6.888000e-01 1.300631e-04
6.890000e-01 1.303597e-04
6.892000e-01 1.306564e-04
6.894000e-01 1.309531e-04
6.896000e-01 1.312497e-04
6.898000e-01 1.315464e-04
6.900000e-01 1.318430e-04
6.902000e-01 1.321397e-04
6.904000e-01 1.324363e-04
6.906000e-01 1.327330e-04
6.908000e-01 1.330296e-04
6.910000e-01 1.333263e-04
6.912000e-01 1.336230e-04
6.914000e-01 1.339196e-04
6.916000e-01 1.342163e-04
6.918000e-01 1.345129e-04
6.920000e-01 1.348096e-04
6.922000e-01 1.351062e-04
6.924000e-01 1.354029e-04
6.926000e-01 1.356995e-04
6.928000e-01 1.359962e-04
6.930000e-01 1.362929e-04
6.932000e-01 1.365895e-04
6.934000e-01 1.368862e-04
6.936000e-01 1.371828e-04
6.938000e-01 1.374795e-04
6.940000e-01 1.377761e-04
6.942000e-01 1.380728e-04
6.944000e-01 1.383694e-04
6.946000e-01 1.386661e-04
6.948000e-01 1.389628e-04
6.950000e-01 1.392594e-04
6.952000e-01 1.395561e-04
6.954000e-01 1.398527e-04
6.956000e-01 1.401494e-04
6.958000e-01 1.404460e-04
6.960000e-01 1.407427e-04
6.962000e-01 1.410394e-04
6.964000e-01 1.413360e-04
6.966000e-01 1.416327e-04
6.968000e-01 1.419293e-04
6.970000e-01 1.422260e-04
6.972000e-01 1.425226e-04
6.974000e-01 1.428193e-04
6.976000e-01 1.431159e-04
6.978000e-01 1.434126e-04
6.980000e-01 1.437093e-04
6.982000e-01 1.440059e-04
6.984000e-01 1.443026e-04
6.986000e-01 1.445992e-04
6.988000e-01 1.448959e-04
6.990000e-01 1.451925e-04
6.992000e-01 1.454892e-04
6.994000e-01 1.457858e-04
6.996000e-01 1.460825e-04
6.998000e-01 1.463792e-04
7.000000e-01 1.466758e-04
7.002000e-01 1.469725e-04
7.004000e-01 1.472691e-04
7.006000e-01 1.475658e-04
7.008000e-01 1.478624e-04
7.010000e-01 1.481591e-04
7.012000e-01 1.484558e-04
7.014000e-01 1.487524e-04
7.016000e-01 1.490491e-04
7.018000e-01 1.493457e-04
7.020000e-01 1.496424e-04
7.022000e-01 1.499390e-04
7.024000e-01 1.502357e-04
7.026000e-01 1.505323e-04
7.028000e-01 1.508290e-04
7.030000e-01 1.511257e-04
7.032000e-01 1.514223e-04
7.034000e-01 1.517190e-04
7.036000e-01 1.520156e-04
7.038000e-01 1.523123e-04
7.040000e-01 1.526089e-04
7.042000e-01 1.529056e-04
7.044000e-01 1.532022e-04
7.046000e-01 1.534989e-04
7.048000e-01 1.537956e-04
7.050000e-01 1.540922e-04
7.052000e-01 1.543889e-04
7.054000e-01 1.546855e-04
7.056000e-01 1.549822e-04
7.058000e-01 1.552788e-04
7.060000e-01 1.555755e-04
7.062000e-01 1.558721e-04
7.064000e-01 1.561688e-04
7.066000e-01 1.564655e-04
7.068000e-01 1.567621e-04
7.070000e-01 1.570588e-04
7.072000e-01 1.573554e-04
7.074000e-01 1.576521e-04
7.076000e-01 1.579487e-04
7.078000e-01 1.582454e-04
7.080000e-01 1.585421e-04
7.082000e-01 1.588387e-04
7.084000e-01 1.591354e-04
7.086000e-01 1.594320e-04
7.088000e-01 1.597287e-04
7.090000e-01 1.600253e-04
7.092000e-01 1.603220e-04
7.094000e-01 1.606186e-04
7.096000e-01 1.609153e-04
7.098000e-01 1.612120e-04
7.100000e-01 1.615087e-04
7.102000e-01 1.618056e-04
7.104000e-01 1.621030e-04
7.106000e-01 1.624010e-04
7.108000e-01 1.627001e-04
7.110000e-01 1.630006e-04
7.112000e-01 1.633030e-04
7.114000e-01 1.636080e-04
7.116000e-01 1.639160e-04
7.118000e-01 1.642279e-04
7.120000e-01 1.645443e-04
7.122000e-01 1.648661e-04
7.124000e-01 1.651941e-04
7.126000e-01 1.655294e-04
7.128000e-01 1.658730e-04
7.130000e-01 1.662260e-04
7.132000e-01 1.665895e-04
7.134000e-01 1.669649e-04
7.136000e-01 1.673534e-04
7.138000e-01 1.677563e-04
7.140000e-01 1.681752e-04
7.142000e-01 1.686116e-04
7.144000e-01 1.690670e-04
7.146000e-01 1.695431e-04
7.148000e-01 1.700417e-04
7.150000e-01 1.705645e-04
7.152000e-01 1.711134e-04
7.154000e-01 1.716903e-04
7.156000e-01 1.722972e-04
7.158000e-01 1.729363e-04
7.160000e-01 1.736095e-04
7.162000e-01 1.743192e-04
7.164000e-01 1.750677e-04
7.166000e-01 1.758572e-04
7.168000e-01 1.766902e-04
7.170000e-01 1.775690e-04
7.172000e-01 1.784957e-04
7.174000e-01 1.794725e-04
7.176000e-01 1.805014e-04
7.178000e-01 1.815844e-04
7.180000e-01 1.827232e-04
7.182000e-01 1.839198e-04
7.184000e-01 1.851758e-04
7.186000e-01 1.864927e-04
7.188000e-01 1.878722e-04
7.190000e-01 1.893158e-04
7.192000e-01 1.908246e-04
7.194000e-01 1.924002e-04
7.196000e-01 1.940435e-04
7.198000e-01 1.957559e-04
7.200000e-01 1.975382e-04
7.202000e-01 1.993916e-04
7.204000e-01 2.013167e-04
7.206000e-01 2.033145e-04
7.208000e-01 2.053856e-04
7.210000e-01 2.075307e-04
7.212000e-01 2.097502e-04
7.214000e-01 2.120447e-04
7.216000e-01 2.144146e-04
7.218000e-01 2.168600e-04
7.220000e-01 2.193813e-04
7.222000e-01 2.219786e-04
7.224000e-01 2.246518e-04
7.226000e-01 2.274011e-04
7.228000e-01 2.302261e-04
7.230000e-01 2.331268e-04
7.232000e-01 2.361029e-04
7.234000e-01 2.391539e-04
7.236000e-01 2.422795e-04
7.238000e-01 2.454791e-04
7.240000e-01 2.487523e-04
7.242000e-01 2.520987e-04
7.244000e-01 2.555179e-04
7.246000e-01 2.590098e-04
7.248000e-01 2.625739e-04
7.250000e-01 2.662102e-04
7.252000e-01 2.699183e-04
7.254000e-01 2.736981e-04
7.256000e-01 2.775495e-04
7.258000e-01 2.814724e-04
7.260000e-01 2.854667e-04
7.262000e-01 2.895325e-04
7.264000e-01 2.936697e-04
7.266000e-01 2.978785e-04
7.268000e-01 3.021588e-04
7.270000e-01 3.065108e-04
7.272000e-01 3.109347e-04
7.274000e-01 3.154306e-04
7.276000e-01 3.199988e-04
7.278000e-01 3.246396e-04
7.280000e-01 3.293533e-04
7.282000e-01 3.341401e-04
7.284000e-01 3.390005e-04
7.286000e-01 3.439349e-04
7.288000e-01 3.489437e-04
7.290000e-01 3.540274e-04
7.292000e-01 3.591865e-04
7.294000e-01 3.644215e-04
7.296000e-01 3.697331e-04
7.298000e-01 3.751219e-04
7.300000e-01 3.805885e-04
7.302000e-01 3.861336e-04
7.304000e-01 3.917580e-04
7.306000e-01 3.974624e-04
7.308000e-01 4.032475e-04
7.310000e-01 4.091143e-04
7.312000e-01 4.150633e-04
7.314000e-01 4.210952e-04
7.316000e-01 4.272107e-04
7.318000e-01 4.334101e-04
7.320000e-01 4.396940e-04
7.322000e-01 4.460628e-04
7.324000e-01 4.525167e-04
7.326000e-01 4.590561e-04
7.328000e-01 4.656812e-04
7.330000e-01 4.723921e-04
7.332000e-01 4.791888e-04
7.334000e-01 4.860715e-04
7.336000e-01 4.930400e-04
7.338000e-01 5.000943e-04
7.340000e-01 5.072342e-04
7.342000e-01 5.144594e-04
7.344000e-01 5.217697e-04
7.346000e-01 5.291648e-04
7.348000e-01 5.366441e-04
7.350000e-01 5.442072e-04
7.352000e-01 5.518536e-04
7.354000e-01 5.595827e-04
7.356000e-01 5.673938e-04
7.358000e-01 5.752862e-04
7.360000e-01 5.832591e-04
7.362000e-01 5.913117e-04
7.364000e-01 5.994429e-04
7.366000e-01 6.076519e-04
7.368000e-01 6.159377e-04
7.370000e-01 6.242990e-04
7.372000e-01 6.327348e-04
7.374000e-01 6.412438e-04
7.376000e-01 6.498248e-04
7.378000e-01 6.584764e-04
7.380000e-01 6.671971e-04
7.382000e-01 6.759857e-04
7.384000e-01 6.848406e-04
7.386000e-01 6.937607e-04
7.388000e-01 7.027447e-04
7.390000e-01 7.117915e-04
7.392000e-01 7.208998e-04
7.394000e-01 7.300688e-04
7.396000e-01 7.392973e-04
7.398000e-01 7.485846e-04
7.400000e-01 7.579296e-04
7.402000e-01 7.673315e-04
7.404000e-01 7.767897e-04
7.406000e-01 7.863035e-04
7.408000e-01 7.958721e-04
7.410000e-01 8.054951e-04
7.412000e-01 8.151719e-04
7.414000e-01 8.249021e-04
7.416000e-01 8.346852e-04
7.418000e-01 8.445210e-04
7.420000e-01 8.544092e-04
7.422000e-01 8.643495e-04
7.424000e-01 8.743418e-04
7.426000e-01 8.843860e-04
7.428000e-01 8.944820e-04
7.430000e-01 9.046300e-04
7.432000e-01 9.148299e-04
7.434000e-01 9.250820e-04
7.436000e-01 9.353863e-04
7.438000e-01 9.457433e-04
7.440000e-01 9.561532e-04
7.442000e-01 9.666163e-04
7.444000e-01 9.771332e-04
7.446000e-01 9.877043e-04
7.448000e-01 9.983302e-04
7.450000e-01 1.009012e-03
7.452000e-01 1.019749e-03
7.454000e-01 1.030543e-03
7.456000e-01 1.041395e-03
7.458000e-01 1.052306e-03
7.460000e-01 1.063276e-03
7.462000e-01 1.074306e-03
7.464000e-01 1.085397e-03
7.466000e-01 1.096550e-03
7.468000e-01 1.107766e-03
7.470000e-01 1.119046e-03
7.472000e-01 1.130392e-03
7.474000e-01 1.141803e-03
7.476000e-01 1.153282e-03
7.478000e-01 1.164829e-03
7.480000e-01 1.176446e-03
7.482000e-01 1.188133e-03
7.484000e-01 1.199893e-03
7.486000e-01 1.211726e-03
7.488000e-01 1.223633e-03
7.490000e-01 1.235617e-03
7.492000e-01 1.247677e-03
7.494000e-01 1.259817e-03
7.496000e-01 1.272037e-03
7.498000e-01 1.284338e-03
7.500000e-01 1.296723e-03
7.502000e-01 1.309192e-03
7.504000e-01 1.321748e-03
7.506000e-01 1.334391e-03
7.508000e-01 1.347124e-03
7.510000e-01 1.359948e-03
7.512000e-01 1.372865e-03
7.514000e-01 1.385877e-03
7.516000e-01 1.398985e-03
7.518000e-01 1.412191e-03
7.520000e-01 1.425497e-03
7.522000e-01 1.438906e-03
7.524000e-01 1.452417e-03
7.526000e-01 1.466035e-03
7.528000e-01 1.479759e-03
7.530000e-01 1.493593e-03
7.532000e-01 1.507537e-03
7.534000e-01 1.521594e-03
7.536000e-01 1.535766e-03
7.538000e-01 1.550053e-03
7.540000e-01 1.564458e-03
7.542000e-01 1.578982e-03
7.544000e-01 1.593628e-03
7.546000e-01 1.608396e-03
7.548000e-01 1.623289e-03
7.550000e-01 1.638307e-03
7.552000e-01 1.653453e-03
7.554000e-01 1.668729e-03
7.556000e-01 1.684135e-03
7.558000e-01 1.699674e-03
7.560000e-01 1.715346e-03
7.562000e-01 1.731155e-03
7.564000e-01 1.747100e-03
7.566000e-01 1.763184e-03
7.568000e-01 1.779408e-03
7.570000e-01 1.795773e-03
7.572000e-01 1.812281e-03
7.574000e-01 1.828934e-03
7.576000e-01 1.845733e-03
7.578000e-01 1.862680e-03
7.580000e-01 1.879775e-03
7.582000e-01 1.897020e-03
7.584000e-01 1.914417e-03
7.586000e-01 1.931967e-03
7.588000e-01 1.949671e-03
7.590000e-01 1.967531e-03
7.592000e-01 1.985548e-03
7.594000e-01 2.003723e-03
7.596000e-01 2.022057e-03
7.598000e-01 2.040552e-03
7.600000e-01 2.059208e-03
7.602000e-01 2.078026e-03
7.604000e-01 2.097008e-03
7.606000e-01 2.116154e-03
7.608000e-01 2.135465e-03
7.610000e-01 2.154942e-03
7.612000e-01 2.174586e-03
7.614000e-01 2.194397e-03
7.616000e-01 2.214376e-03
7.618000e-01 2.234524e-03
7.620000e-01 2.254841e-03
7.622000e-01 2.275328e-03
7.624000e-01 2.295986e-03
7.626000e-01 2.316815e-03
7.628000e-01 2.337815e-03
7.630000e-01 2.358987e-03
7.632000e-01 2.380332e-03
7.634000e-01 2.401849e-03
7.636000e-01 2.423538e-03
7.638000e-01 2.445401e-03
7.640000e-01 2.467437e-03
7.642000e-01 2.489647e-03
7.644000e-01 2.512031e-03
7.646000e-01 2.534588e-03
7.648000e-01 2.557318e-03
7.650000e-01 2.580223e-03
7.652000e-01 2.603301e-03
7.654000e-01 2.626553e-03
7.656000e-01 2.649978e-03
7.658000e-01 2.673577e-03
7.660000e-01 2.697349e-03
7.662000e-01 2.721294e-03
7.664000e-01 2.745411e-03
7.666000e-01 2.769702e-03
7.668000e-01 2.794167e-03
7.670000e-01 2.818805e-03
7.672000e-01 2.843617e-03
7.674000e-01 2.868604e-03
7.676000e-01 2.893767e-03
7.678000e-01 2.919106e-03
7.680000e-01 2.944623e-03
7.682000e-01 2.970318e-03
7.684000e-01 2.996192e-03
7.686000e-01 3.022248e-03
7.688000e-01 3.048485e-03
7.690000e-01 3.074906e-03
7.692000e-01 3.101513e-03
7.694000e-01 3.128307e-03
7.696000e-01 3.155289e-03
7.698000e-01 3.182463e-03
7.700000e-01 3.209829e-03
7.702000e-01 3.237390e-03
7.704000e-01 3.265148e-03
7.706000e-01 3.293107e-03
7.708000e-01 3.321267e-03
7.710000e-01 3.349632e-03
7.712000e-01 3.378205e-03
7.714000e-01 3.406988e-03
7.716000e-01 3.435984e-03
7.718000e-01 3.465196e-03
7.720000e-01 3.494628e-03
7.722000e-01 3.524283e-03
7.724000e-01 3.554164e-03
7.726000e-01 3.584274e-03
7.728000e-01 3.614618e-03
7.730000e-01 3.645199e-03
7.732000e-01 3.676020e-03
7.734000e-01 3.707086e-03
7.736000e-01 3.738400e-03
7.738000e-01 3.769965e-03
7.740000e-01 3.801784e-03
7.742000e-01 3.833858e-03
7.744000e-01 3.866189e-03
7.746000e-01 3.898779e-03
7.748000e-01 3.931628e-03
7.750000e-01 3.964737e-03
7.752000e-01 3.998106e-03
7.754000e-01 4.031734e-03
7.756000e-01 4.065621e-03
7.758000e-01 4.099765e-03
7.760000e-01 4.134165e-03
7.762000e-01 4.168819e-03
7.764000e-01 4.203724e-03
7.766000e-01 4.238878e-03
7.768000e-01 4.274276e-03
7.770000e-01 4.309916e-03
7.772000e-01 4.345792e-03
7.774000e-01 4.381901e-03
7.776000e-01 4.418238e-03
7.778000e-01 4.454796e-03
7.780000e-01 4.491571e-03
7.782000e-01 4.528555e-03
7.784000e-01 4.565743e-03
7.786000e-01 4.603127e-03
7.788000e-01 4.640700e-03
7.790000e-01 4.678453e-03
7.792000e-01 4.716378e-03
7.794000e-01 4.754467e-03
7.796000e-01 4.792711e-03
7.798000e-01 4.831099e-03
7.800000e-01 4.869621e-03
7.802000e-01 4.908268e-03
7.804000e-01 4.947029e-03
7.806000e-01 4.985892e-03
7.808000e-01 5.024849e-03
7.810000e-01 5.063891e-03
7.812000e-01 5.103009e-03
7.814000e-01 5.142197e-03
7.816000e-01 5.181446e-03
7.818000e-01 5.220752e-03
7.820000e-01 5.260108e-03
7.822000e-01 5.299510e-03
7.824000e-01 5.338953e-03
7.826000e-01 5.378434e-03
7.828000e-01 5.417950e-03
7.830000e-01 5.457500e-03
7.832000e-01 5.497081e-03
7.834000e-01 5.536693e-03
7.836000e-01 5.576335e-03
7.838000e-01 5.616008e-03
7.840000e-01 5.655714e-03
7.842000e-01 5.695454e-03
7.844000e-01 5.735230e-03
7.846000e-01 5.775047e-03
7.848000e-01 5.814907e-03
7.850000e-01 5.854816e-03
7.852000e-01 5.894778e-03
7.854000e-01 5.934800e-03
7.856000e-01 5.974888e-03
7.858000e-01 6.015049e-03
7.860000e-01 6.055291e-03
7.862000e-01 6.095623e-03
7.864000e-01 6.136054e-03
7.866000e-01 6.176594e-03
7.868000e-01 6.217254e-03
7.870000e-01 6.258044e-03
7.872000e-01 6.298977e-03
7.874000e-01 6.340065e-03
7.876000e-01 6.381321e-03
7.878000e-01 6.422755e-03
7.880000e-01 6.464378e-03
7.882000e-01 6.506199e-03
7.884000e-01 6.548228e-03
7.886000e-01 6.590473e-03
7.888000e-01 6.632940e-03
7.890000e-01 6.675637e-03
7.892000e-01 6.718570e-03
7.894000e-01 6.761744e-03
7.896000e-01 6.805162e-03
7.898000e-01 6.848830e-03
7.900000e-01 6.892749e-03
7.902000e-01 6.936921e-03
7.904000e-01 6.981349e-03
7.906000e-01 7.026032e-03
7.908000e-01 7.070971e-03
7.910000e-01 7.116164e-03
7.912000e-01 7.161611e-03
7.914000e-01 7.207308e-03
7.916000e-01 7.253252e-03
7.918000e-01 7.299440e-03
7.920000e-01 7.345866e-03
7.922000e-01 7.392526e-03
7.924000e-01 7.439413e-03
7.926000e-01 7.486520e-03
7.928000e-01 7.533839e-03
7.930000e-01 7.581363e-03
7.932000e-01 7.629081e-03
7.934000e-01 7.676984e-03
7.936000e-01 7.725061e-03
7.938000e-01 7.773300e-03
7.940000e-01 7.821690e-03
7.942000e-01 7.870217e-03
7.944000e-01 7.918868e-03
7.946000e-01 7.967628e-03
7.948000e-01 8.016486e-03
7.950000e-01 8.065429e-03
7.952000e-01 8.114445e-03
7.954000e-01 8.163524e-03
7.956000e-01 8.212656e-03
7.958000e-01 8.261831e-03
7.960000e-01 8.311040e-03
7.962000e-01 8.360275e-03
7.964000e-01 8.409530e-03
7.966000e-01 8.458797e-03
7.968000e-01 8.508071e-03
7.970000e-01 8.557345e-03
7.972000e-01 8.606616e-03
7.974000e-01 8.655880e-03
7.976000e-01 8.705133e-03
7.978000e-01 8.754373e-03
7.980000e-01 8.803598e-03
7.982000e-01 8.852806e-03
7.984000e-01 8.901999e-03
7.986000e-01 8.951174e-03
7.988000e-01 9.000334e-03
7.990000e-01 9.049481e-03
7.992000e-01 9.098615e-03
7.994000e-01 9.147741e-03
7.996000e-01 9.196862e-03
7.998000e-01 9.245982e-03
8.000000e-01 9.295107e-03
8.002000e-01 9.344242e-03
8.004000e-01 9.393393e-03
8.006000e-01 9.442568e-03
8.008000e-01 9.491774e-03
8.010000e-01 9.541020e-03
8.012000e-01 9.590315e-03
8.014000e-01 9.639669e-03
8.016000e-01 9.689092e-03
8.018000e-01 9.738595e-03
8.020000e-01 9.788189e-03
8.022000e-01 9.837885e-03
8.024000e-01 9.887695e-03
8.026000e-01 9.937631e-03
8.028000e-01 9.987707e-03
8.030000e-01 1.003794e-02
8.032000e-01 1.008833e-02
8.034000e-01 1.013890e-02
8.036000e-01 1.018967e-02
8.038000e-01 1.024065e-02
8.040000e-01 1.029185e-02
8.042000e-01 1.034329e-02
8.044000e-01 1.039499e-02
8.046000e-01 1.044696e-02
8.048000e-01 1.049922e-02
8.050000e-01 1.055178e-02
8.052000e-01 1.060467e-02
8.054000e-01 1.065790e-02
8.056000e-01 1.071149e-02
8.058000e-01 1.076547e-02
8.060000e-01 1.081984e-02
8.062000e-01 1.087463e-02
8.064000e-01 1.092985e-02
8.066000e-01 1.098554e-02
8.068000e-01 1.104171e-02
8.070000e-01 1.109838e-02
8.072000e-01 1.115557e-02
8.074000e-01 1.121331e-02
8.076000e-01 1.127162e-02
8.078000e-01 1.133052e-02
8.080000e-01 1.139004e-02
8.082000e-01 1.145019e-02
8.084000e-01 1.151101e-02
8.086000e-01 1.157251e-02
8.088000e-01 1.163473e-02
8.090000e-01 1.169768e-02
8.092000e-01 1.176138e-02
8.094000e-01 1.182584e-02
8.096000e-01 1.189110e-02
8.098000e-01 1.195715e-02
8.100000e-01 1.202402e-02
8.102000e-01 1.209170e-02
8.104000e-01 1.216022e-02
8.106000e-01 1.222957e-02
8.108000e-01 1.229977e-02
8.110000e-01 1.237081e-02
8.112000e-01 1.244269e-02
8.114000e-01 1.251542e-02
8.116000e-01 1.258899e-02
8.118000e-01 1.266340e-02
8.120000e-01 1.273864e-02
8.122000e-01 1.281470e-02
8.124000e-01 1.289158e-02
8.126000e-01 1.296925e-02
8.128000e-01 1.304772e-02
8.130000e-01 1.312696e-02
8.132000e-01 1.320696e-02
8.134000e-01 1.328769e-02
8.136000e-01 1.336914e-02
8.138000e-01 1.345128e-02
8.140000e-01 1.353409e-02
8.142000e-01 1.361754e-02
8.144000e-01 1.370160e-02
8.146000e-01 1.378625e-02
8.148000e-01 1.387146e-02
8.150000e-01 1.395718e-02
8.152000e-01 1.404338e-02
8.154000e-01 1.413003e-02
8.156000e-01 1.421708e-02
8.158000e-01 1.430450e-02
8.160000e-01 1.439226e-02
8.162000e-01 1.448031e-02
8.164000e-01 1.456864e-02
8.166000e-01 1.465721e-02
8.168000e-01 1.474600e-02
8.170000e-01 1.483498e-02
8.172000e-01 1.492415e-02
8.174000e-01 1.501349e-02
8.176000e-01 1.510298e-02
8.178000e-01 1.519262e-02
8.180000e-01 1.528240e-02
8.182000e-01 1.537231e-02
8.184000e-01 1.546237e-02
8.186000e-01 1.555257e-02
8.188000e-01 1.564291e-02
8.190000e-01 1.573342e-02
8.192000e-01 1.582409e-02
8.194000e-01 1.591494e-02
8.196000e-01 1.600600e-02
8.198000e-01 1.609729e-02
8.200000e-01 1.618882e-02
8.202000e-01 1.628062e-02
8.204000e-01 1.637273e-02
8.206000e-01 1.646518e-02
8.208000e-01 1.655800e-02
8.210000e-01 1.665124e-02
8.212000e-01 1.674493e-02
8.214000e-01 1.683912e-02
8.216000e-01 1.693386e-02
8.218000e-01 1.702920e-02
8.220000e-01 1.712519e-02
8.222000e-01 1.722189e-02
8.224000e-01 1.731936e-02
8.226000e-01 1.741766e-02
8.228000e-01 1.751686e-02
8.230000e-01 1.761702e-02
8.232000e-01 1.771819e-02
8.234000e-01 1.782044e-02
8.236000e-01 1.792380e-02
8.238000e-01 1.802833e-02
8.240000e-01 1.813407e-02
8.242000e-01 1.824106e-02
8.244000e-01 1.834932e-02
8.246000e-01 1.845890e-02
8.248000e-01 1.856982e-02
8.250000e-01 1.868209e-02
8.252000e-01 1.879576e-02
8.254000e-01 1.891082e-02
8.256000e-01 1.902729e-02
8.258000e-01 1.914517e-02
8.260000e-01 1.926448e-02
8.262000e-01 1.938522e-02
8.264000e-01 1.950737e-02
8.266000e-01 1.963094e-02
8.268000e-01 1.975591e-02
8.270000e-01 1.988227e-02
8.272000e-01 2.001000e-02
8.274000e-01 2.013908e-02
8.276000e-01 2.026948e-02
8.278000e-01 2.040118e-02
8.280000e-01 2.053413e-02
8.282000e-01 2.066831e-02
8.284000e-01 2.080367e-02
8.286000e-01 2.094017e-02
8.288000e-01 2.107775e-02
8.290000e-01 2.121637e-02
8.292000e-01 2.135598e-02
8.294000e-01 2.149650e-02
8.296000e-01 2.163788e-02
8.298000e-01 2.178005e-02
8.300000e-01 2.192295e-02
8.302000e-01 2.206652e-02
8.304000e-01 2.221069e-02
8.306000e-01 2.235543e-02
8.308000e-01 2.250067e-02
8.310000e-01 2.264639e-02
8.312000e-01 2.279252e-02
8.314000e-01 2.293905e-02
8.316000e-01 2.308593e-02
8.318000e-01 2.323314e-02
8.320000e-01 2.338064e-02
8.322000e-01 2.352843e-02
8.324000e-01 2.367648e-02
8.326000e-01 2.382477e-02
8.328000e-01 2.397330e-02
8.330000e-01 2.412206e-02
8.332000e-01 2.427104e-02
8.334000e-01 2.442026e-02
8.336000e-01 2.456971e-02
8.338000e-01 2.471939e-02
8.340000e-01 2.486934e-02
8.342000e-01 2.501955e-02
8.344000e-01 2.517005e-02
8.346000e-01 2.532087e-02
8.348000e-01 2.547203e-02
8.350000e-01 2.562356e-02
8.352000e-01 2.577550e-02
8.354000e-01 2.592789e-02
8.356000e-01 2.608077e-02
8.358000e-01 2.623419e-02
8.360000e-01 2.638819e-02
8.362000e-01 2.654283e-02
8.364000e-01 2.669818e-02
8.366000e-01 2.685428e-02
8.368000e-01 2.701121e-02
8.370000e-01 2.716904e-02
8.372000e-01 2.732781e-02
8.374000e-01 2.748758e-02
8.376000e-01 2.764842e-02
8.378000e-01 2.781037e-02
8.380000e-01 2.797348e-02
8.382000e-01 2.813781e-02
8.384000e-01 2.830339e-02
8.386000e-01 2.847027e-02
8.388000e-01 2.863849e-02
8.390000e-01 2.880808e-02
8.392000e-01 2.897909e-02
8.394000e-01 2.915154e-02
8.396000e-01 2.932547e-02
8.398000e-01 2.950090e-02
8.400000e-01 2.967786e-02
8.402000e-01 2.985637e-02
8.404000e-01 3.003645e-02
8.406000e-01 3.021812e-02
8.408000e-01 3.040140e-02
8.410000e-01 3.058630e-02
8.412000e-01 3.077283e-02
8.414000e-01 3.096100e-02
8.416000e-01 3.115082e-02
8.418000e-01 3.134229e-02
8.420000e-01 3.153540e-02
8.422000e-01 3.173016e-02
8.424000e-01 3.192657e-02
8.426000e-01 3.212462e-02
8.428000e-01 3.232430e-02
8.430000e-01 3.252560e-02
8.432000e-01 3.272850e-02
8.434000e-01 3.293300e-02
8.436000e-01 3.313906e-02
8.438000e-01 3.334668e-02
8.440000e-01 3.355583e-02
8.442000e-01 3.376650e-02
8.444000e-01 3.397866e-02
8.446000e-01 3.419230e-02
8.448000e-01 3.440740e-02
8.450000e-01 3.462394e-02
8.452000e-01 3.484191e-02
8.454000e-01 3.506129e-02
8.456000e-01 3.528206e-02
8.458000e-01 3.550420e-02
8.460000e-01 3.572770e-02
8.462000e-01 3.595254e-02
8.464000e-01 3.617870e-02
8.466000e-01 3.640616e-02
8.468000e-01 3.663492e-02
8.470000e-01 3.686494e-02
8.472000e-01 3.709622e-02
8.474000e-01 3.732874e-02
8.476000e-01 3.756248e-02
8.478000e-01 3.779742e-02
8.480000e-01 3.803356e-02
8.482000e-01 3.827087e-02
8.484000e-01 3.850933e-02
8.486000e-01 3.874894e-02
8.488000e-01 3.898967e-02
8.490000e-01 3.923151e-02
8.492000e-01 3.947444e-02
8.494000e-01 3.971845e-02
8.496000e-01 3.996353e-02
8.498000e-01 4.020965e-02
8.500000e-01 4.045681e-02
8.502000e-01 4.070498e-02
8.504000e-01 4.095415e-02
8.506000e-01 4.120431e-02
8.508000e-01 4.145544e-02
8.510000e-01 4.170752e-02
8.512000e-01 4.196055e-02
8.514000e-01 4.221450e-02
8.516000e-01 4.246936e-02
8.518000e-01 4.272512e-02
8.520000e-01 4.298176e-02
8.522000e-01 4.323927e-02
8.524000e-01 4.349765e-02
8.526000e-01 4.375687e-02
8.528000e-01 4.401694e-02
8.530000e-01 4.427784e-02
8.532000e-01 4.453956e-02
8.534000e-01 4.480209e-02
8.536000e-01 4.506544e-02
8.538000e-01 4.532959e-02
8.540000e-01 4.559453e-02
8.542000e-01 4.586027e-02
8.544000e-01 4.612680e-02
8.546000e-01 4.639412e-02
8.548000e-01 4.666221e-02
8.550000e-01 4.693109e-02
8.552000e-01 4.720075e-02
8.554000e-01 4.747119e-02
8.556000e-01 4.774242e-02
8.558000e-01 4.801442e-02
8.560000e-01 4.828721e-02
8.562000e-01 4.856079e-02
8.564000e-01 4.883515e-02
8.566000e-01 4.911032e-02
8.568000e-01 4.938628e-02
8.570000e-01 4.966305e-02
8.572000e-01 4.994063e-02
8.574000e-01 5.021903e-02
8.576000e-01 5.049825e-02
8.578000e-01 5.077832e-02
8.580000e-01 5.105922e-02
8.582000e-01 5.134098e-02
8.584000e-01 5.162361e-02
8.586000e-01 5.190710e-02
8.588000e-01 5.219148e-02
8.590000e-01 5.247676e-02
8.592000e-01 5.276293e-02
8.594000e-01 5.305003e-02
8.596000e-01 5.333805e-02
8.598000e-01 5.362702e-02
8.600000e-01 5.391695e-02
8.602000e-01 5.420786e-02
8.604000e-01 5.449975e-02
8.606000e-01 5.479265e-02
8.608000e-01 5.508657e-02
8.610000e-01 5.538153e-02
8.612000e-01 5.567756e-02
8.614000e-01 5.597466e-02
8.616000e-01 5.627286e-02
8.618000e-01 5.657218e-02
8.620000e-01 5.687264e-02
8.622000e-01 5.717426e-02
8.624000e-01 5.747707e-02
8.626000e-01 5.778109e-02
8.628000e-01 5.808633e-02
8.630000e-01 5.839284e-02
8.632000e-01 5.870062e-02
8.634000e-01 5.900972e-02
8.636000e-01 5.932015e-02
8.638000e-01 5.963194e-02
8.640000e-01 5.994512e-02
8.642000e-01 6.025972e-02
8.644000e-01 6.057577e-02
8.646000e-01 6.089330e-02
8.648000e-01 6.121233e-02
8.650000e-01 6.153291e-02
8.652000e-01 6.185506e-02
8.654000e-01 6.217881e-02
8.656000e-01 6.250420e-02
8.658000e-01 6.283126e-02
8.660000e-01 6.316001e-02
8.662000e-01 6.349047e-02
8.664000e-01 6.382266e-02
8.666000e-01 6.415661e-02
8.668000e-01 6.449234e-02
8.670000e-01 6.482985e-02
8.672000e-01 6.516917e-02
8.674000e-01 6.551030e-02
8.676000e-01 6.585325e-02
8.678000e-01 6.619804e-02
8.680000e-01 6.654466e-02
8.682000e-01 6.689312e-02
8.684000e-01 6.724343e-02
8.686000e-01 6.759557e-02
8.688000e-01 6.794956e-02
8.690000e-01 6.830538e-02
8.692000e-01 6.866302e-02
8.694000e-01 6.902249e-02
8.696000e-01 6.938376e-02
8.698000e-01 6.974683e-02
8.700000e-01 7.011168e-02
8.702000e-01 7.047830e-02
8.704000e-01 7.084665e-02
8.706000e-01 7.121674e-02
8.708000e-01 7.158852e-02
8.710000e-01 7.196198e-02
8.712000e-01 7.233709e-02
8.714000e-01 7.271383e-02
8.716000e-01 7.309215e-02
8.718000e-01 7.347202e-02
8.720000e-01 7.385342e-02
8.722000e-01 7.423630e-02
8.724000e-01 7.462063e-02
8.726000e-01 7.500639e-02
8.728000e-01 7.539354e-02
8.730000e-01 7.578207e-02
8.732000e-01 7.617196e-02
8.734000e-01 7.656321e-02
8.736000e-01 7.695581e-02
8.738000e-01 7.734975e-02
8.740000e-01 7.774505e-02
8.742000e-01 7.814171e-02
8.744000e-01 7.853974e-02
8.746000e-01 7.893917e-02
8.748000e-01 7.934002e-02
8.750000e-01 7.974231e-02
8.752000e-01 8.014608e-02
8.754000e-01 8.055136e-02
8.756000e-01 8.095819e-02
8.758000e-01 8.136663e-02
8.760000e-01 8.177672e-02
8.762000e-01 8.218852e-02
8.764000e-01 8.260209e-02
8.766000e-01 8.301750e-02
8.768000e-01 8.343481e-02
8.770000e-01 8.385410e-02
8.772000e-01 8.427545e-02
8.774000e-01 8.469893e-02
8.776000e-01 8.512465e-02
8.778000e-01 8.555270e-02
8.780000e-01 8.598317e-02
8.782000e-01 8.641616e-02
8.784000e-01 8.685178e-02
8.786000e-01 8.729015e-02
8.788000e-01 8.773138e-02
8.790000e-01 8.817559e-02
8.792000e-01 8.862292e-02
8.794000e-01 8.907346e-02
8.796000e-01 8.952735e-02
8.798000e-01 8.998468e-02
8.800000e-01 9.044556e-02
8.802000e-01 9.091008e-02
8.804000e-01 9.137832e-02
8.806000e-01 9.185036e-02
8.808000e-01 9.232629e-02
8.810000e-01 9.280617e-02
8.812000e-01 9.329006e-02
8.814000e-01 9.377802e-02
8.816000e-01 9.427011e-02
8.818000e-01 9.476635e-02
8.820000e-01 9.526680e-02
8.822000e-01 9.577148e-02
8.824000e-01 9.628041e-02
8.826000e-01 9.679363e-02
8.828000e-01 9.731113e-02
8.830000e-01 9.783294e-02
8.832000e-01 9.835904e-02
8.834000e-01 9.888944e-02
8.836000e-01 9.942412e-02
8.838000e-01 9.996306e-02
8.840000e-01 1.005062e-01
8.842000e-01 1.010536e-01
8.844000e-01 1.016052e-01
8.846000e-01 1.021609e-01
8.848000e-01 1.027207e-01
8.850000e-01 1.032845e-01
8.852000e-01 1.038522e-01
8.854000e-01 1.044239e-01
8.856000e-01 1.049994e-01
8.858000e-01 1.055787e-01
8.860000e-01 1.061616e-01
8.862000e-01 1.067480e-01
8.864000e-01 1.073380e-01
8.866000e-01 1.079313e-01
8.868000e-01 1.085280e-01
8.870000e-01 1.091278e-01
8.872000e-01 1.097309e-01
8.874000e-01 1.103369e-01
8.876000e-01 1.109459e-01
8.878000e-01 1.115578e-01
8.880000e-01 1.121724e-01
8.882000e-01 1.127897e-01
8.884000e-01 1.134096e-01
8.886000e-01 1.140320e-01
8.888000e-01 1.146568e-01
8.890000e-01 1.152839e-01
8.892000e-01 1.159132e-01
8.894000e-01 1.165446e-01
8.896000e-01 1.171780e-01
8.898000e-01 1.178134e-01
8.900000e-01 1.184506e-01
8.902000e-01 1.190895e-01
8.904000e-01 1.197300e-01
8.906000e-01 1.203721e-01
8.908000e-01 1.210155e-01
8.910000e-01 1.216603e-01
8.912000e-01 1.223064e-01
8.914000e-01 1.229535e-01
8.916000e-01 1.236017e-01
8.918000e-01 1.242508e-01
8.920000e-01 1.249007e-01
8.922000e-01 1.255512e-01
8.924000e-01 1.262024e-01
8.926000e-01 1.268541e-01
8.928000e-01 1.275062e-01
8.930000e-01 1.281586e-01
8.932000e-01 1.288111e-01
8.934000e-01 1.294637e-01
8.936000e-01 1.301162e-01
8.938000e-01 1.307686e-01
8.940000e-01 1.314208e-01
8.942000e-01 1.320726e-01
8.944000e-01 1.327240e-01
8.946000e-01 1.333750e-01
8.948000e-01 1.340254e-01
8.950000e-01 1.346753e-01
8.952000e-01 1.353245e-01
8.954000e-01 1.359731e-01
8.956000e-01 1.366210e-01
8.958000e-01 1.372681e-01
8.960000e-01 1.379145e-01
8.962000e-01 1.385601e-01
8.964000e-01 1.392050e-01
8.966000e-01 1.398491e-01
8.968000e-01 1.404925e-01
8.970000e-01 1.411352e-01
8.972000e-01 1.417771e-01
8.974000e-01 1.424184e-01
8.976000e-01 1.430591e-01
8.978000e-01 1.436992e-01
8.980000e-01 1.443388e-01
8.982000e-01 1.449779e-01
8.984000e-01 1.456167e-01
8.986000e-01 1.462551e-01
8.988000e-01 1.468933e-01
8.990000e-01 1.475314e-01
8.992000e-01 1.481694e-01
8.994000e-01 1.488075e-01
8.996000e-01 1.494458e-01
8.998000e-01 1.500844e-01
9.000000e-01 1.507235e-01
9.002000e-01 1.513631e-01
9.004000e-01 1.520035e-01
9.006000e-01 1.526447e-01
9.008000e-01 1.532868e-01
9.010000e-01 1.539301e-01
9.012000e-01 1.545747e-01
9.014000e-01 1.552205e-01
9.016000e-01 1.558679e-01
9.018000e-01 1.565167e-01
9.020000e-01 1.571673e-01
9.022000e-01 1.578195e-01
9.024000e-01 1.584736e-01
9.026000e-01 1.591296e-01
9.028000e-01 1.597876e-01
9.030000e-01 1.604476e-01
9.032000e-01 1.611096e-01
9.034000e-01 1.617739e-01
9.036000e-01 1.624403e-01
9.038000e-01 1.631090e-01
9.040000e-01 1.637799e-01
9.042000e-01 1.644532e-01
9.044000e-01 1.651287e-01
9.046000e-01 1.658066e-01
9.048000e-01 1.664869e-01
9.050000e-01 1.671695e-01
9.052000e-01 1.678545e-01
9.054000e-01 1.685418e-01
9.056000e-01 1.692315e-01
9.058000e-01 1.699235e-01
9.060000e-01 1.706177e-01
9.062000e-01 1.713143e-01
9.064000e-01 1.720131e-01
9.066000e-01 1.727140e-01
9.068000e-01 1.734171e-01
9.070000e-01 1.741223e-01
9.072000e-01 1.748295e-01
9.074000e-01 1.755386e-01
9.076000e-01 1.762497e-01
9.078000e-01 1.769625e-01
9.080000e-01 1.776771e-01
9.082000e-01 1.783934e-01
9.084000e-01 1.791114e-01
9.086000e-01 1.798309e-01
9.088000e-01 1.805519e-01
9.090000e-01 1.812744e-01
9.092000e-01 1.819982e-01
9.094000e-01 1.827234e-01
9.096000e-01 1.834498e-01
9.098000e-01 1.841775e-01
9.100000e-01 1.849063e-01
9.102000e-01 1.856361e-01
9.104000e-01 1.863670e-01
9.106000e-01 1.870989e-01
9.108000e-01 1.878317e-01
9.110000e-01 1.885654e-01
9.112000e-01 1.892998e-01
9.114000e-01 1.900350e-01
9.116000e-01 1.907709e-01
9.118000e-01 1.915074e-01
9.120000e-01 1.922445e-01
9.122000e-01 1.929822e-01
9.124000e-01 1.937203e-01
9.126000e-01 1.944589e-01
9.128000e-01 1.951978e-01
9.130000e-01 1.959371e-01
9.132000e-01 1.966767e-01
9.134000e-01 1.974164e-01
9.136000e-01 1.981564e-01
9.138000e-01 1.988965e-01
9.140000e-01 1.996366e-01
9.142000e-01 2.003768e-01
9.144000e-01 2.011170e-01
9.146000e-01 2.018572e-01
9.148000e-01 2.025972e-01
9.150000e-01 2.033371e-01
9.152000e-01 2.040768e-01
9.154000e-01 2.048163e-01
9.156000e-01 2.055555e-01
9.158000e-01 2.062945e-01
9.160000e-01 2.070331e-01
9.162000e-01 2.077714e-01
9.164000e-01 2.085093e-01
9.166000e-01 2.092468e-01
9.168000e-01 2.099839e-01
9.170000e-01 2.107206e-01
9.172000e-01 2.114568e-01
9.174000e-01 2.121925e-01
9.176000e-01 2.129278e-01
9.178000e-01 2.136626e-01
9.180000e-01 2.143970e-01
9.182000e-01 2.151308e-01
9.184000e-01 2.158641e-01
9.186000e-01 2.165970e-01
9.188000e-01 2.173293e-01
9.190000e-01 2.180612e-01
9.192000e-01 2.187927e-01
9.194000e-01 2.195236e-01
9.196000e-01 2.202541e-01
9.198000e-01 2.209842e-01
9.200000e-01 2.217139e-01
9.202000e-01 2.224431e-01
9.204000e-01 2.231720e-01
9.206000e-01 2.239006e-01
9.208000e-01 2.246288e-01
9.210000e-01 2.253568e-01
9.212000e-01 2.260845e-01
9.214000e-01 2.268120e-01
9.216000e-01 2.275393e-01
9.218000e-01 2.282664e-01
9.220000e-01 2.289934e-01
9.222000e-01 2.297203e-01
9.224000e-01 2.304472e-01
9.226000e-01 2.311740e-01
9.228000e-01 2.319008e-01
9.230000e-01 2.326275e-01
9.232000e-01 2.333542e-01
9.234000e-01 2.340809e-01
9.236000e-01 2.348076e-01
9.238000e-01 2.355343e-01
9.240000e-01 2.362609e-01
9.242000e-01 2.369876e-01
9.244000e-01 2.377141e-01
9.246000e-01 2.384406e-01
9.248000e-01 2.391671e-01
9.250000e-01 2.398934e-01
9.252000e-01 2.406196e-01
9.254000e-01 2.413457e-01
9.256000e-01 2.420715e-01
9.258000e-01 2.427971e-01
9.260000e-01 2.435225e-01
9.262000e-01 2.442475e-01
9.264000e-01 2.449721e-01
9.266000e-01 2.456963e-01
9.268000e-01 2.464201e-01
9.270000e-01 2.471433e-01
9.272000e-01 2.478659e-01
9.274000e-01 2.485879e-01
9.276000e-01 2.493091e-01
9.278000e-01 2.500295e-01
9.280000e-01 2.507490e-01
9.282000e-01 2.514676e-01
9.284000e-01 2.521851e-01
9.286000e-01 2.529015e-01
9.288000e-01 2.536166e-01
9.290000e-01 2.543305e-01
9.292000e-01 2.550430e-01
9.294000e-01 2.557540e-01
9.296000e-01 2.564635e-01
9.298000e-01 2.571713e-01
9.300000e-01 2.578775e-01
9.302000e-01 2.585819e-01
9.304000e-01 2.592845e-01
9.306000e-01 2.599852e-01
9.308000e-01 2.606839e-01
9.310000e-01 2.613806e-01
9.312000e-01 2.620752e-01
9.314000e-01 2.627676e-01
9.316000e-01 2.634577e-01
9.318000e-01 2.641456e-01
9.320000e-01 2.648311e-01
9.322000e-01 2.655142e-01
9.324000e-01 2.661948e-01
9.326000e-01 2.668729e-01
9.328000e-01 2.675484e-01
9.330000e-01 2.682212e-01
9.332000e-01 2.688913e-01
9.334000e-01 2.695587e-01
9.336000e-01 2.702233e-01
9.338000e-01 2.708850e-01
9.340000e-01 2.715439e-01
9.342000e-01 2.721998e-01
9.344000e-01 2.728527e-01
9.346000e-01 2.735026e-01
9.348000e-01 2.741494e-01
9.350000e-01 2.747931e-01
9.352000e-01 2.754336e-01
9.354000e-01 2.760709e-01
9.356000e-01 2.767050e-01
9.358000e-01 2.773359e-01
9.360000e-01 2.779634e-01
9.362000e-01 2.785876e-01
9.364000e-01 2.792083e-01
9.366000e-01 2.798257e-01
9.368000e-01 2.804396e-01
9.370000e-01 2.810500e-01
9.372000e-01 2.816568e-01
9.374000e-01 2.822601e-01
9.376000e-01 2.828598e-01
9.378000e-01 2.834559e-01
9.380000e-01 2.840483e-01
9.382000e-01 2.846371e-01
9.384000e-01 2.852222e-01
9.386000e-01 2.858035e-01
9.388000e-01 2.863811e-01
9.390000e-01 2.869550e-01
9.392000e-01 2.875250e-01
9.394000e-01 2.880913e-01
9.396000e-01 2.886537e-01
9.398000e-01 2.892123e-01
9.400000e-01 2.897671e-01
9.402000e-01 2.903180e-01
9.404000e-01 2.908651e-01
9.406000e-01 2.914083e-01
9.408000e-01 2.919475e-01
9.410000e-01 2.924829e-01
9.412000e-01 2.930144e-01
9.414000e-01 2.935420e-01
9.416000e-01 2.940658e-01
9.418000e-01 2.945856e-01
9.420000e-01 2.951015e-01
9.422000e-01 2.956135e-01
9.424000e-01 2.961216e-01
9.426000e-01 2.966258e-01
9.428000e-01 2.971261e-01
9.430000e-01 2.976225e-01
9.432000e-01 2.981151e-01
9.434000e-01 2.986038e-01
9.436000e-01 2.990887e-01
9.438000e-01 2.995697e-01
9.440000e-01 3.000468e-01
9.442000e-01 3.005201e-01
9.444000e-01 3.009896e-01
9.446000e-01 3.014553e-01
9.448000e-01 3.019171e-01
9.450000e-01 3.023751e-01
9.452000e-01 3.028292e-01
9.454000e-01 3.032796e-01
9.456000e-01 3.037261e-01
9.458000e-01 3.041688e-01
9.460000e-01 3.046077e-01
9.462000e-01 3.050427e-01
9.464000e-01 3.054740e-01
9.466000e-01 3.059014e-01
9.468000e-01 3.063250e-01
9.470000e-01 3.067448e-01
9.472000e-01 3.071776e-01
9.474000e-01 3.075961e-01
9.476000e-01 3.080098e-01
9.478000e-01 3.084188e-01
9.480000e-01 3.088231e-01
9.482000e-01 3.092229e-01
9.484000e-01 3.096180e-01
9.486000e-01 3.100087e-01
9.488000e-01 3.103949e-01
9.490000e-01 3.107766e-01
9.492000e-01 3.111540e-01
9.494000e-01 3.115269e-01
9.496000e-01 3.118956e-01
9.498000e-01 3.122600e-01
9.500000e-01 3.126201e-01
9.502000e-01 3.129760e-01
9.504000e-01 3.133278e-01
9.506000e-01 3.136754e-01
9.508000e-01 3.140190e-01
9.510000e-01 3.143585e-01
9.512000e-01 3.146940e-01
9.514000e-01 3.150255e-01
9.516000e-01 3.153530e-01
9.518000e-01 3.156767e-01
9.520000e-01 3.159965e-01
9.522000e-01 3.163124e-01
9.524000e-01 3.166246e-01
9.526000e-01 3.169330e-01
9.528000e-01 3.172377e-01
9.530000e-01 3.175386e-01
9.532000e-01 3.178359e-01
9.534000e-01 3.181296e-01
9.536000e-01 3.184197e-01
9.538000e-01 3.187062e-01
9.540000e-01 3.189892e-01
9.542000e-01 3.192687e-01
9.544000e-01 3.195448e-01
9.546000e-01 3.198173e-01
9.548000e-01 3.200865e-01
9.550000e-01 3.203524e-01
9.552000e-01 3.206148e-01
9.554000e-01 3.208740e-01
9.556000e-01 3.211299e-01
9.558000e-01 3.213825e-01
9.560000e-01 3.216320e-01
9.562000e-01 3.218782e-01
9.564000e-01 3.221212e-01
9.566000e-01 3.223612e-01
9.568000e-01 3.225980e-01
9.570000e-01 3.228317e-01
9.572000e-01 3.230624e-01
9.574000e-01 3.232901e-01
9.576000e-01 3.235147e-01
9.578000e-01 3.237364e-01
9.580000e-01 3.239552e-01
9.582000e-01 3.241710e-01
9.584000e-01 3.243840e-01
9.586000e-01 3.245940e-01
9.588000e-01 3.248013e-01
9.590000e-01 3.250057e-01
9.592000e-01 3.252073e-01
9.594000e-01 3.254062e-01
9.596000e-01 3.256023e-01
9.598000e-01 3.257957e-01
9.600000e-01 3.259865e-01
9.602000e-01 3.261745e-01
9.604000e-01 3.263599e-01
9.606000e-01 3.265427e-01
9.608000e-01 3.267229e-01
9.610000e-01 3.269005e-01
9.612000e-01 3.270756e-01
9.614000e-01 3.272481e-01
9.616000e-01 3.274181e-01
9.618000e-01 3.275857e-01
9.620000e-01 3.277507e-01
9.622000e-01 3.279133e-01
9.624000e-01 3.280735e-01
9.626000e-01 3.282313e-01
9.628000e-01 3.283867e-01
9.630000e-01 3.285397e-01
9.632000e-01 3.286904e-01
9.634000e-01 3.288388e-01
9.636000e-01 3.289849e-01
9.638000e-01 3.291287e-01
9.640000e-01 3.292702e-01
9.642000e-01 3.294095e-01
9.644000e-01 3.295465e-01
9.646000e-01 3.296813e-01
9.648000e-01 3.298140e-01
9.650000e-01 3.299444e-01
9.652000e-01 3.300728e-01
9.654000e-01 3.301989e-01
9.656000e-01 3.303230e-01
9.658000e-01 3.304449e-01
9.660000e-01 3.305648e-01
9.662000e-01 3.306826e-01
9.664000e-01 3.307984e-01
9.666000e-01 3.309121e-01
9.668000e-01 3.310237e-01
9.670000e-01 3.311334e-01
9.672000e-01 3.312411e-01
9.674000e-01 3.313468e-01
9.676000e-01 3.314506e-01
9.678000e-01 3.315524e-01
9.680000e-01 3.316523e-01
9.682000e-01 3.317503e-01
9.684000e-01 3.318464e-01
9.686000e-01 3.319405e-01
9.688000e-01 3.320329e-01
9.690000e-01 3.321233e-01
9.692000e-01 3.322120e-01
9.694000e-01 3.322988e-01
9.696000e-01 3.323837e-01
9.698000e-01 3.324669e-01
9.700000e-01 3.325483e-01
9.702000e-01 3.326279e-01
9.704000e-01 3.327058e-01
9.706000e-01 3.327819e-01
9.708000e-01 3.328562e-01
9.710000e-01 3.329289e-01
9.712000e-01 3.329998e-01
9.714000e-01 3.330690e-01
9.716000e-01 3.331365e-01
9.718000e-01 3.332024e-01
9.720000e-01 3.332666e-01
9.722000e-01 3.333291e-01
9.724000e-01 3.333900e-01
9.726000e-01 3.334493e-01
9.728000e-01 3.335069e-01
9.730000e-01 3.335629e-01
9.732000e-01 3.336173e-01
9.734000e-01 3.336702e-01
9.736000e-01 3.337214e-01
9.738000e-01 3.337711e-01
9.740000e-01 3.338192e-01
9.742000e-01 3.338658e-01
9.744000e-01 3.339108e-01
9.746000e-01 3.339543e-01
9.748000e-01 3.339962e-01
9.750000e-01 3.340367e-01
9.752000e-01 3.340756e-01
9.754000e-01 3.341131e-01
9.756000e-01 3.341490e-01
9.758000e-01 3.341835e-01
9.760000e-01 3.342166e-01
9.762000e-01 3.342481e-01
9.764000e-01 3.342782e-01
9.766000e-01 3.343069e-01
9.768000e-01 3.343341e-01
9.770000e-01 3.343599e-01
9.772000e-01 3.343843e-01
9.774000e-01 3.344072e-01
9.776000e-01 3.344288e-01
9.778000e-01 3.344489e-01
9.780000e-01 3.344677e-01
9.782000e-01 3.344851e-01
9.784000e-01 3.345010e-01
9.786000e-01 3.345157e-01
9.788000e-01 3.345289e-01
9.790000e-01 3.345408e-01
9.792000e-01 3.345514e-01
9.794000e-01 3.345606e-01
9.796000e-01 3.345685e-01
9.798000e-01 3.345750e-01
9.800000e-01 3.345802e-01
9.802000e-01 3.345841e-01
9.804000e-01 3.345867e-01
9.806000e-01 3.345880e-01
9.808000e-01 3.345880e-01
9.810000e-01 3.345867e-01
9.812000e-01 3.345840e-01
9.814000e-01 3.345801e-01
9.816000e-01 3.345750e-01
9.818000e-01 3.345685e-01
9.820000e-01 3.345608e-01
9.822000e-01 3.345518e-01
9.824000e-01 3.345415e-01
9.826000e-01 3.345300e-01
9.828000e-01 3.345173e-01
9.830000e-01 3.345033e-01
9.832000e-01 3.344880e-01
9.834000e-01 3.344715e-01
9.836000e-01 3.344538e-01
9.838000e-01 3.344349e-01
9.840000e-01 3.344147e-01
9.842000e-01 3.343933e-01
9.844000e-01 3.343707e-01
9.846000e-01 3.343469e-01
9.848000e-01 3.343219e-01
9.850000e-01 3.342957e-01
9.852000e-01 3.342683e-01
9.854000e-01 3.342396e-01
9.856000e-01 3.342098e-01
9.858000e-01 3.341788e-01
9.860000e-01 3.341466e-01
9.862000e-01 3.341133e-01
9.864000e-01 3.340787e-01
9.866000e-01 3.340430e-01
9.868000e-01 3.340061e-01
9.870000e-01 3.339680e-01
9.872000e-01 3.339288e-01
9.874000e-01 3.338884e-01
9.876000e-01 3.338468e-01
9.878000e-01 3.338041e-01
9.880000e-01 3.337602e-01
9.882000e-01 3.337152e-01
9.884000e-01 3.336690e-01
9.886000e-01 3.336217e-01
9.888000e-01 3.335732e-01
9.890000e-01 3.335236e-01
9.892000e-01 3.334728e-01
9.894000e-01 3.334209e-01
9.896000e-01 3.333679e-01
9.898000e-01 3.333137e-01
9.900000e-01 3.332584e-01
9.902000e-01 3.332020e-01
9.904000e-01 3.331445e-01
9.906000e-01 3.330858e-01
9.908000e-01 3.330260e-01
9.910000e-01 3.329651e-01
9.912000e-01 3.329030e-01
9.914000e-01 3.328399e-01
9.916000e-01 3.327756e-01
9.918000e-01 3.327102e-01
9.920000e-01 3.326437e-01
9.922000e-01 3.325761e-01
9.924000e-01 3.325074e-01
9.926000e-01 3.324376e-01
9.928000e-01 3.323667e-01
9.930000e-01 3.322947e-01
9.932000e-01 3.322215e-01
9.934000e-01 3.321473e-01
9.936000e-01 3.320720e-01
9.938000e-01 3.319956e-01
9.940000e-01 3.319180e-01
9.942000e-01 3.318394e-01
9.944000e-01 3.317597e-01
9.946000e-01 3.316789e-01
9.948000e-01 3.315970e-01
9.950000e-01 3.315140e-01
9.952000e-01 3.314300e-01
9.954000e-01 3.313448e-01
9.956000e-01 3.312586e-01
9.958000e-01 3.311712e-01
9.960000e-01 3.310828e-01
9.962000e-01 3.309933e-01
9.964000e-01 3.309027e-01
9.966000e-01 3.308111e-01
9.968000e-01 3.307183e-01
9.970000e-01 3.306245e-01
9.972000e-01 3.305296e-01
9.974000e-01 3.304336e-01
9.976000e-01 3.303366e-01
9.978000e-01 3.302384e-01
9.980000e-01 3.301392e-01
9.982000e-01 3.300390e-01
9.984000e-01 3.299376e-01
9.986000e-01 3.298352e-01
9.988000e-01 3.297317e-01
9.990000e-01 3.296271e-01
9.992000e-01 3.295215e-01
9.994000e-01 3.294148e-01
9.996000e-01 3.293070e-01
9.998000e-01 3.291982e-01
1.000000e+00 3.290883e-01
1.000200e+00 3.289773e-01
1.000400e+00 3.288653e-01
1.000600e+00 3.287522e-01
1.000800e+00 3.286380e-01
1.001000e+00 3.285228e-01
1.001200e+00 3.284065e-01
1.001400e+00 3.282891e-01
1.001600e+00 3.281707e-01
1.001800e+00 3.280512e-01
1.002000e+00 3.279307e-01
1.002200e+00 3.278091e-01
1.002400e+00 3.276864e-01
1.002600e+00 3.275627e-01
1.002800e+00 3.274379e-01
1.003000e+00 3.273121e-01
1.003200e+00 3.271852e-01
1.003400e+00 3.270573e-01
1.003600e+00 3.269283e-01
1.003800e+00 3.267982e-01
1.004000e+00 3.266671e-01
1.004200e+00 3.265350e-01
1.004400e+00 3.264018e-01
1.004600e+00 3.262675e-01
1.004800e+00 3.261322e-01
1.005000e+00 3.259959e-01
1.005200e+00 3.258585e-01
1.005400e+00 3.257200e-01
1.005600e+00 3.255805e-01
1.005800e+00 3.254399e-01
1.006000e+00 3.252983e-01
1.006200e+00 3.251557e-01
1.006400e+00 3.250120e-01
1.006600e+00 3.248673e-01
1.006800e+00 3.247215e-01
1.007000e+00 3.245747e-01
1.007200e+00 3.244268e-01
1.007400e+00 3.242779e-01
1.007600e+00 3.241280e-01
1.007800e+00 3.239770e-01
1.008000e+00 3.238250e-01
1.008200e+00 3.236719e-01
1.008400e+00 3.235179e-01
1.008600e+00 3.233627e-01
1.008800e+00 3.232066e-01
1.009000e+00 3.230494e-01
1.009200e+00 3.228911e-01
1.009400e+00 3.227319e-01
1.009600e+00 3.225716e-01
1.009800e+00 3.224103e-01
1.010000e+00 3.222479e-01
1.010200e+00 3.220845e-01
1.010400e+00 3.219201e-01
1.010600e+00 3.217547e-01
1.010800e+00 3.215882e-01
1.011000e+00 3.214208e-01
1.011200e+00 3.212522e-01
1.011400e+00 3.210827e-01
1.011600e+00 3.209122e-01
1.011800e+00 3.207406e-01
1.012000e+00 3.205680e-01
1.012200e+00 3.203944e-01
1.012400e+00 3.202198e-01
1.012600e+00 3.200442e-01
1.012800e+00 3.198675e-01
1.013000e+00 3.196899e-01
1.013200e+00 3.195112e-01
1.013400e+00 3.193315e-01
1.013600e+00 3.191509e-01
1.013800e+00 3.189692e-01
1.014000e+00 3.187865e-01
1.014200e+00 3.186028e-01
1.014400e+00 3.184181e-01
1.014600e+00 3.182324e-01
1.014800e+00 3.180457e-01
1.015000e+00 3.178580e-01
1.015200e+00 3.176693e-01
1.015400e+00 3.174797e-01
1.015600e+00 3.172890e-01
1.015800e+00 3.170973e-01
1.016000e+00 3.169047e-01
1.016200e+00 3.167110e-01
1.016400e+00 3.165164e-01
1.016600e+00 3.163208e-01
1.016800e+00 3.161242e-01
1.017000e+00 3.159267e-01
1.017200e+00 3.157281e-01
1.017400e+00 3.155286e-01
1.017600e+00 3.153281e-01
1.017800e+00 3.151267e-01
1.018000e+00 3.149242e-01
1.018200e+00 3.147208e-01
1.018400e+00 3.145165e-01
1.018600e+00 3.143111e-01
1.018800e+00 3.141049e-01
1.019000e+00 3.138976e-01
1.019200e+00 3.136894e-01
1.019400e+00 3.134803e-01
1.019600e+00 3.132701e-01
1.019800e+00 3.130591e-01
1.020000e+00 3.128471e-01
1.020200e+00 3.126341e-01
1.020400e+00 3.124202e-01
1.020600e+00 3.122054e-01
1.020800e+00 3.119896e-01
1.021000e+00 3.117729e-01
1.021200e+00 3.115553e-01
1.021400e+00 3.113367e-01
1.021600e+00 3.111172e-01
1.021800e+00 3.108968e-01
1.022000e+00 3.106755e-01
1.022200e+00 3.104532e-01
1.022400e+00 3.102301e-01
1.022600e+00 3.100060e-01
1.022800e+00 3.097810e-01
1.023000e+00 3.095551e-01
1.023200e+00 3.093282e-01
1.023400e+00 3.091005e-01
1.023600e+00 3.088719e-01
1.023800e+00 3.086424e-01
1.024000e+00 3.084120e-01
1.024200e+00 3.081807e-01
1.024400e+00 3.079485e-01
1.024600e+00 3.077155e-01
1.024800e+00 3.074816e-01
1.025000e+00 3.072467e-01
1.025200e+00 3.070110e-01
1.025400e+00 3.067745e-01
1.025600e+00 3.065371e-01
1.025800e+00 3.062988e-01
1.026000e+00 3.060596e-01
1.026200e+00 3.058196e-01
1.026400e+00 3.055787e-01
1.026600e+00 3.053370e-01
1.026800e+00 3.050945e-01
1.027000e+00 3.048511e-01
1.027200e+00 3.046068e-01
1.027400e+00 3.043618e-01
1.027600e+00 3.041159e-01
1.027800e+00 3.038691e-01
1.028000e+00 3.036216e-01
1.028200e+00 3.033732e-01
1.028400e+00 3.031240e-01
1.028600e+00 3.028740e-01
1.028800e+00 3.026232e-01
1.029000e+00 3.023715e-01
1.029200e+00 3.021191e-01
1.029400e+00 3.018659e-01
1.029600e+00 3.016119e-01
1.029800e+00 3.013571e-01
1.030000e+00 3.011015e-01
1.030200e+00 3.008451e-01
1.030400e+00 3.005880e-01
1.030600e+00 3.003301e-01
1.030800e+00 3.000714e-01
1.031000e+00 2.998120e-01
1.031200e+00 2.995518e-01
1.031400e+00 2.992908e-01
1.031600e+00 2.990291e-01
1.031800e+00 2.987666e-01
1.032000e+00 2.985034e-01
1.032200e+00 2.982395e-01
1.032400e+00 2.979748e-01
1.032600e+00 2.977095e-01
1.032800e+00 2.974433e-01
1.033000e+00 2.971765e-01
1.033200e+00 2.969090e-01
1.033400e+00 2.966407e-01
1.033600e+00 2.963717e-01
1.033800e+00 2.961021e-01
1.034000e+00 2.958317e-01
1.034200e+00 2.955607e-01
1.034400e+00 2.952889e-01
1.034600e+00 2.950165e-01
1.034800e+00 2.947434e-01
1.035000e+00 2.944697e-01
1.035200e+00 2.941953e-01
1.035400e+00 2.939202e-01
1.035600e+00 2.936444e-01
1.035800e+00 2.933680e-01
1.036000e+00 2.930910e-01
1.036200e+00 2.928133e-01
1.036400e+00 2.925350e-01
1.036600e+00 2.922561e-01
1.036800e+00 2.919765e-01
1.037000e+00 2.916963e-01
1.037200e+00 2.914155e-01
1.037400e+00 2.911341e-01
1.037600e+00 2.908521e-01
1.037800e+00 2.905695e-01
1.038000e+00 2.902863e-01
1.038200e+00 2.900025e-01
1.038400e+00 2.897181e-01
1.038600e+00 2.894331e-01
1.038800e+00 2.891476e-01
1.039000e+00 2.888615e-01
1.039200e+00 2.885749e-01
1.039400e+00 2.882877e-01
1.039600e+00 2.879999e-01
1.039800e+00 2.877116e-01
1.040000e+00 2.874228e-01
1.040200e+00 2.871334e-01
1.040400e+00 2.868435e-01
1.040600e+00 2.865531e-01
1.040800e+00 2.862621e-01
1.041000e+00 2.859707e-01
1.041200e+00 2.856787e-01
1.041400e+00 2.853863e-01
1.041600e+00 2.850934e-01
1.041800e+00 2.847999e-01
1.042000e+00 2.845060e-01
1.042200e+00 2.842116e-01
1.042400e+00 2.839168e-01
1.042600e+00 2.836215e-01
1.042800e+00 2.833257e-01
1.043000e+00 2.830295e-01
1.043200e+00 2.827328e-01
1.043400e+00 2.824357e-01
1.043600e+00 2.821382e-01
1.043800e+00 2.818402e-01
1.044000e+00 2.815418e-01
1.044200e+00 2.812430e-01
1.044400e+00 2.809438e-01
1.044600e+00 2.806441e-01
1.044800e+00 2.803441e-01
1.045000e+00 2.800437e-01
1.045200e+00 2.797429e-01
1.045400e+00 2.794417e-01
1.045600e+00 2.791402e-01
1.045800e+00 2.788382e-01
1.046000e+00 2.785360e-01
1.046200e+00 2.782333e-01
1.046400e+00 2.779303e-01
1.046600e+00 2.776270e-01
1.046800e+00 2.773233e-01
1.047000e+00 2.770193e-01
1.047200e+00 2.767150e-01
1.047400e+00 2.764103e-01
1.047600e+00 2.761054e-01
1.047800e+00 2.758001e-01
1.048000e+00 2.754946e-01
1.048200e+00 2.751887e-01
1.048400e+00 2.748825e-01
1.048600e+00 2.745761e-01
1.048800e+00 2.742694e-01
1.049000e+00 2.739624e-01
1.049200e+00 2.736552e-01
1.049400e+00 2.733477e-01
1.049600e+00 2.730399e-01
1.049800e+00 2.727319e-01
1.050000e+00 2.724237e-01
1.050200e+00 2.721152e-01
1.050400e+00 2.718066e-01
1.050600e+00 2.714976e-01
1.050800e+00 2.711885e-01
1.051000e+00 2.708792e-01
1.051200e+00 2.705696e-01
1.051400e+00 2.702599e-01
1.051600e+00 2.699500e-01
1.051800e+00 2.696399e-01
1.052000e+00 2.693296e-01
1.052200e+00 2.690191e-01
1.052400e+00 2.687085e-01
1.052600e+00 2.683977e-01
1.052800e+00 2.680867e-01
1.053000e+00 2.677756e-01
1.053200e+00 2.674644e-01
1.053400e+00 2.671530e-01
1.053600e+00 2.668415e-01
1.053800e+00 2.665299e-01
1.054000e+00 2.662182e-01
1.054200e+00 2.659063e-01
1.054400e+00 2.655944e-01
1.054600e+00 2.652823e-01
1.054800e+00 2.649701e-01
1.055000e+00 2.646579e-01
1.055200e+00 2.643456e-01
1.055400e+00 2.640332e-01
1.055600e+00 2.637207e-01
1.055800e+00 2.634081e-01
1.056000e+00 2.630955e-01
1.056200e+00 2.627829e-01
1.056400e+00 2.624702e-01
1.056600e+00 2.621574e-01
1.056800e+00 2.618446e-01
1.057000e+00 2.615318e-01
1.057200e+00 2.612190e-01
1.057400e+00 2.609061e-01
1.057600e+00 2.605932e-01
1.057800e+00 2.602803e-01
1.058000e+00 2.599674e-01
1.058200e+00 2.596546e-01
1.058400e+00 2.593417e-01
1.058600e+00 2.590288e-01
1.058800e+00 2.587159e-01
1.059000e+00 2.584031e-01
1.059200e+00 2.580903e-01
1.059400e+00 2.577775e-01
1.059600e+00 2.574648e-01
1.059800e+00 2.571521e-01
1.060000e+00 2.568394e-01
1.060200e+00 2.565268e-01
1.060400e+00 2.562143e-01
1.060600e+00 2.559018e-01
1.060800e+00 2.555894e-01
1.061000e+00 2.552770e-01
1.061200e+00 2.549648e-01
1.061400e+00 2.546526e-01
1.061600e+00 2.543405e-01
1.061800e+00 2.540285e-01
1.062000e+00 2.537166e-01
1.062200e+00 2.534048e-01
1.062400e+00 2.530931e-01
1.062600e+00 2.527815e-01
1.062800e+00 2.524700e-01
1.063000e+00 2.521586e-01
1.063200e+00 2.518474e-01
1.063400e+00 2.515363e-01
1.063600e+00 2.512253e-01
1.063800e+00 2.509144e-01
1.064000e+00 2.506037e-01
1.064200e+00 2.502931e-01
1.064400e+00 2.499827e-01
1.064600e+00 2.496724e-01
1.064800e+00 2.493623e-01
1.065000e+00 2.490523e-01
1.065200e+00 2.487425e-01
1.065400e+00 2.484329e-01
1.065600e+00 2.481234e-01
1.065800e+00 2.478141e-01
1.066000e+00 2.475050e-01
1.066200e+00 2.471960e-01
1.066400e+00 2.468873e-01
1.066600e+00 2.465787e-01
1.066800e+00 2.462703e-01
1.067000e+00 2.459621e-01
1.067200e+00 2.456541e-01
1.067400e+00 2.453462e-01
1.067600e+00 2.450386e-01
1.067800e+00 2.447312e-01
1.068000e+00 2.444240e-01
1.068200e+00 2.441169e-01
1.068400e+00 2.438101e-01
1.068600e+00 2.435035e-01
1.068800e+00 2.431972e-01
1.069000e+00 2.428910e-01
1.069200e+00 2.425850e-01
1.069400e+00 2.422793e-01
1.069600e+00 2.419738e-01
1.069800e+00 2.416685e-01
1.070000e+00 2.413634e-01
1.070200e+00 2.410586e-01
1.070400e+00 2.407540e-01
1.070600e+00 2.404496e-01
1.070800e+00 2.401454e-01
1.071000e+00 2.398415e-01
1.071200e+00 2.395378e-01
1.071400e+00 2.392343e-01
1.071600e+00 2.389311e-01
1.071800e+00 2.386281e-01
1.072000e+00 2.383254e-01
1.072200e+00 2.380228e-01
1.072400e+00 2.377205e-01
1.072600e+00 2.374185e-01
1.072800e+00 2.371167e-01
1.073000e+00 2.368151e-01
1.073200e+00 2.365137e-01
1.073400e+00 2.362126e-01
1.073600e+00 2.359117e-01
1.073800e+00 2.356111e-01
1.074000e+00 2.353107e-01
1.074200e+00 2.350105e-01
1.074400e+00 2.347106e-01
1.074600e+00 2.344109e-01
1.074800e+00 2.341114e-01
1.075000e+00 2.338122e-01
1.075200e+00 2.335132e-01
1.075400e+00 2.332144e-01
1.075600e+00 2.329158e-01
1.075800e+00 2.326175e-01
1.076000e+00 2.323194e-01
1.076200e+00 2.320215e-01
1.076400e+00 2.317238e-01
1.076600e+00 2.314263e-01
1.076800e+00 2.311291e-01
1.077000e+00 2.308321e-01
1.077200e+00 2.305352e-01
1.077400e+00 2.302386e-01
1.077600e+00 2.299422e-01
1.077800e+00 2.296460e-01
1.078000e+00 2.293500e-01
1.078200e+00 2.290542e-01
1.078400e+00 2.287585e-01
1.078600e+00 2.284631e-01
1.078800e+00 2.281678e-01
1.079000e+00 2.278728e-01
1.079200e+00 2.275778e-01
1.079400e+00 2.272831e-01
1.079600e+00 2.269885e-01
1.079800e+00 2.266941e-01
1.080000e+00 2.263999e-01
1.080200e+00 2.261058e-01
1.080400e+00 2.258118e-01
1.080600e+00 2.255180e-01
1.080800e+00 2.252243e-01
1.081000e+00 2.249308e-01
1.081200e+00 2.246374e-01
1.081400e+00 2.243441e-01
1.081600e+00 2.240509e-01
1.081800e+00 2.237578e-01
1.082000e+00 2.234648e-01
1.082200e+00 2.231720e-01
1.082400e+00 2.228792e-01
1.082600e+00 2.225864e-01
1.082800e+00 2.222938e-01
1.083000e+00 2.220012e-01
1.083200e+00 2.217087e-01
1.083400e+00 2.214162e-01
1.083600e+00 2.211238e-01
1.083800e+00 2.208314e-01
1.084000e+00 2.205390e-01
1.084200e+00 2.202467e-01
1.084400e+00 2.199543e-01
1.084600e+00 2.196620e-01
1.084800e+00 2.193696e-01
1.085000e+00 2.190773e-01
1.085200e+00 2.187849e-01
1.085400e+00 2.184924e-01
1.085600e+00 2.181999e-01
1.085800e+00 2.179074e-01
1.086000e+00 2.176148e-01
1.086200e+00 2.173221e-01
1.086400e+00 2.170293e-01
1.086600e+00 2.167365e-01
1.086800e+00 2.164435e-01
1.087000e+00 2.161504e-01
1.087200e+00 2.158571e-01
1.087400e+00 2.155637e-01
1.087600e+00 2.152702e-01
1.087800e+00 2.149765e-01
1.088000e+00 2.146826e-01
1.088200e+00 2.143885e-01
1.088400e+00 2.140942e-01
1.088600e+00 2.137997e-01
1.088800e+00 2.135049e-01
1.089000e+00 2.132099e-01
1.089200e+00 2.129147e-01
1.089400e+00 2.126191e-01
1.089600e+00 2.123233e-01
1.089800e+00 2.120272e-01
1.090000e+00 2.117307e-01
1.090200e+00 2.114339e-01
1.090400e+00 2.111368e-01
1.090600e+00 2.108393e-01
1.090800e+00 2.105414e-01
1.091000e+00 2.102431e-01
1.091200e+00 2.099445e-01
1.091400e+00 2.096453e-01
1.091600e+00 2.093458e-01
1.091800e+00 2.090457e-01
1.092000e+00 2.087452e-01
1.092200e+00 2.084442e-01
1.092400e+00 2.081427e-01
1.092600e+00 2.078406e-01
1.092800e+00 2.075380e-01
1.093000e+00 2.072349e-01
1.093200e+00 2.069311e-01
1.093400e+00 2.066267e-01
1.093600e+00 2.063217e-01
1.093800e+00 2.060161e-01
1.094000e+00 2.057097e-01
1.094200e+00 2.054027e-01
1.094400e+00 2.050950e-01
1.094600e+00 2.047866e-01
1.094800e+00 2.044774e-01
1.095000e+00 2.041674e-01
1.095200e+00 2.038566e-01
1.095400e+00 2.035450e-01
1.095600e+00 2.032326e-01
1.095800e+00 2.029193e-01
1.096000e+00 2.026052e-01
1.096200e+00 2.022901e-01
1.096400e+00 2.019741e-01
1.096600e+00 2.016572e-01
1.096800e+00 2.013392e-01
1.097000e+00 2.010203e-01
1.097200e+00 2.007004e-01
1.097400e+00 2.003794e-01
1.097600e+00 2.000573e-01
1.097800e+00 1.997341e-01
1.098000e+00 1.994098e-01
1.098200e+00 1.990843e-01
1.098400e+00 1.987577e-01
1.098600e+00 1.984298e-01
1.098800e+00 1.981007e-01
1.099000e+00 1.977704e-01
1.099200e+00 1.974387e-01
1.099400e+00 1.971058e-01
1.099600e+00 1.967715e-01
1.099800e+00 1.964358e-01
1.100000e+00 1.960987e-01
1.100200e+00 1.957602e-01
1.100400e+00 1.954202e-01
1.100600e+00 1.950787e-01
1.100800e+00 1.947357e-01
1.101000e+00 1.943912e-01
1.101200e+00 1.940450e-01
1.101400e+00 1.936973e-01
1.101600e+00 1.933479e-01
1.101800e+00 1.929968e-01
1.102000e+00 1.926440e-01
1.102200e+00 1.922894e-01
1.102400e+00 1.919331e-01
1.102600e+00 1.915749e-01
1.102800e+00 1.912149e-01
1.103000e+00 1.908531e-01
1.103200e+00 1.904893e-01
1.103400e+00 1.901235e-01
1.103600e+00 1.897558e-01
1.103800e+00 1.893993e-01
1.104000e+00 1.890893e-01
1.104200e+00 1.887795e-01
1.104400e+00 1.884700e-01
1.104600e+00 1.881607e-01
1.104800e+00 1.878515e-01
1.105000e+00 1.875424e-01
1.105200e+00 1.872333e-01
1.105400e+00 1.869241e-01
1.105600e+00 1.866148e-01
1.105800e+00 1.863054e-01
1.106000e+00 1.859957e-01
1.106200e+00 1.856857e-01
1.106400e+00 1.853754e-01
1.106600e+00 1.850648e-01
1.106800e+00 1.847537e-01
1.107000e+00 1.844422e-01
1.107200e+00 1.841303e-01
1.107400e+00 1.838179e-01
1.107600e+00 1.835050e-01
1.107800e+00 1.831915e-01
1.108000e+00 1.828776e-01
1.108200e+00 1.825630e-01
1.108400e+00 1.822480e-01
1.108600e+00 1.819324e-01
1.108800e+00 1.816162e-01
1.109000e+00 1.812995e-01
1.109200e+00 1.809823e-01
1.109400e+00 1.806645e-01
1.109600e+00 1.803463e-01
1.109800e+00 1.800275e-01
1.110000e+00 1.797083e-01
1.110200e+00 1.793887e-01
1.110400e+00 1.790687e-01
1.110600e+00 1.787484e-01
1.110800e+00 1.784277e-01
1.111000e+00 1.781067e-01
1.111200e+00 1.777856e-01
1.111400e+00 1.774642e-01
1.111600e+00 1.771428e-01
1.111800e+00 1.768213e-01
1.112000e+00 1.764998e-01
1.112200e+00 1.761784e-01
1.112400e+00 1.758571e-01
1.112600e+00 1.755360e-01
1.112800e+00 1.752152e-01
1.113000e+00 1.748946e-01
1.113200e+00 1.745745e-01
1.113400e+00 1.742547e-01
1.113600e+00 1.739354e-01
1.113800e+00 1.736166e-01
1.114000e+00 1.732983e-01
1.114200e+00 1.729806e-01
1.114400e+00 1.726635e-01
1.114600e+00 1.723470e-01
1.114800e+00 1.720311e-01
1.115000e+00 1.717159e-01
1.115200e+00 1.714014e-01
1.115400e+00 1.710876e-01
1.115600e+00 1.707746e-01
1.115800e+00 1.704622e-01
1.116000e+00 1.701506e-01
1.116200e+00 1.698397e-01
1.116400e+00 1.695296e-01
1.116600e+00 1.692202e-01
1.116800e+00 1.689115e-01
1.117000e+00 1.686035e-01
1.117200e+00 1.682962e-01
1.117400e+00 1.679896e-01
1.117600e+00 1.676837e-01
1.117800e+00 1.673784e-01
1.118000e+00 1.670737e-01
1.118200e+00 1.667696e-01
1.118400e+00 1.664661e-01
1.118600e+00 1.661631e-01
1.118800e+00 1.658605e-01
1.119000e+00 1.655584e-01
1.119200e+00 1.652567e-01
1.119400e+00 1.649554e-01
1.119600e+00 1.646543e-01
1.119800e+00 1.643536e-01
1.120000e+00 1.640530e-01
1.120200e+00 1.637527e-01
1.120400e+00 1.634526e-01
1.120600e+00 1.631527e-01
1.120800e+00 1.628529e-01
1.121000e+00 1.625533e-01
1.121200e+00 1.622538e-01
1.121400e+00 1.619545e-01
1.121600e+00 1.616553e-01
1.121800e+00 1.613563e-01
1.122000e+00 1.610575e-01
1.122200e+00 1.607588e-01
1.122400e+00 1.604604e-01
1.122600e+00 1.601622e-01
1.122800e+00 1.598642e-01
1.123000e+00 1.595666e-01
1.123200e+00 1.592692e-01
1.123400e+00 1.589723e-01
1.123600e+00 1.586757e-01
1.123800e+00 1.583796e-01
1.124000e+00 1.580841e-01
1.124200e+00 1.577891e-01
1.124400e+00 1.574948e-01
1.124600e+00 1.572012e-01
1.124800e+00 1.569083e-01
1.125000e+00 1.566163e-01
1.125200e+00 1.563253e-01
1.125400e+00 1.560352e-01
1.125600e+00 1.557463e-01
1.125800e+00 1.554586e-01
1.126000e+00 1.551721e-01
1.126200e+00 1.548871e-01
1.126400e+00 1.546036e-01
1.126600e+00 1.543216e-01
1.126800e+00 1.540413e-01
1.127000e+00 1.537628e-01
1.127200e+00 1.534862e-01
1.127400e+00 1.532114e-01
1.127600e+00 1.529386e-01
1.127800e+00 1.526678e-01
1.128000e+00 1.523990e-01
1.128200e+00 1.521323e-01
1.128400e+00 1.518677e-01
1.128600e+00 1.516053e-01
1.128800e+00 1.513449e-01
1.129000e+00 1.510867e-01
1.129200e+00 1.508305e-01
1.129400e+00 1.505765e-01
1.129600e+00 1.503246e-01
1.129800e+00 1.500747e-01
1.130000e+00 1.498268e-01
1.130200e+00 1.495809e-01
1.130400e+00 1.493369e-01
1.130600e+00 1.490948e-01
1.130800e+00 1.488544e-01
1.131000e+00 1.486157e-01
1.131200e+00 1.483787e-01
1.131400e+00 1.481431e-01
1.131600e+00 1.479090e-01
1.131800e+00 1.476762e-01
1.132000e+00 1.474445e-01
1.132200e+00 1.472140e-01
1.132400e+00 1.469843e-01
1.132600e+00 1.467555e-01
1.132800e+00 1.465273e-01
1.133000e+00 1.462996e-01
1.133200e+00 1.460722e-01
1.133400e+00 1.458450e-01
1.133600e+00 1.456177e-01
1.133800e+00 1.453903e-01
1.134000e+00 1.451626e-01
1.134200e+00 1.449344e-01
1.134400e+00 1.447056e-01
1.134600e+00 1.444761e-01
1.134800e+00 1.442458e-01
1.135000e+00 1.440146e-01
1.135200e+00 1.437824e-01
1.135400e+00 1.435490e-01
1.135600e+00 1.433145e-01
1.135800e+00 1.430788e-01
1.136000e+00 1.428417e-01
1.136200e+00 1.426032e-01
1.136400e+00 1.423634e-01
1.136600e+00 1.421221e-01
1.136800e+00 1.418793e-01
1.137000e+00 1.416351e-01
1.137200e+00 1.413894e-01
1.137400e+00 1.411421e-01
1.137600e+00 1.408934e-01
1.137800e+00 1.406432e-01
1.138000e+00 1.403915e-01
1.138200e+00 1.401384e-01
1.138400e+00 1.398840e-01
1.138600e+00 1.396282e-01
1.138800e+00 1.393711e-01
1.139000e+00 1.391129e-01
1.139200e+00 1.388535e-01
1.139400e+00 1.385931e-01
1.139600e+00 1.383317e-01
1.139800e+00 1.380695e-01
1.140000e+00 1.378065e-01
1.140200e+00 1.375430e-01
1.140400e+00 1.372789e-01
1.140600e+00 1.370145e-01
1.140800e+00 1.367498e-01
1.141000e+00 1.364850e-01
1.141200e+00 1.362201e-01
1.141400e+00 1.359554e-01
1.141600e+00 1.356908e-01
1.141800e+00 1.354265e-01
1.142000e+00 1.351625e-01
1.142200e+00 1.348990e-01
1.142400e+00 1.346360e-01
1.142600e+00 1.343737e-01
1.142800e+00 1.341120e-01
1.143000e+00 1.338510e-01
1.143200e+00 1.335909e-01
1.143400e+00 1.333317e-01
1.143600e+00 1.330733e-01
1.143800e+00 1.328160e-01
1.144000e+00 1.325596e-01
1.144200e+00 1.323044e-01
1.144400e+00 1.320502e-01
1.144600e+00 1.317972e-01
1.144800e+00 1.315453e-01
1.145000e+00 1.312946e-01
1.145200e+00 1.310451e-01
1.145400e+00 1.307968e-01
1.145600e+00 1.305497e-01
1.145800e+00 1.303038e-01
1.146000e+00 1.300592e-01
1.146200e+00 1.298158e-01
1.146400e+00 1.295736e-01
1.146600e+00 1.293326e-01
1.146800e+00 1.290928e-01
1.147000e+00 1.288541e-01
1.147200e+00 1.286166e-01
1.147400e+00 1.283802e-01
1.147600e+00 1.281448e-01
1.147800e+00 1.279105e-01
1.148000e+00 1.276772e-01
1.148200e+00 1.274448e-01
1.148400e+00 1.272134e-01
1.148600e+00 1.269829e-01
1.148800e+00 1.267533e-01
1.149000e+00 1.265246e-01
1.149200e+00 1.262967e-01
1.149400e+00 1.260695e-01
1.149600e+00 1.258432e-01
1.149800e+00 1.256176e-01
1.150000e+00 1.253927e-01
1.150200e+00 1.251685e-01
1.150400e+00 1.249449e-01
1.150600e+00 1.247220e-01
1.150800e+00 1.244996e-01
1.151000e+00 1.242779e-01
1.151200e+00 1.240567e-01
1.151400e+00 1.238360e-01
1.151600e+00 1.236158e-01
1.151800e+00 1.233961e-01
1.152000e+00 1.231768e-01
1.152200e+00 1.229579e-01
1.152400e+00 1.227395e-01
1.152600e+00 1.225214e-01
1.152800e+00 1.223036e-01
1.153000e+00 1.220862e-01
1.153200e+00 1.218690e-01
1.153400e+00 1.216522e-01
1.153600e+00 1.214355e-01
1.153800e+00 1.212191e-01
1.154000e+00 1.210030e-01
1.154200e+00 1.207869e-01
1.154400e+00 1.205711e-01
1.154600e+00 1.203553e-01
1.154800e+00 1.201397e-01
1.155000e+00 1.199242e-01
1.155200e+00 1.197088e-01
1.155400e+00 1.194934e-01
1.155600e+00 1.192781e-01
1.155800e+00 1.190628e-01
1.156000e+00 1.188475e-01
1.156200e+00 1.186323e-01
1.156400e+00 1.184170e-01
1.156600e+00 1.182018e-01
1.156800e+00 1.179866e-01
1.157000e+00 1.177714e-01
1.157200e+00 1.175562e-01
1.157400e+00 1.173410e-01
1.157600e+00 1.171259e-01
1.157800e+00 1.169108e-01
1.158000e+00 1.166957e-01
1.158200e+00 1.164806e-01
1.158400e+00 1.162656e-01
1.158600e+00 1.160507e-01
1.158800e+00 1.158359e-01
1.159000e+00 1.156211e-01
1.159200e+00 1.154065e-01
1.159400e+00 1.151921e-01
1.159600e+00 1.149778e-01
1.159800e+00 1.147637e-01
1.160000e+00 1.145499e-01
1.160200e+00 1.143363e-01
1.160400e+00 1.141230e-01
1.160600e+00 1.139099e-01
1.160800e+00 1.136973e-01
1.161000e+00 1.134850e-01
1.161200e+00 1.132732e-01
1.161400e+00 1.130618e-01
1.161600e+00 1.128510e-01
1.161800e+00 1.126406e-01
1.162000e+00 1.124309e-01
1.162200e+00 1.122218e-01
1.162400e+00 1.120133e-01
1.162600e+00 1.118055e-01
1.162800e+00 1.115985e-01
1.163000e+00 1.113922e-01
1.163200e+00 1.111866e-01
1.163400e+00 1.109818e-01
1.163600e+00 1.107779e-01
1.163800e+00 1.105748e-01
1.164000e+00 1.103725e-01
1.164200e+00 1.101711e-01
1.164400e+00 1.099705e-01
1.164600e+00 1.097709e-01
1.164800e+00 1.095721e-01
1.165000e+00 1.093743e-01
1.165200e+00 1.091773e-01
1.165400e+00 1.089813e-01
1.165600e+00 1.087862e-01
1.165800e+00 1.085920e-01
1.166000e+00 1.083987e-01
1.166200e+00 1.082063e-01
1.166400e+00 1.080148e-01
1.166600e+00 1.078242e-01
1.166800e+00 1.076345e-01
1.167000e+00 1.074456e-01
1.167200e+00 1.072576e-01
1.167400e+00 1.070705e-01
1.167600e+00 1.068841e-01
1.167800e+00 1.066986e-01
1.168000e+00 1.065138e-01
1.168200e+00 1.063297e-01
1.168400e+00 1.061464e-01
1.168600e+00 1.059638e-01
1.168800e+00 1.057818e-01
1.169000e+00 1.056005e-01
1.169200e+00 1.054197e-01
1.169400e+00 1.052396e-01
1.169600e+00 1.050600e-01
1.169800e+00 1.048809e-01
1.170000e+00 1.047024e-01
1.170200e+00 1.045244e-01
1.170400e+00 1.043468e-01
1.170600e+00 1.041697e-01
1.170800e+00 1.039930e-01
1.171000e+00 1.038168e-01
1.171200e+00 1.036409e-01
1.171400e+00 1.034655e-01
1.171600e+00 1.032904e-01
1.171800e+00 1.031157e-01
1.172000e+00 1.029413e-01
1.172200e+00 1.027673e-01
1.172400e+00 1.025936e-01
1.172600e+00 1.024203e-01
1.172800e+00 1.022472e-01
1.173000e+00 1.020745e-01
1.173200e+00 1.019021e-01
1.173400e+00 1.017300e-01
1.173600e+00 1.015582e-01
1.173800e+00 1.013867e-01
1.174000e+00 1.012155e-01
1.174200e+00 1.010446e-01
1.174400e+00 1.008740e-01
1.174600e+00 1.007037e-01
1.174800e+00 1.005337e-01
1.175000e+00 1.003641e-01
1.175200e+00 1.001947e-01
1.175400e+00 1.000257e-01
1.175600e+00 9.985702e-02
1.175800e+00 9.968868e-02
1.176000e+00 9.952068e-02
1.176200e+00 9.935305e-02
1.176400e+00 9.918579e-02
1.176600e+00 9.901891e-02
1.176800e+00 9.885241e-02
1.177000e+00 9.868630e-02
1.177200e+00 9.852060e-02
1.177400e+00 9.835532e-02
1.177600e+00 9.819045e-02
1.177800e+00 9.802602e-02
1.178000e+00 9.786202e-02
1.178200e+00 9.769848e-02
1.178400e+00 9.753539e-02
1.178600e+00 9.737277e-02
1.178800e+00 9.721062e-02
1.179000e+00 9.704896e-02
1.179200e+00 9.688780e-02
1.179400e+00 9.672714e-02
1.179600e+00 9.656699e-02
1.179800e+00 9.640736e-02
1.180000e+00 9.624827e-02
1.180200e+00 9.608972e-02
1.180400e+00 9.593172e-02
1.180600e+00 9.577428e-02
1.180800e+00 9.561741e-02
1.181000e+00 9.546112e-02
1.181200e+00 9.530542e-02
1.181400e+00 9.515032e-02
1.181600e+00 9.499583e-02
1.181800e+00 9.484195e-02
1.182000e+00 9.468871e-02
1.182200e+00 9.453610e-02
1.182400e+00 9.438415e-02
1.182600e+00 9.423285e-02
1.182800e+00 9.408222e-02
1.183000e+00 9.393227e-02
1.183200e+00 9.378300e-02
1.183400e+00 9.363443e-02
1.183600e+00 9.348656e-02
1.183800e+00 9.333941e-02
1.184000e+00 9.319297e-02
1.184200e+00 9.304725e-02
1.184400e+00 9.290226e-02
1.184600e+00 9.275800e-02
1.184800e+00 9.261448e-02
1.185000e+00 9.247171e-02
1.185200e+00 9.232968e-02
1.185400e+00 9.218840e-02
1.185600e+00 9.204787e-02
1.185800e+00 9.190809e-02
1.186000e+00 9.176907e-02
1.186200e+00 9.163080e-02
1.186400e+00 9.149329e-02
1.186600e+00 9.135654e-02
1.186800e+00 9.122054e-02
1.187000e+00 9.108529e-02
1.187200e+00 9.095080e-02
1.187400e+00 9.081706e-02
1.187600e+00 9.068406e-02
1.187800e+00 9.055181e-02
1.188000e+00 9.042030e-02
1.188200e+00 9.028952e-02
1.188400e+00 9.015947e-02
1.188600e+00 9.003015e-02
1.188800e+00 8.990155e-02
1.189000e+00 8.977367e-02
1.189200e+00 8.964648e-02
1.189400e+00 8.952000e-02
1.189600e+00 8.939421e-02
1.189800e+00 8.926909e-02
1.190000e+00 8.914466e-02
1.190200e+00 8.902088e-02
1.190400e+00 8.889777e-02
1.190600e+00 8.877530e-02
1.190800e+00 8.865347e-02
1.191000e+00 8.853228e-02
1.191200e+00 8.841172e-02
1.191400e+00 8.829177e-02
1.191600e+00 8.817244e-02
1.191800e+00 8.805372e-02
1.192000e+00 8.793559e-02
1.192200e+00 8.781806e-02
1.192400e+00 8.770111e-02
1.192600e+00 8.758474e-02
1.192800e+00 8.746895e-02
1.193000e+00 8.735373e-02
1.193200e+00 8.723908e-02
1.193400e+00 8.712498e-02
1.193600e+00 8.701144e-02
1.193800e+00 8.689844e-02
1.194000e+00 8.678599e-02
1.194200e+00 8.667408e-02
1.194400e+00 8.656270e-02
1.194600e+00 8.645186e-02
1.194800e+00 8.634154e-02
1.195000e+00 8.623175e-02
1.195200e+00 8.612248e-02
1.195400e+00 8.601372e-02
1.195600e+00 8.590547e-02
1.195800e+00 8.579774e-02
1.196000e+00 8.569052e-02
1.196200e+00 8.558380e-02
1.196400e+00 8.547758e-02
1.196600e+00 8.537186e-02
1.196800e+00 8.526664e-02
1.197000e+00 8.516192e-02
1.197200e+00 8.505768e-02
1.197400e+00 8.495394e-02
1.197600e+00 8.485069e-02
1.197800e+00 8.474792e-02
1.198000e+00 8.464562e-02
1.198200e+00 8.454380e-02
1.198400e+00 8.444245e-02
1.198600e+00 8.434157e-02
1.198800e+00 8.424115e-02
1.199000e+00 8.414118e-02
1.199200e+00 8.404165e-02
1.199400e+00 8.394257e-02
1.199600e+00 8.384393e-02
1.199800e+00 8.374571e-02
1.200000e+00 8.364792e-02
1.200200e+00 8.355054e-02
1.200400e+00 8.345356e-02
1.200600e+00 8.335699e-02
1.200800e+00 8.326080e-02
1.201000e+00 8.316499e-02
1.201200e+00 8.306956e-02
1.201400e+00 8.297448e-02
1.201600e+00 8.287976e-02
1.201800e+00 8.278538e-02
1.202000e+00 8.269134e-02
1.202200e+00 8.259761e-02
1.202400e+00 8.250420e-02
1.202600e+00 8.241109e-02
1.202800e+00 8.231826e-02
1.203000e+00 8.222571e-02
1.203200e+00 8.213342e-02
1.203400e+00 8.204138e-02
1.203600e+00 8.194958e-02
1.203800e+00 8.185801e-02
1.204000e+00 8.176664e-02
1.204200e+00 8.167548e-02
1.204400e+00 8.158450e-02
1.204600e+00 8.149370e-02
1.204800e+00 8.140307e-02
1.205000e+00 8.131258e-02
1.205200e+00 8.122224e-02
1.205400e+00 8.113203e-02
1.205600e+00 8.104195e-02
1.205800e+00 8.095198e-02
1.206000e+00 8.086211e-02
1.206200e+00 8.077234e-02
1.206400e+00 8.068265e-02
1.206600e+00 8.059304e-02
1.206800e+00 8.050351e-02
1.207000e+00 8.041404e-02
1.207200e+00 8.032463e-02
1.207400e+00 8.023527e-02
1.207600e+00 8.014595e-02
1.207800e+00 8.005668e-02
1.208000e+00 7.996743e-02
1.208200e+00 7.987822e-02
1.208400e+00 7.978904e-02
1.208600e+00 7.969987e-02
1.208800e+00 7.961072e-02
1.209000e+00 7.952159e-02
1.209200e+00 7.943246e-02
1.209400e+00 7.934334e-02
1.209600e+00 7.925423e-02
1.209800e+00 7.916512e-02
1.210000e+00 7.907602e-02
1.210200e+00 7.898691e-02
1.210400e+00 7.889781e-02
1.210600e+00 7.880871e-02
1.210800e+00 7.871960e-02
1.211000e+00 7.863050e-02
1.211200e+00 7.854139e-02
1.211400e+00 7.845229e-02
1.211600e+00 7.836319e-02
1.211800e+00 7.827408e-02
1.212000e+00 7.818498e-02
1.212200e+00 7.809587e-02
1.212400e+00 7.800677e-02
1.212600e+00 7.791767e-02
1.212800e+00 7.782856e-02
1.213000e+00 7.773946e-02
1.213200e+00 7.765036e-02
1.213400e+00 7.756125e-02
1.213600e+00 7.747215e-02
1.213800e+00 7.738304e-02
1.214000e+00 7.729394e-02
1.214200e+00 7.720484e-02
1.214400e+00 7.711573e-02
1.214600e+00 7.702663e-02
1.214800e+00 7.693752e-02
1.215000e+00 7.684842e-02
1.215200e+00 7.675932e-02
1.215400e+00 7.667021e-02
1.215600e+00 7.658111e-02
1.215800e+00 7.649200e-02
1.216000e+00 7.640290e-02
1.216200e+00 7.631380e-02
1.216400e+00 7.622469e-02
1.216600e+00 7.613559e-02
1.216800e+00 7.604648e-02
1.217000e+00 7.595738e-02
1.217200e+00 7.586828e-02
1.217400e+00 7.577917e-02
1.217600e+00 7.569007e-02
1.217800e+00 7.560097e-02
1.218000e+00 7.551186e-02
1.218200e+00 7.542276e-02
1.218400e+00 7.533365e-02
1.218600e+00 7.524455e-02
1.218800e+00 7.515545e-02
1.219000e+00 7.506634e-02
1.219200e+00 7.497724e-02
1.219400e+00 7.488813e-02
1.219600e+00 7.479903e-02
1.219800e+00 7.470993e-02
1.220000e+00 7.462082e-02
1.220200e+00 7.453172e-02
1.220400e+00 7.444261e-02
1.220600e+00 7.435351e-02
1.220800e+00 7.426441e-02
1.221000e+00 7.417530e-02
1.221200e+00 7.408620e-02
1.221400e+00 7.399710e-02
1.221600e+00 7.390799e-02
1.221800e+00 7.381889e-02
1.222000e+00 7.372978e-02
1.222200e+00 7.364068e-02
1.222400e+00 7.355158e-02
1.222600e+00 7.346247e-02
1.222800e+00 7.337337e-02
1.223000e+00 7.328426e-02
1.223200e+00 7.319516e-02
1.223400e+00 7.310606e-02
1.223600e+00 7.301695e-02
1.223800e+00 7.292785e-02
1.224000e+00 7.283874e-02
1.224200e+00 7.274964e-02
1.224400e+00 7.266054e-02
1.224600e+00 7.257144e-02
1.224800e+00 7.248235e-02
1.225000e+00 7.239327e-02
1.225200e+00 7.230419e-02
1.225400e+00 7.221513e-02
1.225600e+00 7.212608e-02
1.225800e+00 7.203705e-02
1.226000e+00 7.194805e-02
1.226200e+00 7.185907e-02
1.226400e+00 7.177012e-02
1.226600e+00 7.168120e-02
1.226800e+00 7.159233e-02
1.227000e+00 7.150350e-02
1.227200e+00 7.141473e-02
1.227400e+00 7.132601e-02
1.227600e+00 7.123736e-02
1.227800e+00 7.114878e-02
1.228000e+00 7.106028e-02
1.228200e+00 7.097186e-02
1.228400e+00 7.088354e-02
1.228600e+00 7.079532e-02
1.228800e+00 7.070721e-02
1.229000e+00 7.061922e-02
1.229200e+00 7.053136e-02
1.229400e+00 7.044364e-02
1.229600e+00 7.035606e-02
1.229800e+00 7.026864e-02
1.230000e+00 7.018139e-02
1.230200e+00 7.009432e-02
1.230400e+00 7.000744e-02
1.230600e+00 6.992077e-02
1.230800e+00 6.983431e-02
1.231000e+00 6.974807e-02
1.231200e+00 6.966207e-02
1.231400e+00 6.957631e-02
1.231600e+00 6.949081e-02
1.231800e+00 6.940557e-02
1.232000e+00 6.932061e-02
1.232200e+00 6.923592e-02
1.232400e+00 6.915152e-02
1.232600e+00 6.906741e-02
1.232800e+00 6.898359e-02
1.233000e+00 6.890008e-02
1.233200e+00 6.881686e-02
1.233400e+00 6.873396e-02
1.233600e+00 6.865136e-02
1.233800e+00 6.856908e-02
1.234000e+00 6.848711e-02
1.234200e+00 6.840545e-02
1.234400e+00 6.832410e-02
1.234600e+00 6.824306e-02
1.234800e+00 6.816234e-02
1.235000e+00 6.808192e-02
1.235200e+00 6.800180e-02
1.235400e+00 6.792198e-02
1.235600e+00 6.784246e-02
1.235800e+00 6.776323e-02
1.236000e+00 6.768429e-02
1.236200e+00 6.760562e-02
1.236400e+00 6.752723e-02
1.236600e+00 6.744910e-02
1.236800e+00 6.737122e-02
1.237000e+00 6.729359e-02
1.237200e+00 6.721619e-02
1.237400e+00 6.713902e-02
1.237600e+00 6.706207e-02
1.237800e+00 6.698531e-02
1.238000e+00 6.690875e-02
1.238200e+00 6.683237e-02
1.238400e+00 6.675615e-02
1.238600e+00 6.668010e-02
1.238800e+00 6.660419e-02
1.239000e+00 6.652842e-02
1.239200e+00 6.645278e-02
1.239400e+00 6.637726e-02
1.239600e+00 6.630184e-02
1.239800e+00 6.622653e-02
1.240000e+00 6.615132e-02
1.240200e+00 6.607619e-02
1.240400e+00 6.600114e-02
1.240600e+00 6.592616e-02
1.240800e+00 6.585124e-02
1.241000e+00 6.577638e-02
1.241200e+00 6.570158e-02
1.241400e+00 6.562682e-02
1.241600e+00 6.555210e-02
1.241800e+00 6.547742e-02
1.242000e+00 6.540276e-02
1.242200e+00 6.532814e-02
1.242400e+00 6.525354e-02
1.242600e+00 6.517895e-02
1.242800e+00 6.510438e-02
1.243000e+00 6.502983e-02
1.243200e+00 6.495528e-02
1.243400e+00 6.488074e-02
1.243600e+00 6.480620e-02
1.243800e+00 6.473167e-02
1.244000e+00 6.465714e-02
1.244200e+00 6.458261e-02
1.244400e+00 6.450809e-02
1.244600e+00 6.443356e-02
1.244800e+00 6.435903e-02
1.245000e+00 6.428450e-02
1.245200e+00 6.420997e-02
1.245400e+00 6.413545e-02
1.245600e+00 6.406092e-02
1.245800e+00 6.398639e-02
1.246000e+00 6.391186e-02
1.246200e+00 6.383733e-02
1.246400e+00 6.376280e-02
1.246600e+00 6.368828e-02
1.246800e+00 6.361375e-02
1.247000e+00 6.353922e-02
1.247200e+00 6.346469e-02
1.247400e+00 6.339016e-02
1.247600e+00 6.331564e-02
1.247800e+00 6.324111e-02
1.248000e+00 6.316658e-02
1.248200e+00 6.309205e-02
1.248400e+00 6.301752e-02
1.248600e+00 6.294300e-02
1.248800e+00 6.286847e-02
1.249000e+00 6.279394e-02
1.249200e+00 6.271941e-02
1.249400e+00 6.264488e-02
1.249600e+00 6.257035e-02
1.249800e+00 6.249583e-02
1.250000e+00 6.242130e-02
1.250200e+00 6.234677e-02
1.250400e+00 6.227224e-02
1.250600e+00 6.219771e-02
1.250800e+00 6.212319e-02
1.251000e+00 6.204866e-02
1.251200e+00 6.197413e-02
1.251400e+00 6.189960e-02
1.251600e+00 6.182507e-02
1.251800e+00 6.175055e-02
1.252000e+00 6.167602e-02
1.252200e+00 6.160149e-02
1.252400e+00 6.152696e-02
1.252600e+00 6.145243e-02
1.252800e+00 6.137790e-02
1.253000e+00 6.130338e-02
1.253200e+00 6.122885e-02
1.253400e+00 6.115432e-02
1.253600e+00 6.107979e-02
1.253800e+00 6.100526e-02
1.254000e+00 6.093074e-02
1.254200e+00 6.085621e-02
1.254400e+00 6.078168e-02
1.254600e+00 6.070715e-02
1.254800e+00 6.063262e-02
1.255000e+00 6.055809e-02
1.255200e+00 6.048357e-02
1.255400e+00 6.040904e-02
1.255600e+00 6.033451e-02
1.255800e+00 6.025998e-02
1.256000e+00 6.018545e-02
1.256200e+00 6.011093e-02
1.256400e+00 6.003640e-02
1.256600e+00 5.996187e-02
1.256800e+00 5.988734e-02
1.257000e+00 5.981281e-02
1.257200e+00 5.973829e-02
1.257400e+00 5.966376e-02
1.257600e+00 5.958923e-02
1.257800e+00 5.951470e-02
1.258000e+00 5.944017e-02
1.258200e+00 5.936564e-02
1.258400e+00 5.929112e-02
1.258600e+00 5.921659e-02
1.258800e+00 5.914206e-02
1.259000e+00 5.906753e-02
1.259200e+00 5.899300e-02
1.259400e+00 5.891848e-02
1.259600e+00 5.884395e-02
1.259800e+00 5.876942e-02
1.260000e+00 5.869489e-02
1.260200e+00 5.862036e-02
1.260400e+00 5.854584e-02
1.260600e+00 5.847131e-02
1.260800e+00 5.839678e-02
1.261000e+00 5.832225e-02
1.261200e+00 5.824772e-02
1.261400e+00 5.817319e-02
1.261600e+00 5.809867e-02
1.261800e+00 5.802414e-02
1.262000e+00 5.794961e-02
1.262200e+00 5.787508e-02
1.262400e+00 5.780055e-02
1.262600e+00 5.772603e-02
1.262800e+00 5.765150e-02
1.263000e+00 5.757697e-02
1.263200e+00 5.750244e-02
1.263400e+00 5.742791e-02
1.263600e+00 5.735339e-02
1.263800e+00 5.727886e-02
1.264000e+00 5.720433e-02
1.264200e+00 5.712980e-02
1.264400e+00 5.705527e-02
1.264600e+00 5.698074e-02
1.264800e+00 5.690622e-02
1.265000e+00 5.683169e-02
1.265200e+00 5.675716e-02
1.265400e+00 5.668263e-02
1.265600e+00 5.660810e-02
1.265800e+00 5.653358e-02
1.266000e+00 5.645905e-02
1.266200e+00 5.638452e-02
1.266400e+00 5.630999e-02
1.266600e+00 5.623546e-02
1.266800e+00 5.616094e-02
1.267000e+00 5.608641e-02
1.267200e+00 5.601188e-02
1.267400e+00 5.593735e-02
1.267600e+00 5.586282e-02
1.267800e+00 5.578829e-02
1.268000e+00 5.571377e-02
1.268200e+00 5.563924e-02
1.268400e+00 5.556471e-02
1.268600e+00 5.549018e-02
1.268800e+00 5.541565e-02
1.269000e+00 5.534113e-02
1.269200e+00 5.526660e-02
1.269400e+00 5.519207e-02
1.269600e+00 5.511754e-02
1.269800e+00 5.504301e-02
1.270000e+00 5.496849e-02
1.270200e+00 5.489396e-02
1.270400e+00 5.481943e-02
1.270600e+00 5.474490e-02
1.270800e+00 5.467037e-02
1.271000e+00 5.459584e-02
1.271200e+00 5.452132e-02
1.271400e+00 5.444679e-02
1.271600e+00 5.437226e-02
1.271800e+00 5.429773e-02
1.272000e+00 5.422320e-02
1.272200e+00 5.414868e-02
1.272400e+00 5.407415e-02
1.272600e+00 5.399962e-02
1.272800e+00 5.392509e-02
1.273000e+00 5.385056e-02
1.273200e+00 5.377603e-02
1.273400e+00 5.370151e-02
1.273600e+00 5.362698e-02
1.273800e+00 5.355245e-02
1.274000e+00 5.347792e-02
1.274200e+00 5.340339e-02
1.274400e+00 5.332887e-02
1.274600e+00 5.325434e-02
1.274800e+00 5.317981e-02
1.275000e+00 5.310528e-02
1.275200e+00 5.303075e-02
1.275400e+00 5.295623e-02
1.275600e+00 5.288170e-02
1.275800e+00 5.280717e-02
1.276000e+00 5.273264e-02
1.276200e+00 5.265811e-02
1.276400e+00 5.258358e-02
1.276600e+00 5.250906e-02
1.276800e+00 5.243453e-02
1.277000e+00 5.236000e-02
1.277200e+00 5.228547e-02
1.277400e+00 5.221094e-02
1.277600e+00 5.213642e-02
1.277800e+00 5.206189e-02
1.278000e+00 5.198736e-02
1.278200e+00 5.191283e-02
1.278400e+00 5.183830e-02
1.278600e+00 5.176378e-02
1.278800e+00 5.168925e-02
1.279000e+00 5.161472e-02
1.279200e+00 5.154019e-02
1.279400e+00 5.146566e-02
1.279600e+00 5.139113e-02
1.279800e+00 5.131661e-02
1.280000e+00 5.124208e-02
1.280200e+00 5.116755e-02
1.280400e+00 5.109302e-02
1.280600e+00 5.101849e-02
1.280800e+00 5.094397e-02
1.281000e+00 5.086944e-02
1.281200e+00 5.079491e-02
1.281400e+00 5.072038e-02
1.281600e+00 5.064585e-02
1.281800e+00 5.057133e-02
1.282000e+00 5.049680e-02
1.282200e+00 5.042227e-02
1.282400e+00 5.034774e-02
1.282600e+00 5.027321e-02
1.282800e+00 5.019868e-02
1.283000e+00 5.012416e-02
1.283200e+00 5.004963e-02
1.283400e+00 4.997510e-02
1.283600e+00 4.990057e-02
1.283800e+00 4.982604e-02
1.284000e+00 4.975152e-02
1.284200e+00 4.967699e-02
1.284400e+00 4.960246e-02
1.284600e+00 4.952793e-02
1.284800e+00 4.945340e-02
1.285000e+00 4.937888e-02
1.285200e+00 4.930435e-02
1.285400e+00 4.922982e-02
1.285600e+00 4.915529e-02
1.285800e+00 4.908076e-02
1.286000e+00 4.900623e-02
1.286200e+00 4.893171e-02
1.286400e+00 4.885718e-02
1.286600e+00 4.878265e-02
1.286800e+00 4.870812e-02
1.287000e+00 4.863359e-02
1.287200e+00 4.855907e-02
1.287400e+00 4.848454e-02
1.287600e+00 4.841001e-02
1.287800e+00 4.833548e-02
1.288000e+00 4.826095e-02
1.288200e+00 4.818643e-02
1.288400e+00 4.811190e-02
1.288600e+00 4.803737e-02
1.288800e+00 4.796284e-02
1.289000e+00 4.788831e-02
1.289200e+00 4.781378e-02
1.289400e+00 4.773926e-02
1.289600e+00 4.766473e-02
1.289800e+00 4.759020e-02
1.290000e+00 4.751567e-02
1.290200e+00 4.744114e-02
1.290400e+00 4.736662e-02
1.290600e+00 4.729209e-02
1.290800e+00 4.721756e-02
1.291000e+00 4.714303e-02
1.291200e+00 4.706850e-02
1.291400e+00 4.699397e-02
1.291600e+00 4.691945e-02
1.291800e+00 4.684492e-02
1.292000e+00 4.677039e-02
1.292200e+00 4.669586e-02
1.292400e+00 4.662133e-02
1.292600e+00 4.654681e-02
1.292800e+00 4.647228e-02
1.293000e+00 4.639775e-02
1.293200e+00 4.632322e-02
1.293400e+00 4.624869e-02
1.293600e+00 4.617417e-02
1.293800e+00 4.609964e-02
1.294000e+00 4.602511e-02
1.294200e+00 4.595058e-02
1.294400e+00 4.587605e-02
1.294600e+00 4.580152e-02
1.294800e+00 4.572700e-02
1.295000e+00 4.565247e-02
1.295200e+00 4.557794e-02
1.295400e+00 4.550341e-02
1.295600e+00 4.542888e-02
1.295800e+00 4.535436e-02
1.296000e+00 4.527983e-02
1.296200e+00 4.520530e-02
1.296400e+00 4.513077e-02
1.296600e+00 4.505624e-02
1.296800e+00 4.498172e-02
1.297000e+00 4.490719e-02
1.297200e+00 4.483266e-02
1.297400e+00 4.475813e-02
1.297600e+00 4.468360e-02
1.297800e+00 4.460907e-02
1.298000e+00 4.453455e-02
1.298200e+00 4.446002e-02
1.298400e+00 4.438549e-02
1.298600e+00 4.431096e-02
1.298800e+00 4.423643e-02
1.299000e+00 4.416191e-02
1.299200e+00 4.408738e-02
1.299400e+00 4.401285e-02
1.299600e+00 4.393832e-02
1.299800e+00 4.386379e-02
1.300000e+00 4.378927e-02
1.300200e+00 4.371474e-02
1.300400e+00 4.364021e-02
1.300600e+00 4.356568e-02
1.300800e+00 4.349115e-02
1.301000e+00 4.341662e-02
1.301200e+00 4.334210e-02
1.301400e+00 4.326757e-02
1.301600e+00 4.319304e-02
1.301800e+00 4.311851e-02
1.302000e+00 4.304398e-02
1.302200e+00 4.296946e-02
1.302400e+00 4.289493e-02
1.302600e+00 4.282040e-02
1.302800e+00 4.274587e-02
1.303000e+00 4.267134e-02
1.303200e+00 4.259682e-02
1.303400e+00 4.252229e-02
1.303600e+00 4.244776e-02
1.303800e+00 4.237323e-02
1.304000e+00 4.229870e-02
1.304200e+00 4.222417e-02
1.304400e+00 4.214965e-02
1.304600e+00 4.207512e-02
1.304800e+00 4.200059e-02
1.305000e+00 4.192606e-02
1.305200e+00 4.185153e-02
1.305400e+00 4.177701e-02
1.305600e+00 4.170248e-02
1.305800e+00 4.162795e-02
1.306000e+00 4.155342e-02
1.306200e+00 4.147889e-02
1.306400e+00 4.140437e-02
1.306600e+00 4.132984e-02
1.306800e+00 4.125531e-02
1.307000e+00 4.118078e-02
1.307200e+00 4.110625e-02
1.307400e+00 4.103172e-02
1.307600e+00 4.095720e-02
1.307800e+00 4.088267e-02
1.308000e+00 4.080814e-02
1.308200e+00 4.073361e-02
1.308400e+00 4.065908e-02
1.308600e+00 4.058456e-02
1.308800e+00 4.051003e-02
1.309000e+00 4.043550e-02
1.309200e+00 4.036097e-02
1.309400e+00 4.028644e-02
1.309600e+00 4.021191e-02
1.309800e+00 4.013739e-02
1.310000e+00 4.006286e-02
1.310200e+00 3.998833e-02
1.310400e+00 3.991380e-02
1.310600e+00 3.983927e-02
1.310800e+00 3.976475e-02
1.311000e+00 3.969022e-02
1.311200e+00 3.961569e-02
1.311400e+00 3.954116e-02
1.311600e+00 3.946663e-02
1.311800e+00 3.939211e-02
1.312000e+00 3.931758e-02
1.312200e+00 3.924305e-02
1.312400e+00 3.916852e-02
1.312600e+00 3.909399e-02
1.312800e+00 3.901946e-02
1.313000e+00 3.894494e-02
1.313200e+00 3.887041e-02
1.313400e+00 3.879588e-02
1.313600e+00 3.872135e-02
1.313800e+00 3.864682e-02
1.314000e+00 3.857230e-02
1.314200e+00 3.849777e-02
1.314400e+00 3.842324e-02
1.314600e+00 3.834871e-02
1.314800e+00 3.827418e-02
1.315000e+00 3.819966e-02
1.315200e+00 3.812513e-02
1.315400e+00 3.805060e-02
