8.304000e-01 -3.875056e-04
8.308000e-01 -3.889111e-04
8.312000e-01 -2.048400e-04
8.316000e-01 -4.056690e-05
8.320000e-01 4.852894e-05
8.324000e-01 -6.817052e-05
8.328000e-01 2.007928e-07
8.332000e-01 1.897692e-04
8.336000e-01 4.111366e-04
8.340000e-01 1.618759e-04
8.344000e-01 -2.585965e-04
8.348000e-01 -5.515982e-04
8.352000e-01 -5.863177e-04
8.356000e-01 -5.174394e-04
8.360000e-01 -5.684029e-04
8.364000e-01 -1.152738e-03
8.368000e-01 -1.892427e-03
8.372000e-01 -2.436753e-03
8.376000e-01 -2.321214e-03
8.380000e-01 -1.684615e-03
8.384000e-01 -1.057220e-03
8.388000e-01 -6.911377e-04
8.392000e-01 -8.664182e-04
8.396000e-01 -1.177118e-03
8.400000e-01 -1.102442e-03
8.404000e-01 -7.168665e-04
8.408000e-01 1.665617e-05
8.412000e-01 3.949398e-04
8.416000e-01 2.791405e-04
8.420000e-01 -2.507649e-04
8.424000e-01 -7.209918e-04
8.428000e-01 -4.312417e-04
8.432000e-01 3.166883e-04
8.436000e-01 8.478097e-04
8.440000e-01 1.089785e-03
8.444000e-01 8.200647e-04
8.448000e-01 6.167405e-04
8.452000e-01 6.472708e-04
8.456000e-01 1.051689e-03
8.460000e-01 1.444568e-03
8.464000e-01 1.493437e-03
8.468000e-01 1.285293e-03
8.472000e-01 1.163183e-03
8.476000e-01 1.137361e-03
8.480000e-01 1.293486e-03
8.484000e-01 1.198933e-03
8.488000e-01 8.582281e-04
8.492000e-01 4.528687e-04
8.496000e-01 2.776914e-04
8.500000e-01 2.474146e-04
8.504000e-01 4.402505e-04
8.508000e-01 6.418153e-04
8.512000e-01 7.623029e-04
8.516000e-01 7.384124e-04
8.520000e-01 7.710712e-04
8.524000e-01 6.465655e-04
8.528000e-01 2.728524e-04
8.532000e-01 -2.897641e-04
8.536000e-01 -6.759383e-04
8.540000e-01 -9.968693e-04
8.544000e-01 -1.029233e-03
8.548000e-01 -9.113235e-04
8.552000e-01 -4.930902e-04
8.556000e-01 1.893543e-04
8.560000e-01 1.124586e-03
8.564000e-01 1.870956e-03
8.568000e-01 2.134029e-03
8.572000e-01 2.136267e-03
8.576000e-01 2.176925e-03
8.580000e-01 2.457042e-03
8.584000e-01 2.844546e-03
8.588000e-01 2.709584e-03
8.592000e-01 1.858312e-03
8.596000e-01 6.764078e-04
8.600000e-01 -1.383605e-05
8.604000e-01 -3.395278e-05
8.608000e-01 2.040046e-04
8.612000e-01 1.401167e-04
8.616000e-01 -1.793274e-04
8.620000e-01 -5.347134e-04
8.624000e-01 -5.867091e-04
8.628000e-01 -1.970247e-04
8.632000e-01 3.336749e-04
8.636000e-01 6.359048e-04
8.640000e-01 8.393887e-04
8.644000e-01 9.218740e-04
8.648000e-01 1.079569e-03
8.652000e-01 8.301843e-04
8.656000e-01 7.349067e-05
8.660000e-01 -8.178059e-04
8.664000e-01 -1.660013e-03
8.668000e-01 -2.060772e-03
8.672000e-01 -2.196073e-03
8.676000e-01 -2.317216e-03
8.680000e-01 -2.518496e-03
8.684000e-01 -2.532914e-03
8.688000e-01 -2.076033e-03
8.692000e-01 -9.944903e-04
8.696000e-01 3.258561e-04
8.700000e-01 1.629697e-03
8.704000e-01 2.359702e-03
8.708000e-01 2.489990e-03
8.712000e-01 2.478735e-03
8.716000e-01 2.678350e-03
8.720000e-01 2.867343e-03
8.724000e-01 3.050271e-03
8.728000e-01 3.151256e-03
8.732000e-01 3.277085e-03
8.736000e-01 3.490842e-03
8.740000e-01 3.904555e-03
8.744000e-01 4.374524e-03
8.748000e-01 4.525383e-03
8.752000e-01 4.042224e-03
8.756000e-01 3.689936e-03
8.760000e-01 3.428823e-03
8.764000e-01 3.244894e-03
8.768000e-01 2.895710e-03
8.772000e-01 2.191609e-03
8.776000e-01 1.507152e-03
8.780000e-01 1.266479e-03
8.784000e-01 1.543862e-03
8.788000e-01 2.371936e-03
8.792000e-01 2.840294e-03
8.796000e-01 2.836073e-03
8.800000e-01 2.812191e-03
8.804000e-01 2.932644e-03
8.808000e-01 3.615287e-03
8.812000e-01 4.336292e-03
8.816000e-01 4.843282e-03
8.820000e-01 5.045525e-03
8.824000e-01 4.980707e-03
8.828000e-01 5.130193e-03
8.832000e-01 5.734117e-03
8.836000e-01 6.279200e-03
8.840000e-01 6.826645e-03
8.844000e-01 7.172950e-03
8.848000e-01 7.346427e-03
8.852000e-01 7.641370e-03
8.856000e-01 8.122248e-03
8.860000e-01 8.686200e-03
8.864000e-01 9.190369e-03
8.868000e-01 9.391891e-03
8.872000e-01 9.771130e-03
8.876000e-01 1.025165e-02
8.880000e-01 1.070003e-02
8.884000e-01 1.105636e-02
8.888000e-01 1.092745e-02
8.892000e-01 1.033910e-02
8.896000e-01 9.748571e-03
8.900000e-01 9.207572e-03
8.904000e-01 8.864330e-03
8.908000e-01 8.473909e-03
8.912000e-01 8.266781e-03
8.916000e-01 8.194285e-03
8.920000e-01 8.519552e-03
8.924000e-01 9.312228e-03
8.928000e-01 1.058096e-02
8.932000e-01 1.177705e-02
8.936000e-01 1.272639e-02
8.940000e-01 1.330415e-02
8.944000e-01 1.346584e-02
8.948000e-01 1.336528e-02
8.952000e-01 1.324472e-02
8.956000e-01 1.339096e-02
8.960000e-01 1.393700e-02
8.964000e-01 1.450004e-02
8.968000e-01 1.517057e-02
8.972000e-01 1.562230e-02
8.976000e-01 1.601908e-02
8.980000e-01 1.687075e-02
8.984000e-01 1.792259e-02
8.988000e-01 1.901675e-02
8.992000e-01 1.953170e-02
8.996000e-01 1.924674e-02
9.000000e-01 1.874495e-02
9.004000e-01 1.812327e-02
9.008000e-01 1.791324e-02
9.012000e-01 1.819078e-02
9.016000e-01 1.860646e-02
9.020000e-01 1.896406e-02
9.024000e-01 1.906752e-02
9.028000e-01 1.916797e-02
9.032000e-01 1.933856e-02
9.036000e-01 1.964630e-02
9.040000e-01 2.040741e-02
9.044000e-01 2.130003e-02
9.048000e-01 2.195715e-02
9.052000e-01 2.202482e-02
9.056000e-01 2.179534e-02
9.060000e-01 2.178836e-02
9.064000e-01 2.210555e-02
9.068000e-01 2.285442e-02
9.072000e-01 2.365941e-02
9.076000e-01 2.420509e-02
9.080000e-01 2.469628e-02
9.084000e-01 2.530874e-02
9.088000e-01 2.640547e-02
9.092000e-01 2.770641e-02
9.096000e-01 2.898357e-02
9.100000e-01 3.001142e-02
9.104000e-01 3.054977e-02
9.108000e-01 3.067090e-02
9.112000e-01 3.081449e-02
9.116000e-01 3.108413e-02
9.120000e-01 3.167053e-02
9.124000e-01 3.249769e-02
9.128000e-01 3.342826e-02
9.132000e-01 3.443841e-02
9.136000e-01 3.534983e-02
9.140000e-01 3.654728e-02
9.144000e-01 3.808294e-02
9.148000e-01 3.952914e-02
9.152000e-01 4.075581e-02
9.156000e-01 4.153591e-02
9.160000e-01 4.196025e-02
9.164000e-01 4.221542e-02
9.168000e-01 4.225732e-02
9.172000e-01 4.262219e-02
9.176000e-01 4.287545e-02
9.180000e-01 4.286013e-02
9.184000e-01 4.261899e-02
9.188000e-01 4.204623e-02
9.192000e-01 4.117208e-02
9.196000e-01 4.003733e-02
9.200000e-01 3.899737e-02
9.204000e-01 3.849331e-02
9.208000e-01 3.868385e-02
9.212000e-01 3.940484e-02
9.216000e-01 4.048835e-02
9.220000e-01 4.155102e-02
9.224000e-01 4.273507e-02
9.228000e-01 4.430491e-02
9.232000e-01 4.668826e-02
9.236000e-01 4.951327e-02
9.240000e-01 5.219861e-02
9.244000e-01 5.417986e-02
9.248000e-01 5.585168e-02
9.252000e-01 5.733917e-02
9.256000e-01 5.897326e-02
9.260000e-01 6.088549e-02
9.264000e-01 6.296710e-02
9.268000e-01 6.458924e-02
9.272000e-01 6.590064e-02
9.276000e-01 6.685170e-02
9.280000e-01 6.783204e-02
9.284000e-01 6.883074e-02
9.288000e-01 7.028674e-02
9.292000e-01 7.209402e-02
9.296000e-01 7.392357e-02
9.300000e-01 7.526687e-02
9.304000e-01 7.602949e-02
9.308000e-01 7.591445e-02
9.312000e-01 7.566382e-02
9.316000e-01 7.567355e-02
9.320000e-01 7.645720e-02
9.324000e-01 7.778467e-02
9.328000e-01 7.906742e-02
9.332000e-01 8.017920e-02
9.336000e-01 8.121305e-02
9.340000e-01 8.221331e-02
9.344000e-01 8.404466e-02
9.348000e-01 8.615589e-02
9.352000e-01 8.789877e-02
9.356000e-01 8.865516e-02
9.360000e-01 8.865108e-02
9.364000e-01 8.878685e-02
9.368000e-01 8.945172e-02
9.372000e-01 9.076992e-02
9.376000e-01 9.268230e-02
9.380000e-01 9.426773e-02
9.384000e-01 9.571586e-02
9.388000e-01 9.743967e-02
9.392000e-01 9.944393e-02
9.396000e-01 1.015709e-01
9.400000e-01 1.036282e-01
9.404000e-01 1.054529e-01
9.408000e-01 1.074015e-01
9.412000e-01 1.095391e-01
9.416000e-01 1.121044e-01
9.420000e-01 1.148635e-01
9.424000e-01 1.169255e-01
9.428000e-01 1.185208e-01
9.432000e-01 1.197874e-01
9.436000e-01 1.211756e-01
9.440000e-01 1.227084e-01
9.444000e-01 1.242540e-01
9.448000e-01 1.257086e-01
9.452000e-01 1.270063e-01
9.456000e-01 1.283970e-01
9.460000e-01 1.305327e-01
9.464000e-01 1.331990e-01
9.468000e-01 1.361331e-01
9.472000e-01 1.389076e-01
9.476000e-01 1.412745e-01
9.480000e-01 1.428125e-01
9.484000e-01 1.434354e-01
9.488000e-01 1.436238e-01
9.492000e-01 1.439877e-01
9.496000e-01 1.448417e-01
9.500000e-01 1.461703e-01
9.504000e-01 1.474252e-01
9.508000e-01 1.485574e-01
9.512000e-01 1.499883e-01
9.516000e-01 1.524764e-01
9.520000e-01 1.558162e-01
9.524000e-01 1.596648e-01
9.528000e-01 1.632983e-01
9.532000e-01 1.662994e-01
9.536000e-01 1.685755e-01
9.540000e-01 1.703282e-01
9.544000e-01 1.718286e-01
9.548000e-01 1.732197e-01
9.552000e-01 1.743853e-01
9.556000e-01 1.758370e-01
9.560000e-01 1.776905e-01
9.564000e-01 1.800804e-01
9.568000e-01 1.832218e-01
9.572000e-01 1.873689e-01
9.576000e-01 1.926114e-01
9.580000e-01 1.985657e-01
9.584000e-01 2.046152e-01
9.588000e-01 2.100784e-01
9.592000e-01 2.145539e-01
9.596000e-01 2.177535e-01
9.600000e-01 2.201503e-01
9.604000e-01 2.224562e-01
9.608000e-01 2.247822e-01
9.612000e-01 2.273067e-01
9.616000e-01 2.299622e-01
9.620000e-01 2.331853e-01
9.624000e-01 2.374086e-01
9.628000e-01 2.429509e-01
9.632000e-01 2.497065e-01
9.636000e-01 2.570097e-01
9.640000e-01 2.642297e-01
9.644000e-01 2.711688e-01
9.648000e-01 2.780581e-01
9.652000e-01 2.853489e-01
9.656000e-01 2.926356e-01
9.660000e-01 2.990966e-01
9.664000e-01 3.042639e-01
9.668000e-01 3.083896e-01
9.672000e-01 3.118355e-01
9.676000e-01 3.150811e-01
9.680000e-01 3.195062e-01
9.684000e-01 3.249237e-01
9.688000e-01 3.305629e-01
9.692000e-01 3.359002e-01
9.696000e-01 3.410075e-01
9.700000e-01 3.459985e-01
9.704000e-01 3.511839e-01
9.708000e-01 3.574856e-01
9.712000e-01 3.651898e-01
9.716000e-01 3.722923e-01
9.720000e-01 3.782887e-01
9.724000e-01 3.829543e-01
9.728000e-01 3.869979e-01
9.732000e-01 3.924281e-01
9.736000e-01 3.992646e-01
9.740000e-01 4.079048e-01
9.744000e-01 4.171354e-01
9.748000e-01 4.246472e-01
9.752000e-01 4.308363e-01
9.756000e-01 4.367693e-01
9.760000e-01 4.439639e-01
9.764000e-01 4.526723e-01
9.768000e-01 4.611068e-01
9.772000e-01 4.687968e-01
9.776000e-01 4.753144e-01
9.780000e-01 4.812594e-01
9.784000e-01 4.885618e-01
9.788000e-01 4.973473e-01
9.792000e-01 5.074008e-01
9.796000e-01 5.185844e-01
9.800000e-01 5.311208e-01
9.804000e-01 5.451429e-01
9.808000e-01 5.601729e-01
9.812000e-01 5.759338e-01
9.816000e-01 5.925515e-01
9.820000e-01 6.101341e-01
9.824000e-01 6.283195e-01
9.828000e-01 6.461946e-01
9.832000e-01 6.630622e-01
9.836000e-01 6.791219e-01
9.840000e-01 6.945434e-01
9.844000e-01 7.097739e-01
9.848000e-01 7.251727e-01
9.852000e-01 7.403464e-01
9.856000e-01 7.547686e-01
9.860000e-01 7.687510e-01
9.864000e-01 7.827765e-01
9.868000e-01 7.967999e-01
9.872000e-01 8.104076e-01
9.876000e-01 8.236656e-01
9.880000e-01 8.370589e-01
9.884000e-01 8.504437e-01
9.888000e-01 8.637818e-01
9.892000e-01 8.772870e-01
9.896000e-01 8.910997e-01
9.900000e-01 9.049808e-01
9.904000e-01 9.187287e-01
9.908000e-01 9.319982e-01
9.912000e-01 9.452854e-01
9.916000e-01 9.591373e-01
9.920000e-01 9.736807e-01
9.924000e-01 9.881020e-01
9.928000e-01 1.001850e+00
9.932000e-01 1.015012e+00
9.936000e-01 1.027804e+00
9.940000e-01 1.040522e+00
9.944000e-01 1.053410e+00
9.948000e-01 1.066142e+00
9.952000e-01 1.078278e+00
9.956000e-01 1.089474e+00
9.960000e-01 1.100175e+00
9.964000e-01 1.110593e+00
9.968000e-01 1.120782e+00
9.972000e-01 1.130609e+00
9.976000e-01 1.139948e+00
9.980000e-01 1.148738e+00
9.984000e-01 1.157283e+00
9.988000e-01 1.166147e+00
9.992000e-01 1.175753e+00
9.996000e-01 1.185826e+00
1.000000e+00 1.195891e+00
1.000400e+00 1.205847e+00
1.000800e+00 1.216232e+00
1.001200e+00 1.227193e+00
1.001600e+00 1.238572e+00
1.002000e+00 1.249624e+00
1.002400e+00 1.259730e+00
1.002800e+00 1.268984e+00
1.003200e+00 1.278219e+00
1.003600e+00 1.287954e+00
1.004000e+00 1.298224e+00
1.004400e+00 1.308656e+00
1.004800e+00 1.319071e+00
1.005200e+00 1.329527e+00
1.005600e+00 1.340442e+00
1.006000e+00 1.352100e+00
1.006400e+00 1.363825e+00
1.006800e+00 1.375175e+00
1.007200e+00 1.385756e+00
1.007600e+00 1.395320e+00
1.008000e+00 1.404151e+00
1.008400e+00 1.412658e+00
1.008800e+00 1.420965e+00
1.009200e+00 1.429225e+00
1.009600e+00 1.437192e+00
1.010000e+00 1.444756e+00
1.010400e+00 1.451712e+00
1.010800e+00 1.458380e+00
1.011200e+00 1.465027e+00
1.011600e+00 1.471413e+00
1.012000e+00 1.477599e+00
1.012400e+00 1.483454e+00
1.012800e+00 1.488798e+00
1.013200e+00 1.493764e+00
1.013600e+00 1.498680e+00
1.014000e+00 1.503653e+00
1.014400e+00 1.508794e+00
1.014800e+00 1.513952e+00
1.015200e+00 1.519165e+00
1.015600e+00 1.523970e+00
1.016000e+00 1.528569e+00
1.016400e+00 1.532970e+00
1.016800e+00 1.537399e+00
1.017200e+00 1.541629e+00
1.017600e+00 1.545800e+00
1.018000e+00 1.549609e+00
1.018400e+00 1.553073e+00
1.018800e+00 1.556457e+00
1.019200e+00 1.559957e+00
1.019600e+00 1.563290e+00
1.020000e+00 1.566577e+00
1.020400e+00 1.569583e+00
1.020800e+00 1.572539e+00
1.021200e+00 1.575326e+00
1.021600e+00 1.578155e+00
1.022000e+00 1.581078e+00
1.022400e+00 1.583766e+00
1.022800e+00 1.586193e+00
1.023200e+00 1.588727e+00
1.023600e+00 1.591137e+00
1.024000e+00 1.593414e+00
1.024400e+00 1.595424e+00
1.024800e+00 1.597305e+00
1.025200e+00 1.599080e+00
1.025600e+00 1.600870e+00
1.026000e+00 1.602831e+00
1.026400e+00 1.604847e+00
1.026800e+00 1.606823e+00
1.027200e+00 1.608628e+00
1.027600e+00 1.610469e+00
1.028000e+00 1.612254e+00
1.028400e+00 1.613906e+00
1.028800e+00 1.615424e+00
1.029200e+00 1.616684e+00
1.029600e+00 1.617611e+00
1.030000e+00 1.618375e+00
1.030400e+00 1.618936e+00
1.030800e+00 1.619584e+00
1.031200e+00 1.620363e+00
1.031600e+00 1.621375e+00
1.032000e+00 1.622582e+00
1.032400e+00 1.623563e+00
1.032800e+00 1.624545e+00
1.033200e+00 1.625406e+00
1.033600e+00 1.626281e+00
1.034000e+00 1.627012e+00
1.034400e+00 1.627617e+00
1.034800e+00 1.627953e+00
1.035200e+00 1.628189e+00
1.035600e+00 1.628335e+00
1.036000e+00 1.628632e+00
1.036400e+00 1.629033e+00
1.036800e+00 1.629607e+00
1.037200e+00 1.630215e+00
1.037600e+00 1.630960e+00
1.038000e+00 1.631504e+00
1.038400e+00 1.631895e+00
1.038800e+00 1.631904e+00
1.039200e+00 1.631665e+00
1.039600e+00 1.631368e+00
1.040000e+00 1.631103e+00
1.040400e+00 1.630777e+00
1.040800e+00 1.630370e+00
1.041200e+00 1.629722e+00
1.041600e+00 1.629178e+00
1.042000e+00 1.628767e+00
1.042400e+00 1.628651e+00
1.042800e+00 1.628777e+00
1.043200e+00 1.628879e+00
1.043600e+00 1.628804e+00
1.044000e+00 1.628630e+00
1.044400e+00 1.628429e+00
1.044800e+00 1.628388e+00
1.045200e+00 1.628329e+00
1.045600e+00 1.628084e+00
1.046000e+00 1.627667e+00
1.046400e+00 1.627059e+00
1.046800e+00 1.626467e+00
1.047200e+00 1.625818e+00
1.047600e+00 1.625183e+00
1.048000e+00 1.624425e+00
1.048400e+00 1.623534e+00
1.048800e+00 1.622679e+00
1.049200e+00 1.622112e+00
1.049600e+00 1.621829e+00
1.050000e+00 1.621690e+00
1.050400e+00 1.621486e+00
1.050800e+00 1.621268e+00
1.051200e+00 1.621089e+00
1.051600e+00 1.621024e+00
1.052000e+00 1.621053e+00
1.052400e+00 1.620978e+00
1.052800e+00 1.620750e+00
1.053200e+00 1.620422e+00
1.053600e+00 1.620205e+00
1.054000e+00 1.620334e+00
1.054400e+00 1.620532e+00
1.054800e+00 1.620554e+00
1.055200e+00 1.620396e+00
1.055600e+00 1.620123e+00
1.056000e+00 1.619913e+00
1.056400e+00 1.619768e+00
1.056800e+00 1.619509e+00
1.057200e+00 1.619011e+00
1.057600e+00 1.618117e+00
1.058000e+00 1.617101e+00
1.058400e+00 1.616314e+00
1.058800e+00 1.615662e+00
1.059200e+00 1.615082e+00
1.059600e+00 1.614520e+00
1.060000e+00 1.613877e+00
1.060400e+00 1.613182e+00
1.060800e+00 1.612422e+00
1.061200e+00 1.611904e+00
1.061600e+00 1.611537e+00
1.062000e+00 1.611187e+00
1.062400e+00 1.611047e+00
1.062800e+00 1.611034e+00
1.063200e+00 1.611019e+00
1.063600e+00 1.610730e+00
1.064000e+00 1.610148e+00
1.064400e+00 1.609568e+00
1.064800e+00 1.608900e+00
1.065200e+00 1.608393e+00
1.065600e+00 1.607795e+00
1.066000e+00 1.606945e+00
1.066400e+00 1.605806e+00
1.066800e+00 1.604642e+00
1.067200e+00 1.603805e+00
1.067600e+00 1.603314e+00
1.068000e+00 1.602843e+00
1.068400e+00 1.602099e+00
1.068800e+00 1.600980e+00
1.069200e+00 1.599846e+00
1.069600e+00 1.598791e+00
1.070000e+00 1.598019e+00
1.070400e+00 1.597233e+00
1.070800e+00 1.596319e+00
1.071200e+00 1.595364e+00
1.071600e+00 1.594488e+00
1.072000e+00 1.593812e+00
1.072400e+00 1.593339e+00
1.072800e+00 1.592923e+00
1.073200e+00 1.592353e+00
1.073600e+00 1.591525e+00
1.074000e+00 1.590432e+00
1.074400e+00 1.589453e+00
1.074800e+00 1.588424e+00
1.075200e+00 1.587325e+00
1.075600e+00 1.586200e+00
1.076000e+00 1.584981e+00
1.076400e+00 1.583630e+00
1.076800e+00 1.582266e+00
1.077200e+00 1.580906e+00
1.077600e+00 1.579848e+00
1.078000e+00 1.578547e+00
1.078400e+00 1.577233e+00
1.078800e+00 1.575793e+00
1.079200e+00 1.574312e+00
1.079600e+00 1.572926e+00
1.080000e+00 1.571659e+00
1.080400e+00 1.570595e+00
1.080800e+00 1.569552e+00
1.081200e+00 1.568448e+00
1.081600e+00 1.567546e+00
1.082000e+00 1.566637e+00
1.082400e+00 1.565760e+00
1.082800e+00 1.564655e+00
1.083200e+00 1.563254e+00
1.083600e+00 1.561645e+00
1.084000e+00 1.559982e+00
1.084400e+00 1.558434e+00
1.084800e+00 1.556909e+00
1.085200e+00 1.555339e+00
1.085600e+00 1.553886e+00
1.086000e+00 1.552367e+00
1.086400e+00 1.550893e+00
1.086800e+00 1.549297e+00
1.087200e+00 1.547776e+00
1.087600e+00 1.546185e+00
1.088000e+00 1.544674e+00
1.088400e+00 1.542907e+00
1.088800e+00 1.540837e+00
1.089200e+00 1.538709e+00
1.089600e+00 1.536943e+00
1.090000e+00 1.535558e+00
1.090400e+00 1.534431e+00
1.090800e+00 1.533031e+00
1.091200e+00 1.531424e+00
1.091600e+00 1.529661e+00
1.092000e+00 1.528350e+00
1.092400e+00 1.527283e+00
1.092800e+00 1.526078e+00
1.093200e+00 1.524507e+00
1.093600e+00 1.522650e+00
1.094000e+00 1.520830e+00
1.094400e+00 1.519275e+00
1.094800e+00 1.517789e+00
1.095200e+00 1.516053e+00
1.095600e+00 1.513846e+00
1.096000e+00 1.511487e+00
1.096400e+00 1.509196e+00
1.096800e+00 1.507177e+00
1.097200e+00 1.505293e+00
1.097600e+00 1.503467e+00
1.098000e+00 1.501518e+00
1.098400e+00 1.499841e+00
1.098800e+00 1.498553e+00
1.099200e+00 1.497490e+00
1.099600e+00 1.496413e+00
1.100000e+00 1.495156e+00
1.100400e+00 1.493743e+00
1.100800e+00 1.492281e+00
1.101200e+00 1.490679e+00
1.101600e+00 1.489054e+00
1.102000e+00 1.487023e+00
1.102400e+00 1.484739e+00
1.102800e+00 1.482514e+00
1.103200e+00 1.480229e+00
1.103600e+00 1.477919e+00
1.104000e+00 1.475551e+00
1.104400e+00 1.473266e+00
1.104800e+00 1.471298e+00
1.105200e+00 1.469613e+00
1.105600e+00 1.468128e+00
1.106000e+00 1.466349e+00
1.106400e+00 1.464239e+00
1.106800e+00 1.462278e+00
1.107200e+00 1.460626e+00
1.107600e+00 1.459022e+00
1.108000e+00 1.457700e+00
1.108400e+00 1.456232e+00
1.108800e+00 1.454378e+00
1.109200e+00 1.452238e+00
1.109600e+00 1.449964e+00
1.110000e+00 1.447619e+00
1.110400e+00 1.445083e+00
1.110800e+00 1.442819e+00
1.111200e+00 1.440707e+00
1.111600e+00 1.438407e+00
1.112000e+00 1.436062e+00
1.112400e+00 1.433879e+00
1.112800e+00 1.432042e+00
1.113200e+00 1.430787e+00
1.113600e+00 1.429802e+00
1.114000e+00 1.428735e+00
1.114400e+00 1.426965e+00
1.114800e+00 1.424705e+00
1.115200e+00 1.422292e+00
1.115600e+00 1.419848e+00
1.116000e+00 1.417461e+00
1.116400e+00 1.414983e+00
1.116800e+00 1.412641e+00
1.117200e+00 1.410296e+00
1.117600e+00 1.408218e+00
1.118000e+00 1.406523e+00
1.118400e+00 1.405014e+00
1.118800e+00 1.403480e+00
1.119200e+00 1.401846e+00
1.119600e+00 1.400387e+00
1.120000e+00 1.398989e+00
1.120400e+00 1.397290e+00
1.120800e+00 1.395755e+00
1.121200e+00 1.394074e+00
1.121600e+00 1.392336e+00
1.122000e+00 1.390853e+00
1.122400e+00 1.389317e+00
1.122800e+00 1.387669e+00
1.123200e+00 1.385655e+00
1.123600e+00 1.383498e+00
1.124000e+00 1.381377e+00
1.124400e+00 1.379174e+00
1.124800e+00 1.377125e+00
1.125200e+00 1.375188e+00
1.125600e+00 1.373073e+00
1.126000e+00 1.370883e+00
1.126400e+00 1.368431e+00
1.126800e+00 1.366133e+00
1.127200e+00 1.364145e+00
1.127600e+00 1.362526e+00
1.128000e+00 1.361189e+00
1.128400e+00 1.359931e+00
1.128800e+00 1.358568e+00
1.129200e+00 1.357015e+00
1.129600e+00 1.355252e+00
1.130000e+00 1.353667e+00
1.130400e+00 1.352005e+00
1.130800e+00 1.350254e+00
1.131200e+00 1.348177e+00
1.131600e+00 1.345808e+00
1.132000e+00 1.343245e+00
1.132400e+00 1.340743e+00
1.132800e+00 1.338539e+00
1.133200e+00 1.336820e+00
1.133600e+00 1.335479e+00
1.134000e+00 1.334386e+00
1.134400e+00 1.333330e+00
1.134800e+00 1.332469e+00
1.135200e+00 1.331541e+00
1.135600e+00 1.330564e+00
1.136000e+00 1.329145e+00
1.136400e+00 1.327700e+00
1.136800e+00 1.326129e+00
1.137200e+00 1.324407e+00
1.137600e+00 1.322352e+00
1.138000e+00 1.319828e+00
1.138400e+00 1.317156e+00
1.138800e+00 1.314648e+00
1.139200e+00 1.312483e+00
1.139600e+00 1.310945e+00
1.140000e+00 1.309666e+00
1.140400e+00 1.308326e+00
1.140800e+00 1.306712e+00
1.141200e+00 1.304885e+00
1.141600e+00 1.303013e+00
1.142000e+00 1.301077e+00
1.142400e+00 1.299269e+00
1.142800e+00 1.297696e+00
1.143200e+00 1.296470e+00
1.143600e+00 1.295199e+00
1.144000e+00 1.293983e+00
1.144400e+00 1.292764e+00
1.144800e+00 1.291639e+00
1.145200e+00 1.290524e+00
1.145600e+00 1.289228e+00
1.146000e+00 1.287211e+00
1.146400e+00 1.284566e+00
1.146800e+00 1.281366e+00
1.147200e+00 1.278332e+00
1.147600e+00 1.275832e+00
1.148000e+00 1.274045e+00
1.148400e+00 1.272726e+00
1.148800e+00 1.271502e+00
1.149200e+00 1.270055e+00
1.149600e+00 1.268750e+00
1.150000e+00 1.267469e+00
1.150400e+00 1.266349e+00
1.150800e+00 1.264886e+00
1.151200e+00 1.262648e+00
1.151600e+00 1.259976e+00
1.152000e+00 1.257390e+00
1.152400e+00 1.255229e+00
1.152800e+00 1.253239e+00
1.153200e+00 1.251214e+00
1.153600e+00 1.249468e+00
1.154000e+00 1.247581e+00
1.154400e+00 1.245754e+00
1.154800e+00 1.244198e+00
1.155200e+00 1.242583e+00
1.155600e+00 1.240695e+00
1.156000e+00 1.238802e+00
1.156400e+00 1.237163e+00
1.156800e+00 1.235885e+00
1.157200e+00 1.234506e+00
1.157600e+00 1.233024e+00
1.158000e+00 1.231344e+00
1.158400e+00 1.229648e+00
1.158800e+00 1.227895e+00
1.159200e+00 1.225933e+00
1.159600e+00 1.223498e+00
1.160000e+00 1.220973e+00
1.160400e+00 1.218376e+00
1.160800e+00 1.215852e+00
1.161200e+00 1.213712e+00
1.161600e+00 1.212304e+00
1.162000e+00 1.211060e+00
1.162400e+00 1.209775e+00
1.162800e+00 1.208211e+00
1.163200e+00 1.206547e+00
1.163600e+00 1.204621e+00
1.164000e+00 1.203054e+00
1.164400e+00 1.201804e+00
1.164800e+00 1.200457e+00
1.165200e+00 1.198184e+00
1.165600e+00 1.195315e+00
1.166000e+00 1.192297e+00
1.166400e+00 1.189890e+00
1.166800e+00 1.188010e+00
1.167200e+00 1.186582e+00
1.167600e+00 1.184865e+00
1.168000e+00 1.182812e+00
1.168400e+00 1.180676e+00
1.168800e+00 1.179123e+00
1.169200e+00 1.177977e+00
1.169600e+00 1.176799e+00
1.170000e+00 1.175177e+00
1.170400e+00 1.173275e+00
1.170800e+00 1.171358e+00
1.171200e+00 1.169292e+00
1.171600e+00 1.167046e+00
1.172000e+00 1.164964e+00
1.172400e+00 1.163001e+00
1.172800e+00 1.161161e+00
1.173200e+00 1.159452e+00
1.173600e+00 1.157649e+00
1.174000e+00 1.155788e+00
1.174400e+00 1.153639e+00
1.174800e+00 1.151591e+00
1.175200e+00 1.149933e+00
1.175600e+00 1.148153e+00
1.176000e+00 1.146352e+00
1.176400e+00 1.144349e+00
1.176800e+00 1.142191e+00
1.177200e+00 1.140250e+00
1.177600e+00 1.138346e+00
1.178000e+00 1.136653e+00
1.178400e+00 1.135149e+00
1.178800e+00 1.133522e+00
1.179200e+00 1.131565e+00
1.179600e+00 1.129136e+00
1.180000e+00 1.126664e+00
1.180400e+00 1.124863e+00
1.180800e+00 1.123472e+00
1.181200e+00 1.122062e+00
1.181600e+00 1.120188e+00
1.182000e+00 1.117663e+00
1.182400e+00 1.114907e+00
1.182800e+00 1.112545e+00
1.183200e+00 1.110825e+00
1.183600e+00 1.109414e+00
1.184000e+00 1.107674e+00
1.184400e+00 1.105394e+00
1.184800e+00 1.103130e+00
1.185200e+00 1.101394e+00
1.185600e+00 1.100128e+00
1.186000e+00 1.098947e+00
1.186400e+00 1.097312e+00
1.186800e+00 1.095036e+00
1.187200e+00 1.092650e+00
1.187600e+00 1.090430e+00
1.188000e+00 1.088608e+00
1.188400e+00 1.086858e+00
1.188800e+00 1.084861e+00
1.189200e+00 1.082761e+00
1.189600e+00 1.080740e+00
1.190000e+00 1.078965e+00
1.190400e+00 1.077110e+00
1.190800e+00 1.074895e+00
1.191200e+00 1.072254e+00
1.191600e+00 1.069572e+00
1.192000e+00 1.067103e+00
1.192400e+00 1.065313e+00
1.192800e+00 1.064055e+00
1.193200e+00 1.062565e+00
1.193600e+00 1.060651e+00
1.194000e+00 1.058591e+00
1.194400e+00 1.056758e+00
1.194800e+00 1.055297e+00
1.195200e+00 1.053924e+00
1.195600e+00 1.052304e+00
1.196000e+00 1.050200e+00
1.196400e+00 1.047814e+00
1.196800e+00 1.045663e+00
1.197200e+00 1.043490e+00
1.197600e+00 1.041446e+00
1.198000e+00 1.039412e+00
1.198400e+00 1.037466e+00
1.198800e+00 1.035492e+00
1.199200e+00 1.033633e+00
1.199600e+00 1.031592e+00
1.200000e+00 1.029198e+00
1.200400e+00 1.026533e+00
1.200800e+00 1.024305e+00
1.201200e+00 1.022488e+00
1.201600e+00 1.020975e+00
1.202000e+00 1.019423e+00
1.202400e+00 1.017671e+00
1.202800e+00 1.015815e+00
1.203200e+00 1.013968e+00
1.203600e+00 1.012100e+00
1.204000e+00 1.010230e+00
1.204400e+00 1.008214e+00
1.204800e+00 1.006009e+00
1.205200e+00 1.003839e+00
1.205600e+00 1.001809e+00
1.206000e+00 1.000017e+00
1.206400e+00 9.983240e-01
1.206800e+00 9.967466e-01
1.207200e+00 9.954584e-01
1.207600e+00 9.944828e-01
1.208000e+00 9.935841e-01
1.208400e+00 9.924949e-01
1.208800e+00 9.908172e-01
1.209200e+00 9.888076e-01
1.209600e+00 9.867771e-01
1.210000e+00 9.848150e-01
1.210400e+00 9.828720e-01
1.210800e+00 9.807961e-01
1.211200e+00 9.785284e-01
1.211600e+00 9.762414e-01
1.212000e+00 9.740308e-01
1.212400e+00 9.722297e-01
1.212800e+00 9.704921e-01
1.213200e+00 9.688699e-01
1.213600e+00 9.672212e-01
1.214000e+00 9.653794e-01
1.214400e+00 9.634619e-01
1.214800e+00 9.616862e-01
1.215200e+00 9.601404e-01
1.215600e+00 9.587619e-01
1.216000e+00 9.571678e-01
1.216400e+00 9.554217e-01
1.216800e+00 9.534629e-01
1.217200e+00 9.514514e-01
1.217600e+00 9.494234e-01
1.218000e+00 9.472844e-01
1.218400e+00 9.449335e-01
1.218800e+00 9.425016e-01
1.219200e+00 9.401377e-01
1.219600e+00 9.379038e-01
1.220000e+00 9.359016e-01
1.220400e+00 9.340581e-01
1.220800e+00 9.323717e-01
1.221200e+00 9.309842e-01
1.221600e+00 9.298355e-01
1.222000e+00 9.288591e-01
1.222400e+00 9.276930e-01
1.222800e+00 9.260341e-01
1.223200e+00 9.241222e-01
1.223600e+00 9.220410e-01
1.224000e+00 9.199079e-01
1.224400e+00 9.178377e-01
1.224800e+00 9.156702e-01
1.225200e+00 9.134337e-01
1.225600e+00 9.111430e-01
1.226000e+00 9.090072e-01
1.226400e+00 9.074009e-01
1.226800e+00 9.060627e-01
1.227200e+00 9.046839e-01
1.227600e+00 9.029548e-01
1.228000e+00 9.006142e-01
1.228400e+00 8.981213e-01
1.228800e+00 8.958253e-01
1.229200e+00 8.938149e-01
1.229600e+00 8.920086e-01
1.230000e+00 8.901516e-01
1.230400e+00 8.882657e-01
1.230800e+00 8.861805e-01
1.231200e+00 8.840774e-01
1.231600e+00 8.820697e-01
1.232000e+00 8.801724e-01
1.232400e+00 8.782687e-01
1.232800e+00 8.764692e-01
1.233200e+00 8.745812e-01
1.233600e+00 8.725922e-01
1.234000e+00 8.704038e-01
1.234400e+00 8.683298e-01
1.234800e+00 8.665061e-01
1.235200e+00 8.651283e-01
1.235600e+00 8.639714e-01
1.236000e+00 8.628258e-01
1.236400e+00 8.613896e-01
1.236800e+00 8.595793e-01
1.237200e+00 8.576687e-01
1.237600e+00 8.557310e-01
1.238000e+00 8.537802e-01
1.238400e+00 8.516264e-01
1.238800e+00 8.492942e-01
1.239200e+00 8.467765e-01
1.239600e+00 8.443204e-01
1.240000e+00 8.418059e-01
1.240400e+00 8.394622e-01
1.240800e+00 8.372392e-01
1.241200e+00 8.351487e-01
1.241600e+00 8.331707e-01
1.242000e+00 8.311473e-01
1.242400e+00 8.290921e-01
1.242800e+00 8.270260e-01
1.243200e+00 8.246986e-01
1.243600e+00 8.224208e-01
1.244000e+00 8.201337e-01
1.244400e+00 8.178760e-01
1.244800e+00 8.157750e-01
1.245200e+00 8.137956e-01
1.245600e+00 8.119738e-01
1.246000e+00 8.100335e-01
1.246400e+00 8.078551e-01
1.246800e+00 8.056635e-01
1.247200e+00 8.035100e-01
1.247600e+00 8.015254e-01
1.248000e+00 7.998085e-01
1.248400e+00 7.981116e-01
1.248800e+00 7.962035e-01
1.249200e+00 7.939669e-01
1.249600e+00 7.916220e-01
1.250000e+00 7.895103e-01
1.250400e+00 7.876556e-01
1.250800e+00 7.856856e-01
1.251200e+00 7.837286e-01
1.251600e+00 7.811806e-01
1.252000e+00 7.784798e-01
1.252400e+00 7.758997e-01
1.252800e+00 7.737112e-01
1.253200e+00 7.717839e-01
1.253600e+00 7.699086e-01
1.254000e+00 7.680298e-01
1.254400e+00 7.661279e-01
1.254800e+00 7.638453e-01
1.255200e+00 7.616275e-01
1.255600e+00 7.591869e-01
1.256000e+00 7.566838e-01
1.256400e+00 7.542899e-01
1.256800e+00 7.518512e-01
1.257200e+00 7.493595e-01
1.257600e+00 7.468756e-01
1.258000e+00 7.443278e-01
1.258400e+00 7.416836e-01
1.258800e+00 7.389665e-01
1.259200e+00 7.364691e-01
1.259600e+00 7.342765e-01
1.260000e+00 7.322045e-01
1.260400e+00 7.301322e-01
1.260800e+00 7.278135e-01
1.261200e+00 7.250828e-01
1.261600e+00 7.224077e-01
1.262000e+00 7.201213e-01
1.262400e+00 7.179648e-01
1.262800e+00 7.156809e-01
1.263200e+00 7.131375e-01
1.263600e+00 7.103374e-01
1.264000e+00 7.076480e-01
1.264400e+00 7.052114e-01
1.264800e+00 7.030295e-01
1.265200e+00 7.007959e-01
1.265600e+00 6.985445e-01
1.266000e+00 6.961591e-01
1.266400e+00 6.936154e-01
1.266800e+00 6.910125e-01
1.267200e+00 6.883769e-01
1.267600e+00 6.858986e-01
1.268000e+00 6.835267e-01
1.268400e+00 6.811948e-01
1.268800e+00 6.787865e-01
1.269200e+00 6.761734e-01
1.269600e+00 6.738449e-01
1.270000e+00 6.719581e-01
1.270400e+00 6.703105e-01
1.270800e+00 6.687123e-01
1.271200e+00 6.666911e-01
1.271600e+00 6.643414e-01
1.272000e+00 6.618241e-01
1.272400e+00 6.596066e-01
1.272800e+00 6.575151e-01
1.273200e+00 6.552097e-01
1.273600e+00 6.526460e-01
1.274000e+00 6.501207e-01
1.274400e+00 6.480384e-01
1.274800e+00 6.464306e-01
1.275200e+00 6.449547e-01
1.275600e+00 6.433621e-01
1.276000e+00 6.414091e-01
1.276400e+00 6.393615e-01
1.276800e+00 6.374403e-01
1.277200e+00 6.357620e-01
1.277600e+00 6.340713e-01
1.278000e+00 6.320167e-01
1.278400e+00 6.297140e-01
1.278800e+00 6.275431e-01
1.279200e+00 6.258656e-01
1.279600e+00 6.247221e-01
1.280000e+00 6.234908e-01
1.280400e+00 6.219968e-01
1.280800e+00 6.201156e-01
1.281200e+00 6.181760e-01
1.281600e+00 6.164742e-01
1.282000e+00 6.150350e-01
1.282400e+00 6.135594e-01
1.282800e+00 6.117452e-01
1.283200e+00 6.096085e-01
1.283600e+00 6.074288e-01
1.284000e+00 6.053709e-01
1.284400e+00 6.034001e-01
1.284800e+00 6.017654e-01
1.285200e+00 6.006027e-01
1.285600e+00 5.996468e-01
1.286000e+00 5.987371e-01
1.286400e+00 5.974180e-01
1.286800e+00 5.955809e-01
1.287200e+00 5.940147e-01
1.287600e+00 5.927738e-01
1.288000e+00 5.917122e-01
1.288400e+00 5.900787e-01
1.288800e+00 5.876521e-01
1.289200e+00 5.848071e-01
1.289600e+00 5.821267e-01
1.290000e+00 5.801726e-01
1.290400e+00 5.787729e-01
1.290800e+00 5.770895e-01
1.291200e+00 5.750186e-01
1.291600e+00 5.732040e-01
1.292000e+00 5.719485e-01
1.292400e+00 5.709984e-01
1.292800e+00 5.700206e-01
1.293200e+00 5.686365e-01
1.293600e+00 5.668679e-01
1.294000e+00 5.649409e-01
1.294400e+00 5.634854e-01
1.294800e+00 5.623891e-01
1.295200e+00 5.608483e-01
1.295600e+00 5.588339e-01
1.296000e+00 5.568192e-01
1.296400e+00 5.551009e-01
1.296800e+00 5.537560e-01
1.297200e+00 5.524498e-01
1.297600e+00 5.511015e-01
1.298000e+00 5.494305e-01
1.298400e+00 5.479883e-01
1.298800e+00 5.468140e-01
1.299200e+00 5.457052e-01
1.299600e+00 5.441412e-01
1.300000e+00 5.422755e-01
1.300400e+00 5.405165e-01
1.300800e+00 5.391547e-01
1.301200e+00 5.382251e-01
1.301600e+00 5.373358e-01
1.302000e+00 5.360545e-01
1.302400e+00 5.346965e-01
1.302800e+00 5.332748e-01
1.303200e+00 5.321295e-01
1.303600e+00 5.310085e-01
1.304000e+00 5.297797e-01
1.304400e+00 5.284887e-01
1.304800e+00 5.271557e-01
1.305200e+00 5.257710e-01
1.305600e+00 5.243954e-01
1.306000e+00 5.231263e-01
1.306400e+00 5.221409e-01
1.306800e+00 5.212008e-01
1.307200e+00 5.204954e-01
1.307600e+00 5.197533e-01
1.308000e+00 5.189625e-01
1.308400e+00 5.179940e-01
1.308800e+00 5.171422e-01
1.309200e+00 5.162087e-01
1.309600e+00 5.151214e-01
1.310000e+00 5.139026e-01
1.310400e+00 5.127179e-01
1.310800e+00 5.115978e-01
1.311200e+00 5.105012e-01
1.311600e+00 5.093461e-01
1.312000e+00 5.082726e-01
1.312400e+00 5.071684e-01
1.312800e+00 5.062222e-01
1.313200e+00 5.056418e-01
1.313600e+00 5.050391e-01
1.314000e+00 5.044709e-01
1.314400e+00 5.038131e-01
1.314800e+00 5.030656e-01
1.315200e+00 5.023393e-01
1.315600e+00 5.014707e-01
1.316000e+00 5.006564e-01
1.316400e+00 4.998878e-01
1.316800e+00 4.992194e-01
1.317200e+00 4.988085e-01
1.317600e+00 4.984833e-01
1.318000e+00 4.981994e-01
1.318400e+00 4.980449e-01
1.318800e+00 4.979263e-01
1.319200e+00 4.978944e-01
1.319600e+00 4.977047e-01
1.320000e+00 4.974326e-01
1.320400e+00 4.968573e-01
1.320800e+00 4.962468e-01
1.321200e+00 4.955839e-01
1.321600e+00 4.949121e-01
1.322000e+00 4.941729e-01
1.322400e+00 4.934478e-01
1.322800e+00 4.926701e-01
1.323200e+00 4.919774e-01
1.323600e+00 4.915727e-01
1.324000e+00 4.912763e-01
1.324400e+00 4.914575e-01
1.324800e+00 4.917497e-01
1.325200e+00 4.920223e-01
1.325600e+00 4.921560e-01
1.326000e+00 4.918747e-01
1.326400e+00 4.916404e-01
1.326800e+00 4.918138e-01
1.327200e+00 4.924823e-01
1.327600e+00 4.929329e-01
1.328000e+00 4.924860e-01
1.328400e+00 4.918545e-01
1.328800e+00 4.909785e-01
1.329200e+00 4.902496e-01
1.329600e+00 4.899473e-01
1.330000e+00 4.897143e-01
1.330400e+00 4.891869e-01
1.330800e+00 4.882340e-01
1.331200e+00 4.876432e-01
1.331600e+00 4.874903e-01
1.332000e+00 4.871684e-01
1.332400e+00 4.869230e-01
1.332800e+00 4.866179e-01
1.333200e+00 4.865257e-01
1.333600e+00 4.867479e-01
1.334000e+00 4.872179e-01
1.334400e+00 4.873454e-01
1.334800e+00 4.872360e-01
1.335200e+00 4.868639e-01
1.335600e+00 4.865462e-01
1.336000e+00 4.863151e-01
1.336400e+00 4.860846e-01
1.336800e+00 4.855252e-01
1.337200e+00 4.848186e-01
1.337600e+00 4.840590e-01
1.338000e+00 4.834319e-01
1.338400e+00 4.828016e-01
1.338800e+00 4.825121e-01
1.339200e+00 4.825177e-01
1.339600e+00 4.826493e-01
1.340000e+00 4.829868e-01
1.340400e+00 4.833009e-01
1.340800e+00 4.833507e-01
