1.410000e-01 3.959045e-04
1.420000e-01 -1.373185e-03
1.430000e-01 5.690505e-04
1.440000e-01 6.221505e-04
1.450000e-01 -8.358042e-04
1.460000e-01 -1.010849e-04
1.470000e-01 -6.508431e-04
1.480000e-01 -6.829819e-04
1.490000e-01 -8.713308e-04
1.500000e-01 9.873300e-04
1.510000e-01 -5.574040e-04
1.520000e-01 -4.657533e-04
1.530000e-01 -2.918504e-04
1.540000e-01 2.111091e-03
1.550000e-01 -1.401732e-03
1.560000e-01 -1.476355e-03
1.570000e-01 1.896314e-03
1.580000e-01 -6.597570e-04
1.590000e-01 -8.516945e-04
1.600000e-01 4.997501e-04
1.610000e-01 1.077301e-03
1.620000e-01 2.564230e-05
1.630000e-01 -1.251577e-03
1.640000e-01 -2.283656e-03
1.650000e-01 -4.447790e-05
1.660000e-01 1.259314e-03
1.670000e-01 -1.545585e-04
1.680000e-01 -5.078232e-04
1.690000e-01 5.796785e-04
1.700000e-01 -8.785910e-04
1.710000e-01 -4.557672e-04
1.720000e-01 7.034250e-04
1.730000e-01 1.662174e-03
1.740000e-01 3.999250e-03
1.750000e-01 -1.196350e-05
1.760000e-01 -1.576019e-04
1.770000e-01 -2.751958e-03
1.780000e-01 -7.359260e-04
1.790000e-01 3.174571e-03
1.800000e-01 -2.016362e-04
1.810000e-01 -9.704340e-04
1.820000e-01 -2.515146e-03
1.830000e-01 -1.333944e-03
1.840000e-01 2.594540e-03
1.850000e-01 5.918465e-04
1.860000e-01 -9.136840e-04
1.870000e-01 -5.660253e-04
1.880000e-01 3.114965e-04
1.890000e-01 1.220325e-05
1.900000e-01 -8.019165e-04
1.910000e-01 8.379400e-04
1.920000e-01 1.643548e-03
1.930000e-01 1.567358e-03
1.940000e-01 6.503750e-04
1.950000e-01 1.224973e-03
1.960000e-01 -2.372452e-03
1.970000e-01 -3.885768e-03
1.980000e-01 6.132350e-04
1.990000e-01 2.051370e-03
2.000000e-01 -1.319946e-03
2.010000e-01 7.215524e-04
2.020000e-01 1.503750e-03
2.030000e-01 1.268873e-03
2.040000e-01 -1.782375e-03
2.050000e-01 -8.869265e-04
2.060000e-01 1.632513e-04
2.070000e-01 1.840333e-03
2.080000e-01 4.347729e-04
2.090000e-01 -1.715994e-03
2.100000e-01 8.516855e-04
2.110000e-01 -5.578410e-04
2.120000e-01 1.823726e-03
2.130000e-01 -1.244277e-04
2.140000e-01 9.245600e-05
2.150000e-01 -5.447633e-04
2.160000e-01 -7.430160e-04
2.170000e-01 1.220993e-03
2.180000e-01 1.310397e-03
2.190000e-01 1.915650e-03
2.200000e-01 5.423015e-04
2.210000e-01 8.269200e-05
2.220000e-01 3.178001e-03
2.230000e-01 -9.931180e-04
2.240000e-01 -3.569503e-03
2.250000e-01 2.106239e-03
2.260000e-01 -3.627777e-04
2.270000e-01 -2.062847e-03
2.280000e-01 1.102771e-03
2.290000e-01 -8.122135e-04
2.300000e-01 -2.852294e-04
2.310000e-01 9.096250e-05
2.320000e-01 -2.707150e-04
2.330000e-01 1.647271e-03
2.340000e-01 3.925045e-04
2.350000e-01 -1.827055e-03
2.360000e-01 4.395985e-04
2.370000e-01 -9.715855e-04
2.380000e-01 2.094257e-03
2.390000e-01 -8.347305e-04
2.400000e-01 -1.684342e-03
2.410000e-01 4.390845e-04
2.420000e-01 1.341193e-03
2.430000e-01 8.569100e-04
2.440000e-01 1.091615e-03
2.450000e-01 -6.958310e-04
2.460000e-01 -1.498346e-03
2.470000e-01 -1.423259e-03
2.480000e-01 6.779500e-05
2.490000e-01 2.862880e-05
2.500000e-01 1.917420e-03
2.510000e-01 -1.162202e-03
2.520000e-01 -9.000665e-05
2.530000e-01 1.606764e-03
2.540000e-01 -6.170907e-04
2.550000e-01 -2.708795e-04
2.560000e-01 1.968072e-03
2.570000e-01 1.497886e-03
2.580000e-01 1.052100e-03
2.590000e-01 2.148036e-03
2.600000e-01 8.949456e-04
2.610000e-01 1.090307e-03
2.620000e-01 -1.231562e-03
2.630000e-01 -5.230557e-03
2.640000e-01 5.470745e-04
2.650000e-01 -7.498325e-04
2.660000e-01 -5.621610e-04
2.670000e-01 4.408350e-05
2.680000e-01 -2.206840e-03
2.690000e-01 -5.195798e-04
2.700000e-01 2.375049e-03
2.710000e-01 1.924778e-03
2.720000e-01 -1.439020e-03
2.730000e-01 -2.501765e-03
2.740000e-01 2.046438e-03
2.750000e-01 3.783105e-04
2.760000e-01 -1.272338e-03
2.770000e-01 4.166350e-05
2.780000e-01 9.438648e-04
2.790000e-01 6.974720e-04
2.800000e-01 -1.769384e-03
2.810000e-01 -2.382176e-03
2.820000e-01 -1.198847e-03
2.830000e-01 1.116816e-04
2.840000e-01 -1.076825e-03
2.850000e-01 5.986318e-04
2.860000e-01 3.137481e-03
2.870000e-01 1.198152e-03
2.880000e-01 -1.701622e-03
2.890000e-01 1.194828e-03
2.900000e-01 -3.494225e-04
2.910000e-01 -2.764988e-03
2.920000e-01 2.313825e-04
2.930000e-01 1.904418e-03
2.940000e-01 -2.308526e-04
2.950000e-01 -1.522566e-03
2.960000e-01 -4.776920e-04
2.970000e-01 3.137386e-03
2.980000e-01 -1.229768e-03
2.990000e-01 -1.359487e-03
3.000000e-01 4.249405e-04
3.010000e-01 2.489290e-05
3.020000e-01 3.727122e-04
3.030000e-01 1.114753e-03
3.040000e-01 -5.117300e-05
3.050000e-01 2.550510e-04
3.060000e-01 3.804440e-04
3.070000e-01 -3.184175e-03
3.080000e-01 1.992670e-04
3.090000e-01 8.298990e-04
3.100000e-01 -1.851054e-03
3.110000e-01 1.468953e-03
3.120000e-01 9.459800e-04
3.130000e-01 -8.218257e-04
3.140000e-01 1.355465e-03
3.150000e-01 6.930426e-04
3.160000e-01 1.495291e-03
3.170000e-01 1.166504e-03
3.180000e-01 1.208349e-03
3.190000e-01 1.618095e-03
3.200000e-01 -1.261029e-03
3.210000e-01 -1.311385e-04
3.220000e-01 5.634385e-03
3.230000e-01 3.545751e-03
3.240000e-01 3.267853e-03
3.250000e-01 2.816077e-03
3.260000e-01 5.534927e-03
3.270000e-01 3.384727e-03
3.280000e-01 4.427913e-03
3.290000e-01 6.606690e-04
3.300000e-01 4.948057e-03
3.310000e-01 6.678584e-03
3.320000e-01 4.674439e-03
3.330000e-01 5.720631e-03
3.340000e-01 7.442784e-03
3.350000e-01 7.156425e-03
3.360000e-01 9.280655e-03
3.370000e-01 1.120750e-02
3.380000e-01 1.070107e-02
3.390000e-01 9.580693e-03
3.400000e-01 1.310969e-02
3.410000e-01 1.357471e-02
3.420000e-01 1.592847e-02
3.430000e-01 1.669900e-02
3.440000e-01 1.397205e-02
3.450000e-01 1.448625e-02
3.460000e-01 1.744468e-02
3.470000e-01 1.760214e-02
3.480000e-01 1.705904e-02
3.490000e-01 1.779974e-02
3.500000e-01 1.876065e-02
3.510000e-01 1.925458e-02
3.520000e-01 1.877875e-02
3.530000e-01 1.917501e-02
3.540000e-01 2.073693e-02
3.550000e-01 2.160941e-02
3.560000e-01 2.178615e-02
3.570000e-01 2.045337e-02
3.580000e-01 2.307156e-02
3.590000e-01 2.250843e-02
3.600000e-01 2.299633e-02
3.610000e-01 2.400047e-02
3.620000e-01 2.635814e-02
3.630000e-01 2.770175e-02
3.640000e-01 2.855673e-02
3.650000e-01 2.740249e-02
3.660000e-01 3.194285e-02
3.670000e-01 3.649372e-02
3.680000e-01 4.346888e-02
3.690000e-01 4.717938e-02
3.700000e-01 4.732888e-02
3.710000e-01 5.300799e-02
3.720000e-01 5.943401e-02
3.730000e-01 6.285870e-02
3.740000e-01 6.890311e-02
3.750000e-01 7.540505e-02
3.760000e-01 8.002800e-02
3.770000e-01 8.436218e-02
3.780000e-01 9.376917e-02
3.790000e-01 1.050977e-01
3.800000e-01 1.119869e-01
3.810000e-01 1.160407e-01
3.820000e-01 1.223205e-01
3.830000e-01 1.318956e-01
3.840000e-01 1.487502e-01
3.850000e-01 1.606076e-01
3.860000e-01 1.728250e-01
3.870000e-01 1.904859e-01
3.880000e-01 2.032055e-01
3.890000e-01 2.152624e-01
3.900000e-01 2.299987e-01
3.910000e-01 2.446825e-01
3.920000e-01 2.670919e-01
3.930000e-01 2.840311e-01
3.940000e-01 2.948596e-01
3.950000e-01 3.061778e-01
3.960000e-01 3.205938e-01
3.970000e-01 3.392933e-01
3.980000e-01 3.468801e-01
3.990000e-01 3.590703e-01
4.000000e-01 3.739322e-01
4.010000e-01 3.850074e-01
4.020000e-01 3.973252e-01
4.030000e-01 4.080452e-01
4.040000e-01 4.182114e-01
4.050000e-01 4.291942e-01
4.060000e-01 4.407955e-01
4.070000e-01 4.541175e-01
4.080000e-01 4.622880e-01
4.090000e-01 4.717453e-01
4.100000e-01 4.837179e-01
4.110000e-01 4.918753e-01
4.120000e-01 5.013346e-01
4.130000e-01 5.097421e-01
4.140000e-01 5.169348e-01
4.150000e-01 5.252697e-01
4.160000e-01 5.293791e-01
4.170000e-01 5.349671e-01
4.180000e-01 5.442470e-01
4.190000e-01 5.557054e-01
4.200000e-01 5.654272e-01
4.210000e-01 5.785581e-01
4.220000e-01 5.913351e-01
4.230000e-01 5.981556e-01
4.240000e-01 6.085986e-01
4.250000e-01 6.176288e-01
4.260000e-01 6.230677e-01
4.270000e-01 6.326235e-01
4.280000e-01 6.431489e-01
4.290000e-01 6.505276e-01
4.300000e-01 6.580411e-01
4.310000e-01 6.642650e-01
4.320000e-01 6.725682e-01
4.330000e-01 6.802658e-01
4.340000e-01 6.874580e-01
4.350000e-01 6.934510e-01
4.360000e-01 7.004807e-01
4.370000e-01 7.063073e-01
4.380000e-01 7.136305e-01
4.390000e-01 7.208837e-01
4.400000e-01 7.278175e-01
4.410000e-01 7.342926e-01
4.420000e-01 7.404511e-01
4.430000e-01 7.442096e-01
4.440000e-01 7.517769e-01
4.450000e-01 7.588087e-01
4.460000e-01 7.635299e-01
4.470000e-01 7.672704e-01
4.480000e-01 7.737401e-01
4.490000e-01 7.823060e-01
4.500000e-01 7.881648e-01
4.510000e-01 7.918963e-01
4.520000e-01 7.992204e-01
4.530000e-01 8.033246e-01
4.540000e-01 8.094258e-01
4.550000e-01 8.141399e-01
4.560000e-01 8.206859e-01
4.570000e-01 8.274555e-01
4.580000e-01 8.327369e-01
4.590000e-01 8.392290e-01
4.600000e-01 8.419848e-01
4.610000e-01 8.465878e-01
4.620000e-01 8.518222e-01
4.630000e-01 8.563394e-01
4.640000e-01 8.623134e-01
4.650000e-01 8.682434e-01
4.660000e-01 8.711744e-01
4.670000e-01 8.774085e-01
4.680000e-01 8.828814e-01
4.690000e-01 8.891446e-01
4.700000e-01 8.940668e-01
4.710000e-01 8.979992e-01
4.720000e-01 9.035470e-01
4.730000e-01 9.070985e-01
4.740000e-01 9.125136e-01
4.750000e-01 9.172736e-01
4.760000e-01 9.231544e-01
4.770000e-01 9.296452e-01
4.780000e-01 9.339080e-01
4.790000e-01 9.403492e-01
4.800000e-01 9.450124e-01
4.810000e-01 9.489343e-01
4.820000e-01 9.573267e-01
4.830000e-01 9.646553e-01
4.840000e-01 9.697220e-01
4.850000e-01 9.745898e-01
4.860000e-01 9.797891e-01
4.870000e-01 9.854369e-01
4.880000e-01 9.918201e-01
4.890000e-01 9.969239e-01
4.900000e-01 1.003535e+00
4.910000e-01 1.007752e+00
4.920000e-01 1.013483e+00
4.930000e-01 1.018327e+00
4.940000e-01 1.024207e+00
4.950000e-01 1.032600e+00
4.960000e-01 1.037672e+00
4.970000e-01 1.043681e+00
4.980000e-01 1.045697e+00
4.990000e-01 1.050752e+00
5.000000e-01 1.057482e+00
5.010000e-01 1.064281e+00
5.020000e-01 1.070758e+00
5.030000e-01 1.075572e+00
5.040000e-01 1.079756e+00
5.050000e-01 1.084247e+00
5.060000e-01 1.090774e+00
5.070000e-01 1.095602e+00
5.080000e-01 1.102823e+00
5.090000e-01 1.106229e+00
5.100000e-01 1.112245e+00
5.110000e-01 1.116047e+00
5.120000e-01 1.116593e+00
5.130000e-01 1.123245e+00
5.140000e-01 1.127803e+00
5.150000e-01 1.132274e+00
5.160000e-01 1.138466e+00
5.170000e-01 1.146339e+00
5.180000e-01 1.148123e+00
5.190000e-01 1.149478e+00
5.200000e-01 1.153269e+00
5.210000e-01 1.158801e+00
5.220000e-01 1.162068e+00
5.230000e-01 1.165558e+00
5.240000e-01 1.167887e+00
5.250000e-01 1.171454e+00
5.260000e-01 1.177334e+00
5.270000e-01 1.182985e+00
5.280000e-01 1.182738e+00
5.290000e-01 1.187546e+00
5.300000e-01 1.192919e+00
5.310000e-01 1.193102e+00
5.320000e-01 1.196177e+00
5.330000e-01 1.198464e+00
5.340000e-01 1.204474e+00
5.350000e-01 1.204021e+00
5.360000e-01 1.207863e+00
5.370000e-01 1.211945e+00
5.380000e-01 1.211864e+00
5.390000e-01 1.212414e+00
5.400000e-01 1.218847e+00
5.410000e-01 1.219284e+00
5.420000e-01 1.217139e+00
5.430000e-01 1.222013e+00
5.440000e-01 1.222823e+00
5.450000e-01 1.222235e+00
5.460000e-01 1.225311e+00
5.470000e-01 1.226462e+00
5.480000e-01 1.229229e+00
5.490000e-01 1.227774e+00
5.500000e-01 1.229227e+00
5.510000e-01 1.227818e+00
5.520000e-01 1.228146e+00
5.530000e-01 1.228989e+00
5.540000e-01 1.229498e+00
5.550000e-01 1.227894e+00
5.560000e-01 1.229319e+00
5.570000e-01 1.229597e+00
5.580000e-01 1.230020e+00
5.590000e-01 1.229591e+00
5.600000e-01 1.226368e+00
5.610000e-01 1.227429e+00
5.620000e-01 1.227423e+00
5.630000e-01 1.226365e+00
5.640000e-01 1.225702e+00
5.650000e-01 1.223909e+00
5.660000e-01 1.220697e+00
5.670000e-01 1.222665e+00
5.680000e-01 1.218698e+00
5.690000e-01 1.215091e+00
5.700000e-01 1.215184e+00
5.710000e-01 1.210901e+00
5.720000e-01 1.212247e+00
5.730000e-01 1.208283e+00
5.740000e-01 1.207945e+00
5.750000e-01 1.208497e+00
5.760000e-01 1.203399e+00
5.770000e-01 1.202652e+00
5.780000e-01 1.198528e+00
5.790000e-01 1.193503e+00
5.800000e-01 1.193427e+00
5.810000e-01 1.191821e+00
5.820000e-01 1.189788e+00
5.830000e-01 1.189777e+00
5.840000e-01 1.185901e+00
5.850000e-01 1.183736e+00
5.860000e-01 1.178892e+00
5.870000e-01 1.177070e+00
5.880000e-01 1.177352e+00
5.890000e-01 1.173908e+00
5.900000e-01 1.170220e+00
5.910000e-01 1.168972e+00
5.920000e-01 1.165414e+00
5.930000e-01 1.162487e+00
5.940000e-01 1.158706e+00
5.950000e-01 1.156890e+00
5.960000e-01 1.152871e+00
5.970000e-01 1.150145e+00
5.980000e-01 1.146501e+00
5.990000e-01 1.143367e+00
6.000000e-01 1.138681e+00
6.010000e-01 1.137338e+00
6.020000e-01 1.133899e+00
6.030000e-01 1.126934e+00
6.040000e-01 1.124207e+00
6.050000e-01 1.121739e+00
6.060000e-01 1.117835e+00
6.070000e-01 1.113582e+00
6.080000e-01 1.110803e+00
6.090000e-01 1.107265e+00
6.100000e-01 1.100140e+00
6.110000e-01 1.094481e+00
6.120000e-01 1.091117e+00
6.130000e-01 1.087273e+00
6.140000e-01 1.081257e+00
6.150000e-01 1.078209e+00
6.160000e-01 1.071861e+00
6.170000e-01 1.068320e+00
6.180000e-01 1.060427e+00
6.190000e-01 1.056495e+00
6.200000e-01 1.050474e+00
6.210000e-01 1.044445e+00
6.220000e-01 1.039144e+00
6.230000e-01 1.034610e+00
6.240000e-01 1.029061e+00
6.250000e-01 1.024933e+00
6.260000e-01 1.021967e+00
6.270000e-01 1.018207e+00
6.280000e-01 1.013887e+00
6.290000e-01 1.008468e+00
6.300000e-01 1.006816e+00
6.310000e-01 9.967523e-01
6.320000e-01 9.922022e-01
6.330000e-01 9.876668e-01
6.340000e-01 9.816794e-01
6.350000e-01 9.751700e-01
6.360000e-01 9.644279e-01
6.370000e-01 9.597518e-01
6.380000e-01 9.588339e-01
6.390000e-01 9.472426e-01
6.400000e-01 9.349024e-01
6.410000e-01 9.343445e-01
6.420000e-01 9.317226e-01
6.430000e-01 9.271399e-01
6.440000e-01 9.165435e-01
6.450000e-01 9.114353e-01
6.460000e-01 9.111698e-01
6.470000e-01 9.029778e-01
6.480000e-01 9.037507e-01
6.490000e-01 9.038076e-01
6.500000e-01 8.905798e-01
6.510000e-01 8.920797e-01
6.520000e-01 8.854422e-01
6.530000e-01 8.764926e-01
6.540000e-01 8.820688e-01
6.550000e-01 8.707880e-01
6.560000e-01 8.572149e-01
6.570000e-01 8.529846e-01
6.580000e-01 8.446541e-01
6.590000e-01 8.367448e-01
6.600000e-01 8.341997e-01
6.610000e-01 8.282303e-01
6.620000e-01 8.247432e-01
6.630000e-01 8.206386e-01
6.640000e-01 8.175548e-01
6.650000e-01 8.062028e-01
6.660000e-01 7.953431e-01
6.670000e-01 7.983815e-01
6.680000e-01 7.906921e-01
6.690000e-01 7.870393e-01
6.700000e-01 7.796457e-01
6.710000e-01 7.713721e-01
6.720000e-01 7.665698e-01
6.730000e-01 7.569748e-01
6.740000e-01 7.507617e-01
6.750000e-01 7.485357e-01
6.760000e-01 7.438735e-01
6.770000e-01 7.344361e-01
6.780000e-01 7.280860e-01
6.790000e-01 7.219727e-01
6.800000e-01 7.173896e-01
6.810000e-01 7.076818e-01
6.820000e-01 7.045558e-01
6.830000e-01 7.004450e-01
6.840000e-01 6.943140e-01
6.850000e-01 6.910670e-01
6.860000e-01 6.785086e-01
6.870000e-01 6.749336e-01
6.880000e-01 6.718690e-01
6.890000e-01 6.661986e-01
6.900000e-01 6.607304e-01
6.910000e-01 6.561942e-01
6.920000e-01 6.499604e-01
6.930000e-01 6.491922e-01
6.940000e-01 6.437842e-01
6.950000e-01 6.352830e-01
6.960000e-01 6.313955e-01
6.970000e-01 6.263141e-01
6.980000e-01 6.220415e-01
6.990000e-01 6.176703e-01
7.000000e-01 6.124364e-01
7.010000e-01 6.066524e-01
7.020000e-01 6.021039e-01
7.030000e-01 5.918602e-01
7.040000e-01 5.890674e-01
7.050000e-01 5.827907e-01
7.060000e-01 5.793680e-01
7.070000e-01 5.729012e-01
7.080000e-01 5.672603e-01
7.090000e-01 5.609150e-01
7.100000e-01 5.573131e-01
7.110000e-01 5.482860e-01
7.120000e-01 5.426502e-01
7.130000e-01 5.406348e-01
7.140000e-01 5.345145e-01
7.150000e-01 5.289534e-01
7.160000e-01 5.251597e-01
7.170000e-01 5.176595e-01
7.180000e-01 5.138379e-01
7.190000e-01 5.080751e-01
7.200000e-01 5.042337e-01
7.210000e-01 4.987733e-01
7.220000e-01 4.954868e-01
7.230000e-01 4.915994e-01
7.240000e-01 4.858084e-01
7.250000e-01 4.800626e-01
7.260000e-01 4.752867e-01
7.270000e-01 4.695784e-01
7.280000e-01 4.648740e-01
7.290000e-01 4.597920e-01
7.300000e-01 4.549138e-01
7.310000e-01 4.506867e-01
7.320000e-01 4.448916e-01
7.330000e-01 4.418765e-01
7.340000e-01 4.379354e-01
7.350000e-01 4.315749e-01
7.360000e-01 4.275082e-01
7.370000e-01 4.248447e-01
7.380000e-01 4.201808e-01
7.390000e-01 4.160463e-01
7.400000e-01 4.091766e-01
7.410000e-01 4.062423e-01
7.420000e-01 4.045106e-01
7.430000e-01 4.005830e-01
7.440000e-01 3.970544e-01
7.450000e-01 3.915585e-01
7.460000e-01 3.864221e-01
7.470000e-01 3.831273e-01
7.480000e-01 3.808139e-01
7.490000e-01 3.778101e-01
7.500000e-01 3.740939e-01
7.510000e-01 3.707868e-01
7.520000e-01 3.647255e-01
7.530000e-01 3.599838e-01
7.540000e-01 3.579332e-01
7.550000e-01 3.565745e-01
7.560000e-01 3.513645e-01
7.570000e-01 3.463836e-01
7.580000e-01 3.434512e-01
7.590000e-01 3.407281e-01
7.600000e-01 3.381545e-01
7.610000e-01 3.362148e-01
7.620000e-01 3.317674e-01
7.630000e-01 3.276709e-01
7.640000e-01 3.237709e-01
7.650000e-01 3.200051e-01
7.660000e-01 3.177772e-01
7.670000e-01 3.166857e-01
7.680000e-01 3.130422e-01
7.690000e-01 3.113718e-01
7.700000e-01 3.094937e-01
7.710000e-01 3.051218e-01
7.720000e-01 3.013970e-01
7.730000e-01 2.973819e-01
7.740000e-01 2.915277e-01
7.750000e-01 2.897626e-01
7.760000e-01 2.876987e-01
7.770000e-01 2.873799e-01
7.780000e-01 2.834340e-01
7.790000e-01 2.798715e-01
7.800000e-01 2.783181e-01
7.810000e-01 2.750856e-01
7.820000e-01 2.735874e-01
7.830000e-01 2.702682e-01
7.840000e-01 2.705216e-01
7.850000e-01 2.654813e-01
7.860000e-01 2.647073e-01
7.870000e-01 2.608068e-01
7.880000e-01 2.598326e-01
7.890000e-01 2.589831e-01
7.900000e-01 2.557734e-01
7.910000e-01 2.553232e-01
7.920000e-01 2.541165e-01
7.930000e-01 2.532878e-01
7.940000e-01 2.526717e-01
7.950000e-01 2.531580e-01
7.960000e-01 2.536207e-01
7.970000e-01 2.522512e-01
7.980000e-01 2.523244e-01
7.990000e-01 2.537383e-01
8.000000e-01 2.551658e-01
8.010000e-01 2.590533e-01
8.020000e-01 2.582368e-01
8.030000e-01 2.599441e-01
8.040000e-01 2.609161e-01
8.050000e-01 2.600472e-01
8.060000e-01 2.606140e-01
8.070000e-01 2.574060e-01
8.080000e-01 2.591616e-01
8.090000e-01 2.617011e-01
8.100000e-01 2.604211e-01
8.110000e-01 2.601898e-01
8.120000e-01 2.598230e-01
8.130000e-01 2.597827e-01
8.140000e-01 2.587949e-01
8.150000e-01 2.600003e-01
8.160000e-01 2.610531e-01
8.170000e-01 2.608331e-01
8.180000e-01 2.593052e-01
8.190000e-01 2.628710e-01
8.200000e-01 2.638455e-01
8.210000e-01 2.630329e-01
8.220000e-01 2.645875e-01
8.230000e-01 2.618221e-01
8.240000e-01 2.643895e-01
8.250000e-01 2.662249e-01
8.260000e-01 2.662877e-01
8.270000e-01 2.680490e-01
8.280000e-01 2.662013e-01
8.290000e-01 2.666970e-01
8.300000e-01 2.677609e-01
8.310000e-01 2.660293e-01
8.320000e-01 2.704139e-01
8.330000e-01 2.717053e-01
8.340000e-01 2.731032e-01
8.350000e-01 2.720139e-01
8.360000e-01 2.701253e-01
8.370000e-01 2.725379e-01
8.380000e-01 2.713378e-01
8.390000e-01 2.777594e-01
8.400000e-01 2.758153e-01
