1.670000e-01 -6.566786e-04
1.680000e-01 -1.489477e-04
1.690000e-01 1.385551e-03
1.700000e-01 7.240724e-04
1.710000e-01 7.143172e-04
1.720000e-01 -3.939858e-04
1.730000e-01 6.752064e-04
1.740000e-01 7.861548e-04
1.750000e-01 8.499027e-04
1.760000e-01 -3.159218e-04
1.770000e-01 1.255623e-03
1.780000e-01 -3.552808e-04
1.790000e-01 9.024759e-05
1.800000e-01 2.940029e-04
1.810000e-01 5.516175e-04
1.820000e-01 -4.745906e-04
1.830000e-01 -5.228924e-04
1.840000e-01 -6.469192e-04
1.850000e-01 2.235218e-04
1.860000e-01 3.818034e-04
1.870000e-01 1.844987e-03
1.880000e-01 4.533136e-04
1.890000e-01 -4.803691e-04
1.900000e-01 -1.014605e-03
1.910000e-01 5.186644e-05
1.920000e-01 1.394286e-03
1.930000e-01 2.414478e-03
1.940000e-01 9.162121e-04
1.950000e-01 -3.945053e-04
1.960000e-01 8.041452e-04
1.970000e-01 2.375666e-03
1.980000e-01 2.527749e-04
1.990000e-01 1.722201e-03
2.000000e-01 4.922710e-04
2.010000e-01 -2.069008e-03
2.020000e-01 -1.641170e-03
2.030000e-01 8.549588e-04
2.040000e-01 7.190148e-04
2.050000e-01 -6.014270e-04
2.060000e-01 2.509819e-05
2.070000e-01 -5.327481e-04
2.080000e-01 -1.843945e-03
2.090000e-01 2.079471e-04
2.100000e-01 8.538548e-04
2.110000e-01 8.049629e-05
2.120000e-01 1.396363e-03
2.130000e-01 2.478588e-04
2.140000e-01 -1.398943e-03
2.150000e-01 4.775586e-04
2.160000e-01 1.648348e-03
2.170000e-01 1.047442e-03
2.180000e-01 -1.309114e-03
2.190000e-01 2.410205e-04
2.200000e-01 1.193334e-03
2.210000e-01 1.922288e-03
2.220000e-01 8.141733e-04
2.230000e-01 -2.189903e-04
2.240000e-01 -2.070137e-03
2.250000e-01 -1.192098e-03
2.260000e-01 3.793349e-04
2.270000e-01 1.072357e-03
2.280000e-01 -3.792808e-05
2.290000e-01 2.207694e-04
2.300000e-01 -1.052145e-04
2.310000e-01 2.817204e-04
2.320000e-01 -1.560217e-04
2.330000e-01 6.901360e-04
2.340000e-01 7.904143e-04
2.350000e-01 1.296416e-03
2.360000e-01 7.631263e-05
2.370000e-01 -4.983916e-04
2.380000e-01 -7.814492e-04
2.390000e-01 -9.218611e-04
2.400000e-01 -1.405902e-03
2.410000e-01 7.060472e-04
2.420000e-01 1.003998e-03
2.430000e-01 1.647937e-03
2.440000e-01 1.691874e-03
2.450000e-01 -4.629513e-04
2.460000e-01 -1.523983e-03
2.470000e-01 -2.694066e-04
2.480000e-01 -4.643908e-04
2.490000e-01 -4.251692e-04
2.500000e-01 -1.099879e-03
2.510000e-01 -3.091630e-05
2.520000e-01 -4.752224e-04
2.530000e-01 -3.403559e-04
2.540000e-01 2.701232e-04
2.550000e-01 2.734988e-04
2.560000e-01 -3.113376e-04
2.570000e-01 -7.158499e-04
2.580000e-01 -1.985695e-03
2.590000e-01 -1.716876e-03
2.600000e-01 -1.155949e-03
2.610000e-01 5.488996e-04
2.620000e-01 9.105492e-04
2.630000e-01 1.934161e-03
2.640000e-01 -2.033429e-04
2.650000e-01 -6.400149e-04
2.660000e-01 -7.796374e-04
2.670000e-01 -1.469834e-04
2.680000e-01 5.864504e-04
2.690000e-01 -2.498350e-04
2.700000e-01 -6.858905e-04
2.710000e-01 -2.008375e-03
2.720000e-01 9.472507e-04
2.730000e-01 3.368167e-04
2.740000e-01 -1.519052e-03
2.750000e-01 -8.023749e-04
2.760000e-01 -1.163314e-04
2.770000e-01 1.158195e-03
2.780000e-01 7.288669e-04
2.790000e-01 2.771889e-03
2.800000e-01 1.350497e-03
2.810000e-01 1.154149e-04
2.820000e-01 9.189099e-04
2.830000e-01 9.890942e-04
2.840000e-01 -4.731133e-05
2.850000e-01 -7.576723e-04
2.860000e-01 -8.123011e-04
2.870000e-01 1.052691e-03
2.880000e-01 2.124531e-03
2.890000e-01 2.243674e-05
2.900000e-01 -1.380690e-03
2.910000e-01 -1.321740e-03
2.920000e-01 -6.292299e-04
2.930000e-01 -8.157294e-04
2.940000e-01 -3.043244e-03
2.950000e-01 -1.846691e-04
2.960000e-01 7.145054e-05
2.970000e-01 -5.041735e-04
2.980000e-01 -5.866630e-04
2.990000e-01 -2.355221e-04
3.000000e-01 -9.069567e-04
3.010000e-01 2.463981e-04
3.020000e-01 -7.451501e-04
3.030000e-01 2.260926e-04
3.040000e-01 -2.386408e-04
3.050000e-01 6.566871e-05
3.060000e-01 1.314565e-03
3.070000e-01 -8.813454e-04
3.080000e-01 3.219677e-04
3.090000e-01 7.966938e-04
3.100000e-01 4.491924e-04
3.110000e-01 1.756216e-03
3.120000e-01 1.201989e-03
3.130000e-01 4.919806e-04
3.140000e-01 -1.524311e-03
3.150000e-01 -1.301751e-03
3.160000e-01 8.409593e-04
3.170000e-01 1.225475e-03
3.180000e-01 7.700933e-04
3.190000e-01 2.362953e-03
3.200000e-01 1.606985e-03
3.210000e-01 -2.109016e-03
3.220000e-01 -1.089795e-03
3.230000e-01 4.731640e-04
3.240000e-01 5.450837e-04
3.250000e-01 9.737040e-04
3.260000e-01 8.341619e-04
3.270000e-01 2.516455e-03
3.280000e-01 2.987726e-03
3.290000e-01 3.593386e-03
3.300000e-01 1.590000e-03
3.310000e-01 1.509140e-03
3.320000e-01 2.071567e-03
3.330000e-01 1.960604e-03
3.340000e-01 3.089524e-03
3.350000e-01 2.653579e-03
3.360000e-01 3.587338e-03
3.370000e-01 2.736701e-03
3.380000e-01 4.751473e-03
3.390000e-01 4.105690e-03
3.400000e-01 4.510159e-03
3.410000e-01 3.461791e-03
3.420000e-01 3.864851e-03
3.430000e-01 6.325954e-03
3.440000e-01 4.414803e-03
3.450000e-01 6.445068e-03
3.460000e-01 8.615163e-03
3.470000e-01 7.900337e-03
3.480000e-01 7.552946e-03
3.490000e-01 7.072845e-03
3.500000e-01 8.966195e-03
3.510000e-01 1.301062e-02
3.520000e-01 1.315375e-02
3.530000e-01 1.352073e-02
3.540000e-01 1.621384e-02
3.550000e-01 1.724144e-02
3.560000e-01 1.872125e-02
3.570000e-01 1.874616e-02
3.580000e-01 2.125643e-02
3.590000e-01 2.261590e-02
3.600000e-01 2.324965e-02
3.610000e-01 2.559632e-02
3.620000e-01 3.070296e-02
3.630000e-01 3.429964e-02
3.640000e-01 3.502939e-02
3.650000e-01 3.728513e-02
3.660000e-01 3.822696e-02
3.670000e-01 4.315693e-02
3.680000e-01 4.487174e-02
3.690000e-01 4.541567e-02
3.700000e-01 4.607925e-02
3.710000e-01 4.406760e-02
3.720000e-01 4.467411e-02
3.730000e-01 4.974707e-02
3.740000e-01 5.160469e-02
3.750000e-01 4.993015e-02
3.760000e-01 5.344533e-02
3.770000e-01 5.657110e-02
3.780000e-01 5.715907e-02
3.790000e-01 5.856887e-02
3.800000e-01 5.986724e-02
3.810000e-01 6.316004e-02
3.820000e-01 6.313905e-02
3.830000e-01 5.895302e-02
3.840000e-01 6.223102e-02
3.850000e-01 6.940170e-02
3.860000e-01 7.760358e-02
3.870000e-01 7.753980e-02
3.880000e-01 8.016576e-02
3.890000e-01 8.685939e-02
3.900000e-01 9.381837e-02
3.910000e-01 9.566446e-02
3.920000e-01 9.749438e-02
3.930000e-01 1.077445e-01
3.940000e-01 1.161206e-01
3.950000e-01 1.267840e-01
3.960000e-01 1.376900e-01
3.970000e-01 1.365276e-01
3.980000e-01 1.500949e-01
3.990000e-01 1.688727e-01
4.000000e-01 1.912249e-01
4.010000e-01 1.989155e-01
4.020000e-01 2.236112e-01
4.030000e-01 2.480343e-01
4.040000e-01 2.605080e-01
4.050000e-01 2.915771e-01
4.060000e-01 3.061106e-01
4.070000e-01 3.378325e-01
4.080000e-01 3.519392e-01
4.090000e-01 3.702611e-01
4.100000e-01 3.840862e-01
4.110000e-01 4.056338e-01
4.120000e-01 4.226344e-01
4.130000e-01 4.353678e-01
4.140000e-01 4.535691e-01
4.150000e-01 4.676906e-01
4.160000e-01 4.801774e-01
4.170000e-01 4.944141e-01
4.180000e-01 5.085070e-01
4.190000e-01 5.231030e-01
4.200000e-01 5.435346e-01
4.210000e-01 5.679054e-01
4.220000e-01 6.028229e-01
4.230000e-01 6.384876e-01
4.240000e-01 6.782014e-01
4.250000e-01 7.147555e-01
4.260000e-01 7.495969e-01
4.270000e-01 7.812990e-01
4.280000e-01 8.111407e-01
4.290000e-01 8.386773e-01
4.300000e-01 8.625464e-01
4.310000e-01 8.900748e-01
4.320000e-01 9.152320e-01
4.330000e-01 9.384721e-01
4.340000e-01 9.593665e-01
4.350000e-01 9.852145e-01
4.360000e-01 1.008523e+00
4.370000e-01 1.033334e+00
4.380000e-01 1.056178e+00
4.390000e-01 1.079827e+00
4.400000e-01 1.103519e+00
4.410000e-01 1.124878e+00
4.420000e-01 1.144397e+00
4.430000e-01 1.169801e+00
4.440000e-01 1.188783e+00
4.450000e-01 1.207933e+00
4.460000e-01 1.226643e+00
4.470000e-01 1.244383e+00
4.480000e-01 1.263492e+00
4.490000e-01 1.280713e+00
4.500000e-01 1.294418e+00
4.510000e-01 1.309124e+00
4.520000e-01 1.324582e+00
4.530000e-01 1.340018e+00
4.540000e-01 1.351914e+00
4.550000e-01 1.362982e+00
4.560000e-01 1.375539e+00
4.570000e-01 1.387948e+00
4.580000e-01 1.399412e+00
4.590000e-01 1.409354e+00
4.600000e-01 1.417641e+00
4.610000e-01 1.427442e+00
4.620000e-01 1.438293e+00
4.630000e-01 1.447963e+00
4.640000e-01 1.455284e+00
4.650000e-01 1.462979e+00
4.660000e-01 1.466767e+00
4.670000e-01 1.473873e+00
4.680000e-01 1.478836e+00
4.690000e-01 1.485359e+00
4.700000e-01 1.491514e+00
4.710000e-01 1.496495e+00
4.720000e-01 1.501394e+00
4.730000e-01 1.506337e+00
4.740000e-01 1.511919e+00
4.750000e-01 1.515950e+00
4.760000e-01 1.520651e+00
4.770000e-01 1.526235e+00
4.780000e-01 1.530540e+00
4.790000e-01 1.534496e+00
4.800000e-01 1.539726e+00
4.810000e-01 1.545013e+00
4.820000e-01 1.548223e+00
4.830000e-01 1.550376e+00
4.840000e-01 1.552307e+00
4.850000e-01 1.554753e+00
4.860000e-01 1.554907e+00
4.870000e-01 1.555546e+00
4.880000e-01 1.556305e+00
4.890000e-01 1.555722e+00
4.900000e-01 1.556302e+00
4.910000e-01 1.557106e+00
4.920000e-01 1.557046e+00
4.930000e-01 1.557569e+00
4.940000e-01 1.558185e+00
4.950000e-01 1.558174e+00
4.960000e-01 1.558525e+00
4.970000e-01 1.557920e+00
4.980000e-01 1.555934e+00
4.990000e-01 1.555585e+00
5.000000e-01 1.555643e+00
5.010000e-01 1.555190e+00
5.020000e-01 1.554367e+00
5.030000e-01 1.552958e+00
5.040000e-01 1.550707e+00
5.050000e-01 1.549353e+00
5.060000e-01 1.549102e+00
5.070000e-01 1.548649e+00
5.080000e-01 1.546671e+00
5.090000e-01 1.545340e+00
5.100000e-01 1.543494e+00
5.110000e-01 1.539366e+00
5.120000e-01 1.538116e+00
5.130000e-01 1.537931e+00
5.140000e-01 1.538323e+00
5.150000e-01 1.534572e+00
5.160000e-01 1.530961e+00
5.170000e-01 1.528920e+00
5.180000e-01 1.529229e+00
5.190000e-01 1.527967e+00
5.200000e-01 1.525250e+00
5.210000e-01 1.523572e+00
5.220000e-01 1.519233e+00
5.230000e-01 1.517890e+00
5.240000e-01 1.516508e+00
5.250000e-01 1.513478e+00
5.260000e-01 1.508876e+00
5.270000e-01 1.506709e+00
5.280000e-01 1.503509e+00
5.290000e-01 1.500539e+00
5.300000e-01 1.496115e+00
5.310000e-01 1.492414e+00
5.320000e-01 1.489922e+00
5.330000e-01 1.487626e+00
5.340000e-01 1.484877e+00
5.350000e-01 1.486079e+00
5.360000e-01 1.483455e+00
5.370000e-01 1.479115e+00
5.380000e-01 1.474577e+00
5.390000e-01 1.471541e+00
5.400000e-01 1.467851e+00
5.410000e-01 1.465264e+00
5.420000e-01 1.460786e+00
5.430000e-01 1.455579e+00
5.440000e-01 1.449620e+00
5.450000e-01 1.446157e+00
5.460000e-01 1.440934e+00
5.470000e-01 1.436367e+00
5.480000e-01 1.432294e+00
5.490000e-01 1.426597e+00
5.500000e-01 1.423846e+00
5.510000e-01 1.421757e+00
5.520000e-01 1.415660e+00
5.530000e-01 1.409705e+00
5.540000e-01 1.403316e+00
5.550000e-01 1.399855e+00
5.560000e-01 1.394893e+00
5.570000e-01 1.390900e+00
5.580000e-01 1.385768e+00
5.590000e-01 1.381641e+00
5.600000e-01 1.377888e+00
5.610000e-01 1.374188e+00
5.620000e-01 1.369302e+00
5.630000e-01 1.364272e+00
5.640000e-01 1.358811e+00
5.650000e-01 1.355488e+00
5.660000e-01 1.350403e+00
5.670000e-01 1.347215e+00
5.680000e-01 1.339940e+00
5.690000e-01 1.335424e+00
5.700000e-01 1.329141e+00
5.710000e-01 1.324574e+00
5.720000e-01 1.320754e+00
5.730000e-01 1.314414e+00
5.740000e-01 1.307506e+00
5.750000e-01 1.303064e+00
5.760000e-01 1.295142e+00
5.770000e-01 1.289085e+00
5.780000e-01 1.283894e+00
5.790000e-01 1.277346e+00
5.800000e-01 1.273474e+00
5.810000e-01 1.269046e+00
5.820000e-01 1.262191e+00
5.830000e-01 1.255471e+00
5.840000e-01 1.249815e+00
5.850000e-01 1.243418e+00
5.860000e-01 1.242241e+00
5.870000e-01 1.236307e+00
5.880000e-01 1.230309e+00
5.890000e-01 1.223839e+00
5.900000e-01 1.217379e+00
5.910000e-01 1.212044e+00
5.920000e-01 1.207931e+00
5.930000e-01 1.199916e+00
5.940000e-01 1.193752e+00
5.950000e-01 1.187674e+00
5.960000e-01 1.183313e+00
5.970000e-01 1.176526e+00
5.980000e-01 1.168434e+00
5.990000e-01 1.161045e+00
6.000000e-01 1.154397e+00
6.010000e-01 1.149510e+00
6.020000e-01 1.144760e+00
6.030000e-01 1.139078e+00
6.040000e-01 1.134437e+00
6.050000e-01 1.128872e+00
6.060000e-01 1.121885e+00
6.070000e-01 1.113876e+00
6.080000e-01 1.107929e+00
6.090000e-01 1.103579e+00
6.100000e-01 1.097674e+00
6.110000e-01 1.093077e+00
6.120000e-01 1.087105e+00
6.130000e-01 1.080037e+00
6.140000e-01 1.072183e+00
6.150000e-01 1.065065e+00
6.160000e-01 1.058808e+00
6.170000e-01 1.054858e+00
6.180000e-01 1.048361e+00
6.190000e-01 1.039751e+00
6.200000e-01 1.031656e+00
6.210000e-01 1.024295e+00
6.220000e-01 1.017596e+00
6.230000e-01 1.013379e+00
6.240000e-01 1.006515e+00
6.250000e-01 1.001782e+00
6.260000e-01 9.955062e-01
6.270000e-01 9.903877e-01
6.280000e-01 9.854980e-01
6.290000e-01 9.793144e-01
6.300000e-01 9.734770e-01
6.310000e-01 9.678391e-01
6.320000e-01 9.614100e-01
6.330000e-01 9.553456e-01
6.340000e-01 9.462535e-01
6.350000e-01 9.420614e-01
6.360000e-01 9.369171e-01
6.370000e-01 9.306486e-01
6.380000e-01 9.237178e-01
6.390000e-01 9.164783e-01
6.400000e-01 9.119214e-01
6.410000e-01 9.051418e-01
6.420000e-01 8.990451e-01
6.430000e-01 8.956724e-01
6.440000e-01 8.918226e-01
6.450000e-01 8.842174e-01
6.460000e-01 8.793646e-01
6.470000e-01 8.742236e-01
6.480000e-01 8.702929e-01
6.490000e-01 8.641141e-01
6.500000e-01 8.580753e-01
6.510000e-01 8.548160e-01
6.520000e-01 8.514267e-01
6.530000e-01 8.465495e-01
6.540000e-01 8.392956e-01
6.550000e-01 8.318661e-01
6.560000e-01 8.285385e-01
6.570000e-01 8.231588e-01
6.580000e-01 8.166164e-01
6.590000e-01 8.090483e-01
6.600000e-01 8.017995e-01
6.610000e-01 7.966722e-01
6.620000e-01 7.910114e-01
6.630000e-01 7.858803e-01
6.640000e-01 7.802884e-01
6.650000e-01 7.746552e-01
6.660000e-01 7.684539e-01
6.670000e-01 7.638665e-01
6.680000e-01 7.555051e-01
6.690000e-01 7.515293e-01
6.700000e-01 7.473957e-01
6.710000e-01 7.403386e-01
6.720000e-01 7.353406e-01
6.730000e-01 7.309286e-01
6.740000e-01 7.232248e-01
6.750000e-01 7.184557e-01
6.760000e-01 7.129062e-01
6.770000e-01 7.049046e-01
6.780000e-01 6.992053e-01
6.790000e-01 6.928523e-01
6.800000e-01 6.876801e-01
6.810000e-01 6.830766e-01
6.820000e-01 6.758570e-01
6.830000e-01 6.715545e-01
6.840000e-01 6.683210e-01
6.850000e-01 6.616915e-01
6.860000e-01 6.574981e-01
6.870000e-01 6.517406e-01
6.880000e-01 6.465837e-01
6.890000e-01 6.433546e-01
6.900000e-01 6.396621e-01
6.910000e-01 6.335780e-01
6.920000e-01 6.290398e-01
6.930000e-01 6.264058e-01
6.940000e-01 6.244927e-01
6.950000e-01 6.198743e-01
6.960000e-01 6.141665e-01
6.970000e-01 6.092304e-01
6.980000e-01 6.064954e-01
6.990000e-01 6.037144e-01
7.000000e-01 5.991239e-01
7.010000e-01 5.957484e-01
7.020000e-01 5.939994e-01
7.030000e-01 5.883538e-01
7.040000e-01 5.836663e-01
7.050000e-01 5.809403e-01
7.060000e-01 5.771407e-01
7.070000e-01 5.719152e-01
7.080000e-01 5.674992e-01
7.090000e-01 5.651694e-01
7.100000e-01 5.629723e-01
7.110000e-01 5.582114e-01
7.120000e-01 5.554399e-01
7.130000e-01 5.482817e-01
7.140000e-01 5.438874e-01
7.150000e-01 5.417097e-01
7.160000e-01 5.365189e-01
7.170000e-01 5.330239e-01
7.180000e-01 5.278806e-01
7.190000e-01 5.246151e-01
7.200000e-01 5.222058e-01
7.210000e-01 5.189636e-01
7.220000e-01 5.168096e-01
7.230000e-01 5.120541e-01
7.240000e-01 5.110706e-01
7.250000e-01 5.059687e-01
7.260000e-01 5.002665e-01
7.270000e-01 4.971589e-01
7.280000e-01 4.929355e-01
7.290000e-01 4.925291e-01
7.300000e-01 4.890951e-01
7.310000e-01 4.849336e-01
7.320000e-01 4.829774e-01
7.330000e-01 4.806876e-01
7.340000e-01 4.764371e-01
7.350000e-01 4.737649e-01
7.360000e-01 4.716756e-01
7.370000e-01 4.693066e-01
7.380000e-01 4.660108e-01
7.390000e-01 4.619260e-01
7.400000e-01 4.616675e-01
7.410000e-01 4.599699e-01
7.420000e-01 4.564470e-01
7.430000e-01 4.535340e-01
7.440000e-01 4.513152e-01
7.450000e-01 4.487766e-01
7.460000e-01 4.473343e-01
7.470000e-01 4.439331e-01
7.480000e-01 4.423427e-01
7.490000e-01 4.401648e-01
7.500000e-01 4.378200e-01
7.510000e-01 4.374384e-01
7.520000e-01 4.358430e-01
7.530000e-01 4.346419e-01
7.540000e-01 4.343453e-01
7.550000e-01 4.300410e-01
7.560000e-01 4.292106e-01
7.570000e-01 4.272267e-01
7.580000e-01 4.262876e-01
7.590000e-01 4.263628e-01
7.600000e-01 4.248255e-01
7.610000e-01 4.225280e-01
7.620000e-01 4.234616e-01
7.630000e-01 4.191501e-01
7.640000e-01 4.196342e-01
7.650000e-01 4.198222e-01
7.660000e-01 4.205582e-01
7.670000e-01 4.202384e-01
7.680000e-01 4.192543e-01
7.690000e-01 4.202841e-01
7.700000e-01 4.222856e-01
7.710000e-01 4.212715e-01
7.720000e-01 4.213449e-01
7.730000e-01 4.203222e-01
7.740000e-01 4.204465e-01
7.750000e-01 4.202479e-01
7.760000e-01 4.191016e-01
7.770000e-01 4.201392e-01
7.780000e-01 4.202542e-01
7.790000e-01 4.187726e-01
7.800000e-01 4.158280e-01
7.810000e-01 4.155317e-01
7.820000e-01 4.162735e-01
7.830000e-01 4.147091e-01
7.840000e-01 4.148029e-01
7.850000e-01 4.147143e-01
7.860000e-01 4.148484e-01
7.870000e-01 4.141467e-01
7.880000e-01 4.127231e-01
7.890000e-01 4.105139e-01
7.900000e-01 4.084900e-01
7.910000e-01 4.082545e-01
7.920000e-01 4.086244e-01
7.930000e-01 4.083439e-01
7.940000e-01 4.070063e-01
7.950000e-01 4.065760e-01
7.960000e-01 4.065619e-01
7.970000e-01 4.052087e-01
7.980000e-01 4.038552e-01
7.990000e-01 4.026657e-01
8.000000e-01 4.018042e-01
8.010000e-01 4.021435e-01
8.020000e-01 4.000021e-01
8.030000e-01 3.985840e-01
8.040000e-01 3.970863e-01
8.050000e-01 3.971802e-01
8.060000e-01 3.977037e-01
8.070000e-01 3.966399e-01
8.080000e-01 3.947457e-01
8.090000e-01 3.930005e-01
8.100000e-01 3.933046e-01
8.110000e-01 3.929809e-01
8.120000e-01 3.912732e-01
8.130000e-01 3.886205e-01
8.140000e-01 3.863795e-01
8.150000e-01 3.851421e-01
8.160000e-01 3.835120e-01
8.170000e-01 3.827612e-01
8.180000e-01 3.822731e-01
8.190000e-01 3.815811e-01
8.200000e-01 3.816004e-01
8.210000e-01 3.789813e-01
8.220000e-01 3.801129e-01
8.230000e-01 3.772097e-01
8.240000e-01 3.783034e-01
8.250000e-01 3.795883e-01
8.260000e-01 3.772895e-01
8.270000e-01 3.783557e-01
8.280000e-01 3.769604e-01
8.290000e-01 3.794893e-01
8.300000e-01 3.807783e-01
8.310000e-01 3.823888e-01
8.320000e-01 3.832964e-01
8.330000e-01 3.818819e-01
8.340000e-01 3.828704e-01
8.350000e-01 3.818021e-01
8.360000e-01 3.812451e-01
8.370000e-01 3.854200e-01
8.380000e-01 3.866731e-01
8.390000e-01 3.891936e-01
8.400000e-01 3.883922e-01
8.410000e-01 3.895021e-01
8.420000e-01 3.931180e-01
8.430000e-01 3.918065e-01
8.440000e-01 3.930431e-01
8.450000e-01 3.943711e-01
8.460000e-01 3.959640e-01
8.470000e-01 3.955115e-01
8.480000e-01 3.974562e-01
8.490000e-01 3.988102e-01
8.500000e-01 4.011348e-01
8.510000e-01 4.023968e-01
8.520000e-01 4.050335e-01
8.530000e-01 4.059110e-01
8.540000e-01 4.059111e-01
8.550000e-01 4.073503e-01
8.560000e-01 4.093665e-01
8.570000e-01 4.095539e-01
8.580000e-01 4.111840e-01
8.590000e-01 4.122486e-01
8.600000e-01 4.130478e-01
8.610000e-01 4.144420e-01
8.620000e-01 4.161815e-01
8.630000e-01 4.178188e-01
8.640000e-01 4.202936e-01
8.650000e-01 4.212751e-01
8.660000e-01 4.225730e-01
8.670000e-01 4.272601e-01
8.680000e-01 4.275519e-01
8.690000e-01 4.277532e-01
8.700000e-01 4.293194e-01
8.710000e-01 4.316565e-01
8.720000e-01 4.344294e-01
8.730000e-01 4.355297e-01
8.740000e-01 4.348888e-01
8.750000e-01 4.381392e-01
8.760000e-01 4.407843e-01
8.770000e-01 4.441875e-01
8.780000e-01 4.460394e-01
8.790000e-01 4.461142e-01
8.800000e-01 4.469730e-01
8.810000e-01 4.517092e-01
8.820000e-01 4.537449e-01
8.830000e-01 4.553233e-01
8.840000e-01 4.585099e-01
8.850000e-01 4.613509e-01
8.860000e-01 4.642609e-01
8.870000e-01 4.686441e-01
8.880000e-01 4.709226e-01
8.890000e-01 4.723198e-01
8.900000e-01 4.754499e-01
8.910000e-01 4.797176e-01
8.920000e-01 4.831049e-01
8.930000e-01 4.855841e-01
8.940000e-01 4.872326e-01
8.950000e-01 4.919047e-01
8.960000e-01 4.934474e-01
8.970000e-01 4.955943e-01
8.980000e-01 4.995767e-01
8.990000e-01 5.027311e-01
9.000000e-01 5.065305e-01
9.010000e-01 5.102011e-01
9.020000e-01 5.123703e-01
9.030000e-01 5.137470e-01
9.040000e-01 5.183095e-01
9.050000e-01 5.209117e-01
9.060000e-01 5.225455e-01
9.070000e-01 5.245850e-01
9.080000e-01 5.290865e-01
9.090000e-01 5.241875e-01
9.100000e-01 5.132123e-01
9.110000e-01 5.189001e-01
9.120000e-01 5.277205e-01
9.130000e-01 5.316287e-01
9.140000e-01 5.338929e-01
9.150000e-01 5.434788e-01
9.160000e-01 5.480522e-01
9.170000e-01 5.434431e-01
9.180000e-01 5.321331e-01
9.190000e-01 5.330809e-01
9.200000e-01 5.491372e-01
9.210000e-01 5.420861e-01
9.220000e-01 5.335868e-01
9.230000e-01 5.477753e-01
9.240000e-01 5.905382e-01
9.250000e-01 5.916609e-01
9.260000e-01 5.650337e-01
9.270000e-01 5.652615e-01
9.280000e-01 5.555868e-01
9.290000e-01 5.588777e-01
9.300000e-01 5.757573e-01
9.310000e-01 5.566904e-01
9.320000e-01 5.189463e-01
9.330000e-01 4.964377e-01
9.340000e-01 5.207985e-01
9.350000e-01 5.317698e-01
9.360000e-01 5.474641e-01
9.370000e-01 5.365183e-01
9.380000e-01 5.048147e-01
9.390000e-01 5.232602e-01
9.400000e-01 5.450895e-01
9.410000e-01 5.325297e-01
9.420000e-01 5.189795e-01
9.430000e-01 5.242924e-01
9.440000e-01 5.298933e-01
9.450000e-01 5.308032e-01
9.460000e-01 5.325474e-01
9.470000e-01 5.392262e-01
9.480000e-01 5.484437e-01
9.490000e-01 5.384778e-01
9.500000e-01 5.332250e-01
9.510000e-01 5.345852e-01
9.520000e-01 5.395117e-01
9.530000e-01 5.374633e-01
9.540000e-01 5.384807e-01
9.550000e-01 5.425339e-01
9.560000e-01 5.490408e-01
9.570000e-01 5.395816e-01
9.580000e-01 5.391168e-01
9.590000e-01 5.411995e-01
9.600000e-01 5.390069e-01
9.610000e-01 5.363586e-01
9.620000e-01 5.426596e-01
