6.030000e-01 0.000000e+00
6.032000e-01 1.320005e-07
6.034000e-01 2.706654e-07
6.036000e-01 4.160978e-07
6.038000e-01 5.683939e-07
6.040000e-01 7.276433e-07
6.042000e-01 8.939283e-07
6.044000e-01 1.067325e-06
6.046000e-01 1.247901e-06
6.048000e-01 1.435720e-06
6.050000e-01 1.630836e-06
6.052000e-01 1.833296e-06
6.054000e-01 2.043144e-06
6.056000e-01 2.260412e-06
6.058000e-01 2.485129e-06
6.060000e-01 2.717314e-06
6.062000e-01 2.956983e-06
6.064000e-01 3.167662e-06
6.066000e-01 3.381973e-06
6.068000e-01 3.599688e-06
6.070000e-01 3.820581e-06
6.072000e-01 4.044424e-06
6.074000e-01 4.270991e-06
6.076000e-01 4.500054e-06
6.078000e-01 4.731387e-06
6.080000e-01 4.964762e-06
6.082000e-01 5.199953e-06
6.084000e-01 5.436733e-06
6.086000e-01 5.674875e-06
6.088000e-01 5.914151e-06
6.090000e-01 6.154335e-06
6.092000e-01 6.395200e-06
6.094000e-01 6.636519e-06
6.096000e-01 6.878065e-06
6.098000e-01 7.120546e-06
6.100000e-01 7.363853e-06
6.102000e-01 7.607882e-06
6.104000e-01 7.852536e-06
6.106000e-01 8.097727e-06
6.108000e-01 8.343372e-06
6.110000e-01 8.589395e-06
6.112000e-01 8.835728e-06
6.114000e-01 9.082308e-06
6.116000e-01 9.329081e-06
6.118000e-01 9.575998e-06
6.120000e-01 9.823019e-06
6.122000e-01 1.007011e-05
6.124000e-01 1.031724e-05
6.126000e-01 1.056439e-05
6.128000e-01 1.081155e-05
6.130000e-01 1.105871e-05
6.132000e-01 1.130586e-05
6.134000e-01 1.155302e-05
6.136000e-01 1.180018e-05
6.138000e-01 1.204734e-05
6.140000e-01 1.229450e-05
6.142000e-01 1.254165e-05
6.144000e-01 1.278881e-05
6.146000e-01 1.303597e-05
6.148000e-01 1.328313e-05
6.150000e-01 1.353029e-05
6.152000e-01 1.377744e-05
6.154000e-01 1.402460e-05
6.156000e-01 1.427176e-05
6.158000e-01 1.451892e-05
6.160000e-01 1.476608e-05
6.162000e-01 1.501323e-05
6.164000e-01 1.526039e-05
6.166000e-01 1.550755e-05
6.168000e-01 1.575471e-05
6.170000e-01 1.600187e-05
6.172000e-01 1.624902e-05
6.174000e-01 1.649618e-05
6.176000e-01 1.674334e-05
6.178000e-01 1.699050e-05
6.180000e-01 1.723766e-05
6.182000e-01 1.748481e-05
6.184000e-01 1.773197e-05
6.186000e-01 1.797913e-05
6.188000e-01 1.822629e-05
6.190000e-01 1.847345e-05
6.192000e-01 1.872060e-05
6.194000e-01 1.896776e-05
6.196000e-01 1.921492e-05
6.198000e-01 1.946208e-05
6.200000e-01 1.970924e-05
6.202000e-01 1.995639e-05
6.204000e-01 2.020355e-05
6.206000e-01 2.045071e-05
6.208000e-01 2.069787e-05
6.210000e-01 2.094503e-05
6.212000e-01 2.119218e-05
6.214000e-01 2.143934e-05
6.216000e-01 2.168650e-05
6.218000e-01 2.193366e-05
6.220000e-01 2.218082e-05
6.222000e-01 2.242797e-05
6.224000e-01 2.267513e-05
6.226000e-01 2.292229e-05
6.228000e-01 2.316945e-05
6.230000e-01 2.341661e-05
6.232000e-01 2.366376e-05
6.234000e-01 2.391092e-05
6.236000e-01 2.415808e-05
6.238000e-01 2.440524e-05
6.240000e-01 2.465240e-05
6.242000e-01 2.489955e-05
6.244000e-01 2.514671e-05
6.246000e-01 2.539387e-05
6.248000e-01 2.564103e-05
6.250000e-01 2.588819e-05
6.252000e-01 2.613534e-05
6.254000e-01 2.638250e-05
6.256000e-01 2.662966e-05
6.258000e-01 2.687682e-05
6.260000e-01 2.712398e-05
6.262000e-01 2.737113e-05
6.264000e-01 2.761829e-05
6.266000e-01 2.786545e-05
6.268000e-01 2.811261e-05
6.270000e-01 2.835977e-05
6.272000e-01 2.860692e-05
6.274000e-01 2.885408e-05
6.276000e-01 2.910124e-05
6.278000e-01 2.934840e-05
6.280000e-01 2.959556e-05
6.282000e-01 2.984271e-05
6.284000e-01 3.008987e-05
6.286000e-01 3.033703e-05
6.288000e-01 3.058419e-05
6.290000e-01 3.083134e-05
6.292000e-01 3.107850e-05
6.294000e-01 3.132566e-05
6.296000e-01 3.157282e-05
6.298000e-01 3.181998e-05
6.300000e-01 3.206713e-05
6.302000e-01 3.231429e-05
6.304000e-01 3.256145e-05
6.306000e-01 3.280861e-05
6.308000e-01 3.305577e-05
6.310000e-01 3.330292e-05
6.312000e-01 3.355008e-05
6.314000e-01 3.379724e-05
6.316000e-01 3.404440e-05
6.318000e-01 3.429156e-05
6.320000e-01 3.453871e-05
6.322000e-01 3.478587e-05
6.324000e-01 3.503303e-05
6.326000e-01 3.528019e-05
6.328000e-01 3.552735e-05
6.330000e-01 3.577450e-05
6.332000e-01 3.602166e-05
6.334000e-01 3.626882e-05
6.336000e-01 3.651598e-05
6.338000e-01 3.676314e-05
6.340000e-01 3.701029e-05
6.342000e-01 3.725745e-05
6.344000e-01 3.750461e-05
6.346000e-01 3.775177e-05
6.348000e-01 3.799893e-05
6.350000e-01 3.824608e-05
6.352000e-01 3.849324e-05
6.354000e-01 3.874040e-05
6.356000e-01 3.898756e-05
6.358000e-01 3.923472e-05
6.360000e-01 3.948187e-05
6.362000e-01 3.972903e-05
6.364000e-01 3.997619e-05
6.366000e-01 4.022335e-05
6.368000e-01 4.047051e-05
6.370000e-01 4.071766e-05
6.372000e-01 4.096482e-05
6.374000e-01 4.121198e-05
6.376000e-01 4.145914e-05
6.378000e-01 4.170630e-05
6.380000e-01 4.195345e-05
6.382000e-01 4.220061e-05
6.384000e-01 4.244777e-05
6.386000e-01 4.269493e-05
6.388000e-01 4.294209e-05
6.390000e-01 4.318924e-05
6.392000e-01 4.343640e-05
6.394000e-01 4.368356e-05
6.396000e-01 4.393072e-05
6.398000e-01 4.417788e-05
6.400000e-01 4.442503e-05
6.402000e-01 4.467219e-05
6.404000e-01 4.491935e-05
6.406000e-01 4.516651e-05
6.408000e-01 4.541367e-05
6.410000e-01 4.566082e-05
6.412000e-01 4.590798e-05
6.414000e-01 4.615514e-05
6.416000e-01 4.640230e-05
6.418000e-01 4.664946e-05
6.420000e-01 4.689661e-05
6.422000e-01 4.714377e-05
6.424000e-01 4.739093e-05
6.426000e-01 4.763809e-05
6.428000e-01 4.788525e-05
6.430000e-01 4.813240e-05
6.432000e-01 4.837956e-05
6.434000e-01 4.862672e-05
6.436000e-01 4.887388e-05
6.438000e-01 4.912104e-05
6.440000e-01 4.936819e-05
6.442000e-01 4.961535e-05
6.444000e-01 4.986251e-05
6.446000e-01 5.010967e-05
6.448000e-01 5.035683e-05
6.450000e-01 5.060398e-05
6.452000e-01 5.085114e-05
6.454000e-01 5.109830e-05
6.456000e-01 5.134546e-05
6.458000e-01 5.159262e-05
6.460000e-01 5.183977e-05
6.462000e-01 5.208693e-05
6.464000e-01 5.233409e-05
6.466000e-01 5.258125e-05
6.468000e-01 5.282841e-05
6.470000e-01 5.307556e-05
6.472000e-01 5.332272e-05
6.474000e-01 5.356988e-05
6.476000e-01 5.381704e-05
6.478000e-01 5.406420e-05
6.480000e-01 5.431135e-05
6.482000e-01 5.455851e-05
6.484000e-01 5.480567e-05
6.486000e-01 5.505283e-05
6.488000e-01 5.529999e-05
6.490000e-01 5.554714e-05
6.492000e-01 5.579430e-05
6.494000e-01 5.604146e-05
6.496000e-01 5.628862e-05
6.498000e-01 5.653578e-05
6.500000e-01 5.678293e-05
6.502000e-01 5.703009e-05
6.504000e-01 5.727725e-05
6.506000e-01 5.752441e-05
6.508000e-01 5.777157e-05
6.510000e-01 5.801872e-05
6.512000e-01 5.826588e-05
6.514000e-01 5.851304e-05
6.516000e-01 5.876020e-05
6.518000e-01 5.900736e-05
6.520000e-01 5.925451e-05
6.522000e-01 5.950167e-05
6.524000e-01 5.974883e-05
6.526000e-01 5.999599e-05
6.528000e-01 6.024315e-05
6.530000e-01 6.049030e-05
6.532000e-01 6.073746e-05
6.534000e-01 6.098462e-05
6.536000e-01 6.123178e-05
6.538000e-01 6.147894e-05
6.540000e-01 6.172609e-05
6.542000e-01 6.197325e-05
6.544000e-01 6.222041e-05
6.546000e-01 6.246757e-05
6.548000e-01 6.271473e-05
6.550000e-01 6.296188e-05
6.552000e-01 6.320904e-05
6.554000e-01 6.345620e-05
6.556000e-01 6.370336e-05
6.558000e-01 6.395052e-05
6.560000e-01 6.419767e-05
6.562000e-01 6.444483e-05
6.564000e-01 6.469199e-05
6.566000e-01 6.493915e-05
6.568000e-01 6.518631e-05
6.570000e-01 6.543346e-05
6.572000e-01 6.568062e-05
6.574000e-01 6.592778e-05
6.576000e-01 6.617494e-05
6.578000e-01 6.642210e-05
6.580000e-01 6.666925e-05
6.582000e-01 6.691641e-05
6.584000e-01 6.716357e-05
6.586000e-01 6.741073e-05
6.588000e-01 6.765789e-05
6.590000e-01 6.790504e-05
6.592000e-01 6.815220e-05
6.594000e-01 6.839936e-05
6.596000e-01 6.864652e-05
6.598000e-01 6.889368e-05
6.600000e-01 6.914083e-05
6.602000e-01 6.938799e-05
6.604000e-01 6.963515e-05
6.606000e-01 6.988231e-05
6.608000e-01 7.012947e-05
6.610000e-01 7.037662e-05
6.612000e-01 7.062378e-05
6.614000e-01 7.087094e-05
6.616000e-01 7.111810e-05
6.618000e-01 7.136526e-05
6.620000e-01 7.161241e-05
6.622000e-01 7.185957e-05
6.624000e-01 7.210673e-05
6.626000e-01 7.235389e-05
6.628000e-01 7.260105e-05
6.630000e-01 7.284820e-05
6.632000e-01 7.309536e-05
6.634000e-01 7.334252e-05
6.636000e-01 7.358968e-05
6.638000e-01 7.383684e-05
6.640000e-01 7.408399e-05
6.642000e-01 7.433115e-05
6.644000e-01 7.457831e-05
6.646000e-01 7.482547e-05
6.648000e-01 7.507263e-05
6.650000e-01 7.531978e-05
6.652000e-01 7.556694e-05
6.654000e-01 7.581410e-05
6.656000e-01 7.606126e-05
6.658000e-01 7.630842e-05
6.660000e-01 7.655557e-05
6.662000e-01 7.680273e-05
6.664000e-01 7.704989e-05
6.666000e-01 7.729705e-05
6.668000e-01 7.754421e-05
6.670000e-01 7.779136e-05
6.672000e-01 7.803852e-05
6.674000e-01 7.828568e-05
6.676000e-01 7.853284e-05
6.678000e-01 7.878000e-05
6.680000e-01 7.902715e-05
6.682000e-01 7.927431e-05
6.684000e-01 7.952147e-05
6.686000e-01 7.976863e-05
6.688000e-01 8.001579e-05
6.690000e-01 8.026294e-05
6.692000e-01 8.051010e-05
6.694000e-01 8.075726e-05
6.696000e-01 8.100442e-05
6.698000e-01 8.125158e-05
6.700000e-01 8.149873e-05
6.702000e-01 8.174589e-05
6.704000e-01 8.199305e-05
6.706000e-01 8.224021e-05
6.708000e-01 8.248737e-05
6.710000e-01 8.273452e-05
6.712000e-01 8.298168e-05
6.714000e-01 8.322884e-05
6.716000e-01 8.347600e-05
6.718000e-01 8.372316e-05
6.720000e-01 8.397031e-05
6.722000e-01 8.421747e-05
6.724000e-01 8.446463e-05
6.726000e-01 8.471179e-05
6.728000e-01 8.495895e-05
6.730000e-01 8.520610e-05
6.732000e-01 8.545326e-05
6.734000e-01 8.570042e-05
6.736000e-01 8.594758e-05
6.738000e-01 8.619474e-05
6.740000e-01 8.644189e-05
6.742000e-01 8.668905e-05
6.744000e-01 8.693621e-05
6.746000e-01 8.718337e-05
6.748000e-01 8.743053e-05
6.750000e-01 8.767768e-05
6.752000e-01 8.792484e-05
6.754000e-01 8.817200e-05
6.756000e-01 8.841916e-05
6.758000e-01 8.866632e-05
6.760000e-01 8.891347e-05
6.762000e-01 8.916063e-05
6.764000e-01 8.940779e-05
6.766000e-01 8.965495e-05
6.768000e-01 8.990210e-05
6.770000e-01 9.014926e-05
6.772000e-01 9.039642e-05
6.774000e-01 9.064358e-05
6.776000e-01 9.089074e-05
6.778000e-01 9.113789e-05
6.780000e-01 9.138505e-05
6.782000e-01 9.163221e-05
6.784000e-01 9.187937e-05
6.786000e-01 9.212653e-05
6.788000e-01 9.237368e-05
6.790000e-01 9.262084e-05
6.792000e-01 9.286800e-05
6.794000e-01 9.311516e-05
6.796000e-01 9.336232e-05
6.798000e-01 9.360947e-05
6.800000e-01 9.385663e-05
6.802000e-01 9.410379e-05
6.804000e-01 9.435095e-05
6.806000e-01 9.459811e-05
6.808000e-01 9.484526e-05
6.810000e-01 9.509242e-05
6.812000e-01 9.533958e-05
6.814000e-01 9.558674e-05
6.816000e-01 9.583390e-05
6.818000e-01 9.608105e-05
6.820000e-01 9.632821e-05
6.822000e-01 9.657537e-05
6.824000e-01 9.682253e-05
6.826000e-01 9.706969e-05
6.828000e-01 9.731684e-05
6.830000e-01 9.756400e-05
6.832000e-01 9.781116e-05
6.834000e-01 9.805832e-05
6.836000e-01 9.830548e-05
6.838000e-01 9.855263e-05
6.840000e-01 9.879979e-05
6.842000e-01 9.904695e-05
6.844000e-01 9.929411e-05
6.846000e-01 9.954127e-05
6.848000e-01 9.978842e-05
6.850000e-01 1.000356e-04
6.852000e-01 1.002827e-04
6.854000e-01 1.005299e-04
6.856000e-01 1.007771e-04
6.858000e-01 1.010242e-04
6.860000e-01 1.012714e-04
6.862000e-01 1.015185e-04
6.864000e-01 1.017657e-04
6.866000e-01 1.020128e-04
6.868000e-01 1.022600e-04
6.870000e-01 1.025072e-04
6.872000e-01 1.027543e-04
6.874000e-01 1.030015e-04
6.876000e-01 1.032486e-04
6.878000e-01 1.034958e-04
6.880000e-01 1.037430e-04
6.882000e-01 1.039901e-04
6.884000e-01 1.042373e-04
6.886000e-01 1.044844e-04
6.888000e-01 1.047316e-04
6.890000e-01 1.049787e-04
6.892000e-01 1.052259e-04
6.894000e-01 1.054731e-04
6.896000e-01 1.057202e-04
6.898000e-01 1.059674e-04
6.900000e-01 1.062145e-04
6.902000e-01 1.064617e-04
6.904000e-01 1.067088e-04
6.906000e-01 1.069560e-04
6.908000e-01 1.072032e-04
6.910000e-01 1.074503e-04
6.912000e-01 1.076975e-04
6.914000e-01 1.079446e-04
6.916000e-01 1.081918e-04
6.918000e-01 1.084390e-04
6.920000e-01 1.086861e-04
6.922000e-01 1.089333e-04
6.924000e-01 1.091804e-04
6.926000e-01 1.094276e-04
6.928000e-01 1.096747e-04
6.930000e-01 1.099219e-04
6.932000e-01 1.101691e-04
6.934000e-01 1.104162e-04
6.936000e-01 1.106635e-04
6.938000e-01 1.109109e-04
6.940000e-01 1.111589e-04
6.942000e-01 1.114078e-04
6.944000e-01 1.116579e-04
6.946000e-01 1.119098e-04
6.948000e-01 1.121641e-04
6.950000e-01 1.124215e-04
6.952000e-01 1.126828e-04
6.954000e-01 1.129488e-04
6.956000e-01 1.132205e-04
6.958000e-01 1.134988e-04
6.960000e-01 1.137850e-04
6.962000e-01 1.140803e-04
6.964000e-01 1.143859e-04
6.966000e-01 1.147032e-04
6.968000e-01 1.150337e-04
6.970000e-01 1.153790e-04
6.972000e-01 1.157407e-04
6.974000e-01 1.161205e-04
6.976000e-01 1.165203e-04
6.978000e-01 1.169419e-04
6.980000e-01 1.173874e-04
6.982000e-01 1.178587e-04
6.984000e-01 1.183582e-04
6.986000e-01 1.188880e-04
6.988000e-01 1.194505e-04
6.990000e-01 1.200481e-04
6.992000e-01 1.206833e-04
6.994000e-01 1.213588e-04
6.996000e-01 1.220771e-04
6.998000e-01 1.228410e-04
7.000000e-01 1.236533e-04
7.002000e-01 1.245167e-04
7.004000e-01 1.254335e-04
7.006000e-01 1.264061e-04
7.008000e-01 1.274365e-04
7.010000e-01 1.285265e-04
7.012000e-01 1.296779e-04
7.014000e-01 1.308921e-04
7.016000e-01 1.321704e-04
7.018000e-01 1.335140e-04
7.020000e-01 1.349238e-04
7.022000e-01 1.364005e-04
7.024000e-01 1.379446e-04
7.026000e-01 1.395566e-04
7.028000e-01 1.412365e-04
7.030000e-01 1.429843e-04
7.032000e-01 1.447999e-04
7.034000e-01 1.466827e-04
7.036000e-01 1.486323e-04
7.038000e-01 1.506479e-04
7.040000e-01 1.527284e-04
7.042000e-01 1.548727e-04
7.044000e-01 1.570794e-04
7.046000e-01 1.593471e-04
7.048000e-01 1.616739e-04
7.050000e-01 1.640580e-04
7.052000e-01 1.664972e-04
7.054000e-01 1.689893e-04
7.056000e-01 1.715319e-04
7.058000e-01 1.741225e-04
7.060000e-01 1.767584e-04
7.062000e-01 1.794371e-04
7.064000e-01 1.821556e-04
7.066000e-01 1.849112e-04
7.068000e-01 1.877012e-04
7.070000e-01 1.905229e-04
7.072000e-01 1.933742e-04
7.074000e-01 1.962528e-04
7.076000e-01 1.991567e-04
7.078000e-01 2.020842e-04
7.080000e-01 2.050336e-04
7.082000e-01 2.080035e-04
7.084000e-01 2.109926e-04
7.086000e-01 2.139999e-04
7.088000e-01 2.170244e-04
7.090000e-01 2.200654e-04
7.092000e-01 2.231224e-04
7.094000e-01 2.261950e-04
7.096000e-01 2.292830e-04
7.098000e-01 2.323864e-04
7.100000e-01 2.355054e-04
7.102000e-01 2.386404e-04
7.104000e-01 2.417918e-04
7.106000e-01 2.449604e-04
7.108000e-01 2.481470e-04
7.110000e-01 2.513528e-04
7.112000e-01 2.545790e-04
7.114000e-01 2.578274e-04
7.116000e-01 2.610999e-04
7.118000e-01 2.643989e-04
7.120000e-01 2.677270e-04
7.122000e-01 2.710871e-04
7.124000e-01 2.744820e-04
7.126000e-01 2.779148e-04
7.128000e-01 2.813889e-04
7.130000e-01 2.849076e-04
7.132000e-01 2.884743e-04
7.134000e-01 2.920927e-04
7.136000e-01 2.957663e-04
7.138000e-01 2.994989e-04
7.140000e-01 3.032940e-04
7.142000e-01 3.071554e-04
7.144000e-01 3.110869e-04
7.146000e-01 3.150923e-04
7.148000e-01 3.191754e-04
7.150000e-01 3.233403e-04
7.152000e-01 3.275908e-04
7.154000e-01 3.319309e-04
7.156000e-01 3.363648e-04
7.158000e-01 3.408964e-04
7.160000e-01 3.455299e-04
7.162000e-01 3.502695e-04
7.164000e-01 3.551194e-04
7.166000e-01 3.600839e-04
7.168000e-01 3.651672e-04
7.170000e-01 3.703738e-04
7.172000e-01 3.757081e-04
7.174000e-01 3.811744e-04
7.176000e-01 3.867774e-04
7.178000e-01 3.925214e-04
7.180000e-01 3.984103e-04
7.182000e-01 4.044476e-04
7.184000e-01 4.106360e-04
7.186000e-01 4.169783e-04
7.188000e-01 4.234767e-04
7.190000e-01 4.301331e-04
7.192000e-01 4.369493e-04
7.194000e-01 4.439266e-04
7.196000e-01 4.510660e-04
7.198000e-01 4.583685e-04
7.200000e-01 4.658344e-04
7.202000e-01 4.734641e-04
7.204000e-01 4.812573e-04
7.206000e-01 4.892138e-04
7.208000e-01 4.973328e-04
7.210000e-01 5.056134e-04
7.212000e-01 5.140544e-04
7.214000e-01 5.226542e-04
7.216000e-01 5.314109e-04
7.218000e-01 5.403225e-04
7.220000e-01 5.493864e-04
7.222000e-01 5.586001e-04
7.224000e-01 5.679604e-04
7.226000e-01 5.774641e-04
7.228000e-01 5.871076e-04
7.230000e-01 5.968870e-04
7.232000e-01 6.067983e-04
7.234000e-01 6.168371e-04
7.236000e-01 6.269989e-04
7.238000e-01 6.372790e-04
7.240000e-01 6.476723e-04
7.242000e-01 6.581736e-04
7.244000e-01 6.687776e-04
7.246000e-01 6.794791e-04
7.248000e-01 6.902735e-04
7.250000e-01 7.011564e-04
7.252000e-01 7.121235e-04
7.254000e-01 7.231708e-04
7.256000e-01 7.342947e-04
7.258000e-01 7.454916e-04
7.260000e-01 7.567583e-04
7.262000e-01 7.680918e-04
7.264000e-01 7.794891e-04
7.266000e-01 7.909479e-04
7.268000e-01 8.024657e-04
7.270000e-01 8.140404e-04
7.272000e-01 8.256703e-04
7.274000e-01 8.373536e-04
7.276000e-01 8.490890e-04
7.278000e-01 8.608753e-04
7.280000e-01 8.727117e-04
7.282000e-01 8.845973e-04
7.284000e-01 8.965319e-04
7.286000e-01 9.085150e-04
7.288000e-01 9.205468e-04
7.290000e-01 9.326276e-04
7.292000e-01 9.447577e-04
7.294000e-01 9.569380e-04
7.296000e-01 9.691693e-04
7.298000e-01 9.814527e-04
7.300000e-01 9.937890e-04
7.302000e-01 1.006179e-03
7.304000e-01 1.018624e-03
7.306000e-01 1.031126e-03
7.308000e-01 1.043684e-03
7.310000e-01 1.056301e-03
7.312000e-01 1.068977e-03
7.314000e-01 1.081713e-03
7.316000e-01 1.094510e-03
7.318000e-01 1.107368e-03
7.320000e-01 1.120288e-03
7.322000e-01 1.133271e-03
7.324000e-01 1.146316e-03
7.326000e-01 1.159424e-03
7.328000e-01 1.172595e-03
7.330000e-01 1.185827e-03
7.332000e-01 1.199122e-03
7.334000e-01 1.212479e-03
7.336000e-01 1.225896e-03
7.338000e-01 1.239374e-03
7.340000e-01 1.252911e-03
7.342000e-01 1.266508e-03
7.344000e-01 1.280161e-03
7.346000e-01 1.293871e-03
7.348000e-01 1.307637e-03
7.350000e-01 1.321457e-03
7.352000e-01 1.335331e-03
7.354000e-01 1.349260e-03
7.356000e-01 1.363244e-03
7.358000e-01 1.377282e-03
7.360000e-01 1.391376e-03
7.362000e-01 1.405527e-03
7.364000e-01 1.419737e-03
7.366000e-01 1.434007e-03
7.368000e-01 1.448340e-03
7.370000e-01 1.462739e-03
7.372000e-01 1.477207e-03
7.374000e-01 1.491749e-03
7.376000e-01 1.506369e-03
7.378000e-01 1.521072e-03
7.380000e-01 1.535863e-03
7.382000e-01 1.550749e-03
7.384000e-01 1.565735e-03
7.386000e-01 1.580828e-03
7.388000e-01 1.596036e-03
7.390000e-01 1.611366e-03
7.392000e-01 1.626828e-03
7.394000e-01 1.642428e-03
7.396000e-01 1.658178e-03
7.398000e-01 1.674086e-03
7.400000e-01 1.690162e-03
7.402000e-01 1.706418e-03
7.404000e-01 1.722865e-03
7.406000e-01 1.739513e-03
7.408000e-01 1.756376e-03
7.410000e-01 1.773465e-03
7.412000e-01 1.790795e-03
7.414000e-01 1.808378e-03
7.416000e-01 1.826225e-03
7.418000e-01 1.844348e-03
7.420000e-01 1.862757e-03
7.422000e-01 1.881462e-03
7.424000e-01 1.900472e-03
7.426000e-01 1.919795e-03
7.428000e-01 1.939438e-03
7.430000e-01 1.959409e-03
7.432000e-01 1.979714e-03
7.434000e-01 2.000358e-03
7.436000e-01 2.021345e-03
7.438000e-01 2.042679e-03
7.440000e-01 2.064363e-03
7.442000e-01 2.086400e-03
7.444000e-01 2.108790e-03
7.446000e-01 2.131534e-03
7.448000e-01 2.154633e-03
7.450000e-01 2.178085e-03
7.452000e-01 2.201889e-03
7.454000e-01 2.226042e-03
7.456000e-01 2.250541e-03
7.458000e-01 2.275383e-03
7.460000e-01 2.300561e-03
7.462000e-01 2.326072e-03
7.464000e-01 2.351908e-03
7.466000e-01 2.378062e-03
7.468000e-01 2.404528e-03
7.470000e-01 2.431297e-03
7.472000e-01 2.458361e-03
7.474000e-01 2.485710e-03
7.476000e-01 2.513334e-03
7.478000e-01 2.541221e-03
7.480000e-01 2.569363e-03
7.482000e-01 2.597748e-03
7.484000e-01 2.626367e-03
7.486000e-01 2.655211e-03
7.488000e-01 2.684272e-03
7.490000e-01 2.713543e-03
7.492000e-01 2.743014e-03
7.494000e-01 2.772680e-03
7.496000e-01 2.802534e-03
7.498000e-01 2.832571e-03
7.500000e-01 2.862784e-03
7.502000e-01 2.893168e-03
7.504000e-01 2.923720e-03
7.506000e-01 2.954435e-03
7.508000e-01 2.985310e-03
7.510000e-01 3.016342e-03
7.512000e-01 3.047528e-03
7.514000e-01 3.078867e-03
7.516000e-01 3.110356e-03
7.518000e-01 3.141995e-03
7.520000e-01 3.173784e-03
7.522000e-01 3.205722e-03
7.524000e-01 3.237811e-03
7.526000e-01 3.270050e-03
7.528000e-01 3.302444e-03
7.530000e-01 3.334994e-03
7.532000e-01 3.367704e-03
7.534000e-01 3.400577e-03
7.536000e-01 3.433617e-03
7.538000e-01 3.466828e-03
7.540000e-01 3.500214e-03
7.542000e-01 3.533780e-03
7.544000e-01 3.567530e-03
7.546000e-01 3.601471e-03
7.548000e-01 3.635606e-03
7.550000e-01 3.669941e-03
7.552000e-01 3.704480e-03
7.554000e-01 3.739229e-03
7.556000e-01 3.774191e-03
7.558000e-01 3.809373e-03
7.560000e-01 3.844778e-03
7.562000e-01 3.880412e-03
7.564000e-01 3.916278e-03
7.566000e-01 3.952382e-03
7.568000e-01 3.988728e-03
7.570000e-01 4.025320e-03
7.572000e-01 4.062163e-03
7.574000e-01 4.099262e-03
7.576000e-01 4.136620e-03
7.578000e-01 4.174242e-03
7.580000e-01 4.212132e-03
7.582000e-01 4.250295e-03
7.584000e-01 4.288734e-03
7.586000e-01 4.327455e-03
7.588000e-01 4.366462e-03
7.590000e-01 4.405760e-03
7.592000e-01 4.445352e-03
7.594000e-01 4.485242e-03
7.596000e-01 4.525433e-03
7.598000e-01 4.565925e-03
7.600000e-01 4.606723e-03
7.602000e-01 4.647827e-03
7.604000e-01 4.689241e-03
7.606000e-01 4.730965e-03
7.608000e-01 4.773001e-03
7.610000e-01 4.815351e-03
7.612000e-01 4.858017e-03
7.614000e-01 4.900998e-03
7.616000e-01 4.944297e-03
7.618000e-01 4.987913e-03
7.620000e-01 5.031849e-03
7.622000e-01 5.076103e-03
7.624000e-01 5.120677e-03
7.626000e-01 5.165571e-03
7.628000e-01 5.210784e-03
7.630000e-01 5.256316e-03
7.632000e-01 5.302168e-03
7.634000e-01 5.348338e-03
7.636000e-01 5.472720e-03
7.638000e-01 5.542927e-03
7.640000e-01 5.612068e-03
7.642000e-01 5.680177e-03
7.644000e-01 5.747286e-03
7.646000e-01 5.813428e-03
7.648000e-01 5.878632e-03
7.650000e-01 5.942931e-03
7.652000e-01 6.006355e-03
7.654000e-01 6.068936e-03
7.656000e-01 6.130701e-03
7.658000e-01 6.191682e-03
7.660000e-01 6.251907e-03
7.662000e-01 6.311406e-03
7.664000e-01 6.370205e-03
7.666000e-01 6.428335e-03
7.668000e-01 6.485821e-03
7.670000e-01 6.542691e-03
7.672000e-01 6.598973e-03
7.674000e-01 6.654692e-03
7.676000e-01 6.709875e-03
7.678000e-01 6.764547e-03
7.680000e-01 6.818734e-03
7.682000e-01 6.872461e-03
7.684000e-01 6.925752e-03
7.686000e-01 6.978632e-03
7.688000e-01 7.031125e-03
7.690000e-01 7.083254e-03
7.692000e-01 7.135043e-03
7.694000e-01 7.186514e-03
7.696000e-01 7.237690e-03
7.698000e-01 7.288594e-03
7.700000e-01 7.339246e-03
7.702000e-01 7.389670e-03
7.704000e-01 7.439886e-03
7.706000e-01 7.489914e-03
7.708000e-01 7.539776e-03
7.710000e-01 7.589492e-03
7.712000e-01 7.639082e-03
7.714000e-01 7.688565e-03
7.716000e-01 7.737961e-03
7.718000e-01 7.787288e-03
7.720000e-01 7.836566e-03
7.722000e-01 7.885813e-03
7.724000e-01 7.935047e-03
7.726000e-01 7.984286e-03
7.728000e-01 8.033547e-03
7.730000e-01 8.082847e-03
7.732000e-01 8.132204e-03
7.734000e-01 8.181634e-03
7.736000e-01 8.231153e-03
7.738000e-01 8.280778e-03
7.740000e-01 8.330524e-03
7.742000e-01 8.380408e-03
7.744000e-01 8.430443e-03
7.746000e-01 8.480645e-03
7.748000e-01 8.531029e-03
7.750000e-01 8.581609e-03
7.752000e-01 8.632400e-03
7.754000e-01 8.683415e-03
7.756000e-01 8.734668e-03
7.758000e-01 8.786172e-03
7.760000e-01 8.837941e-03
7.762000e-01 8.889987e-03
7.764000e-01 8.942324e-03
7.766000e-01 8.994963e-03
7.768000e-01 9.047916e-03
7.770000e-01 9.101196e-03
7.772000e-01 9.154815e-03
7.774000e-01 9.208783e-03
7.776000e-01 9.263112e-03
7.778000e-01 9.317813e-03
7.780000e-01 9.372896e-03
7.782000e-01 9.428373e-03
7.784000e-01 9.484253e-03
7.786000e-01 9.540547e-03
7.788000e-01 9.597265e-03
7.790000e-01 9.654415e-03
7.792000e-01 9.712008e-03
7.794000e-01 9.770053e-03
7.796000e-01 9.828559e-03
7.798000e-01 9.887534e-03
7.800000e-01 9.946988e-03
7.802000e-01 1.000693e-02
7.804000e-01 1.006736e-02
7.806000e-01 1.012830e-02
7.808000e-01 1.018975e-02
7.810000e-01 1.025172e-02
7.812000e-01 1.031421e-02
7.814000e-01 1.037724e-02
7.816000e-01 1.044081e-02
7.818000e-01 1.050492e-02
7.820000e-01 1.056959e-02
7.822000e-01 1.063481e-02
7.824000e-01 1.070061e-02
7.826000e-01 1.076698e-02
7.828000e-01 1.083392e-02
7.830000e-01 1.090145e-02
7.832000e-01 1.096957e-02
7.834000e-01 1.103829e-02
7.836000e-01 1.110761e-02
7.838000e-01 1.117753e-02
7.840000e-01 1.124807e-02
7.842000e-01 1.131922e-02
7.844000e-01 1.139100e-02
7.846000e-01 1.146340e-02
7.848000e-01 1.153642e-02
7.850000e-01 1.161009e-02
7.852000e-01 1.168439e-02
7.854000e-01 1.175934e-02
7.856000e-01 1.183493e-02
7.858000e-01 1.191117e-02
7.860000e-01 1.198806e-02
7.862000e-01 1.206561e-02
7.864000e-01 1.214383e-02
7.866000e-01 1.222270e-02
7.868000e-01 1.230224e-02
7.870000e-01 1.238246e-02
7.872000e-01 1.246334e-02
7.874000e-01 1.254490e-02
7.876000e-01 1.262714e-02
7.878000e-01 1.271005e-02
7.880000e-01 1.279365e-02
7.882000e-01 1.287794e-02
7.884000e-01 1.296291e-02
7.886000e-01 1.304857e-02
7.888000e-01 1.313492e-02
7.890000e-01 1.322196e-02
7.892000e-01 1.330970e-02
7.894000e-01 1.339813e-02
7.896000e-01 1.348726e-02
7.898000e-01 1.357708e-02
7.900000e-01 1.366761e-02
7.902000e-01 1.375884e-02
7.904000e-01 1.385077e-02
7.906000e-01 1.394340e-02
7.908000e-01 1.403674e-02
7.910000e-01 1.413078e-02
7.912000e-01 1.422553e-02
7.914000e-01 1.432098e-02
7.916000e-01 1.441714e-02
7.918000e-01 1.451401e-02
7.920000e-01 1.461158e-02
7.922000e-01 1.470986e-02
7.924000e-01 1.480886e-02
7.926000e-01 1.490856e-02
7.928000e-01 1.500896e-02
7.930000e-01 1.511008e-02
7.932000e-01 1.521191e-02
7.934000e-01 1.531444e-02
7.936000e-01 1.541768e-02
7.938000e-01 1.552164e-02
7.940000e-01 1.562629e-02
7.942000e-01 1.573166e-02
7.944000e-01 1.583774e-02
7.946000e-01 1.594452e-02
7.948000e-01 1.605201e-02
7.950000e-01 1.616020e-02
7.952000e-01 1.626910e-02
7.954000e-01 1.637870e-02
7.956000e-01 1.648901e-02
7.958000e-01 1.660002e-02
7.960000e-01 1.671174e-02
7.962000e-01 1.682415e-02
7.964000e-01 1.693727e-02
7.966000e-01 1.705109e-02
7.968000e-01 1.716560e-02
7.970000e-01 1.728082e-02
7.972000e-01 1.739673e-02
7.974000e-01 1.751334e-02
7.976000e-01 1.763064e-02
7.978000e-01 1.774864e-02
7.980000e-01 1.786733e-02
7.982000e-01 1.798671e-02
7.984000e-01 1.810678e-02
7.986000e-01 1.822755e-02
7.988000e-01 1.834900e-02
7.990000e-01 1.847114e-02
7.992000e-01 1.859396e-02
7.994000e-01 1.871747e-02
7.996000e-01 1.884167e-02
7.998000e-01 1.896654e-02
8.000000e-01 1.909210e-02
8.002000e-01 1.921833e-02
8.004000e-01 1.934525e-02
8.006000e-01 1.947284e-02
8.008000e-01 1.960111e-02
8.010000e-01 1.973005e-02
8.012000e-01 1.985966e-02
8.014000e-01 1.998995e-02
8.016000e-01 2.012090e-02
8.018000e-01 2.025253e-02
8.020000e-01 2.038482e-02
8.022000e-01 2.051778e-02
8.024000e-01 2.065141e-02
8.026000e-01 2.078570e-02
8.028000e-01 2.092065e-02
8.030000e-01 2.105626e-02
8.032000e-01 2.119254e-02
8.034000e-01 2.132947e-02
8.036000e-01 2.146705e-02
8.038000e-01 2.160530e-02
8.040000e-01 2.174420e-02
8.042000e-01 2.188375e-02
8.044000e-01 2.202396e-02
8.046000e-01 2.216481e-02
8.048000e-01 2.230632e-02
8.050000e-01 2.244848e-02
8.052000e-01 2.259128e-02
8.054000e-01 2.273473e-02
8.056000e-01 2.287883e-02
8.058000e-01 2.302357e-02
8.060000e-01 2.316895e-02
8.062000e-01 2.331498e-02
8.064000e-01 2.346165e-02
8.066000e-01 2.360895e-02
8.068000e-01 2.375690e-02
8.070000e-01 2.390549e-02
8.072000e-01 2.405472e-02
8.074000e-01 2.420458e-02
8.076000e-01 2.435508e-02
8.078000e-01 2.450621e-02
8.080000e-01 2.465798e-02
8.082000e-01 2.481039e-02
8.084000e-01 2.496342e-02
8.086000e-01 2.511709e-02
8.088000e-01 2.527140e-02
8.090000e-01 2.542633e-02
8.092000e-01 2.558190e-02
8.094000e-01 2.573810e-02
8.096000e-01 2.589493e-02
8.098000e-01 2.605239e-02
8.100000e-01 2.621048e-02
8.102000e-01 2.636920e-02
8.104000e-01 2.652855e-02
8.106000e-01 2.668853e-02
8.108000e-01 2.684914e-02
8.110000e-01 2.701038e-02
8.112000e-01 2.717225e-02
8.114000e-01 2.733475e-02
8.116000e-01 2.749788e-02
8.118000e-01 2.766165e-02
8.120000e-01 2.782604e-02
8.122000e-01 2.799106e-02
8.124000e-01 2.815671e-02
8.126000e-01 2.832300e-02
8.128000e-01 2.848992e-02
8.130000e-01 2.865747e-02
8.132000e-01 2.882565e-02
8.134000e-01 2.899447e-02
8.136000e-01 2.916392e-02
8.138000e-01 2.933401e-02
8.140000e-01 2.950474e-02
8.142000e-01 2.967610e-02
8.144000e-01 2.984810e-02
8.146000e-01 3.002074e-02
8.148000e-01 3.019402e-02
8.150000e-01 3.036795e-02
8.152000e-01 3.054252e-02
8.154000e-01 3.071773e-02
8.156000e-01 3.089359e-02
8.158000e-01 3.107009e-02
8.160000e-01 3.124725e-02
8.162000e-01 3.142506e-02
8.164000e-01 3.160352e-02
8.166000e-01 3.178263e-02
8.168000e-01 3.196240e-02
8.170000e-01 3.214283e-02
8.172000e-01 3.232392e-02
8.174000e-01 3.250567e-02
8.176000e-01 3.268809e-02
8.178000e-01 3.287117e-02
8.180000e-01 3.305492e-02
8.182000e-01 3.323935e-02
8.184000e-01 3.342445e-02
8.186000e-01 3.361022e-02
8.188000e-01 3.379668e-02
8.190000e-01 3.398382e-02
8.192000e-01 3.417164e-02
8.194000e-01 3.436015e-02
8.196000e-01 3.454935e-02
8.198000e-01 3.473925e-02
8.200000e-01 3.492984e-02
8.202000e-01 3.512113e-02
8.204000e-01 3.531313e-02
8.206000e-01 3.550583e-02
8.208000e-01 3.569925e-02
8.210000e-01 3.589338e-02
8.212000e-01 3.608823e-02
8.214000e-01 3.628380e-02
8.216000e-01 3.648009e-02
8.218000e-01 3.667712e-02
8.220000e-01 3.687488e-02
8.222000e-01 3.707338e-02
8.224000e-01 3.727262e-02
8.226000e-01 3.747260e-02
8.228000e-01 3.767334e-02
8.230000e-01 3.787483e-02
8.232000e-01 3.807708e-02
8.234000e-01 3.828010e-02
8.236000e-01 3.848388e-02
8.238000e-01 3.868844e-02
8.240000e-01 3.889378e-02
8.242000e-01 3.909991e-02
8.244000e-01 3.930682e-02
8.246000e-01 3.951453e-02
8.248000e-01 3.972303e-02
8.250000e-01 3.993235e-02
8.252000e-01 4.014247e-02
8.254000e-01 4.035341e-02
8.256000e-01 4.056517e-02
8.258000e-01 4.077776e-02
8.260000e-01 4.099119e-02
8.262000e-01 4.120545e-02
8.264000e-01 4.142056e-02
8.266000e-01 4.163652e-02
8.268000e-01 4.185334e-02
8.270000e-01 4.207103e-02
8.272000e-01 4.228959e-02
8.274000e-01 4.250902e-02
8.276000e-01 4.272934e-02
8.278000e-01 4.295055e-02
8.280000e-01 4.317266e-02
8.282000e-01 4.339567e-02
8.284000e-01 4.361960e-02
8.286000e-01 4.384444e-02
8.288000e-01 4.407021e-02
8.290000e-01 4.429692e-02
8.292000e-01 4.452457e-02
8.294000e-01 4.475316e-02
8.296000e-01 4.498271e-02
8.298000e-01 4.521323e-02
8.300000e-01 4.544472e-02
8.302000e-01 4.567719e-02
8.304000e-01 4.591064e-02
8.306000e-01 4.614509e-02
8.308000e-01 4.638055e-02
8.310000e-01 4.661702e-02
8.312000e-01 4.685451e-02
8.314000e-01 4.709303e-02
8.316000e-01 4.733259e-02
8.318000e-01 4.757319e-02
8.320000e-01 4.781486e-02
8.322000e-01 4.805758e-02
8.324000e-01 4.830138e-02
8.326000e-01 4.854626e-02
8.328000e-01 4.879224e-02
8.330000e-01 4.903931e-02
8.332000e-01 4.928750e-02
8.334000e-01 4.953680e-02
8.336000e-01 4.978724e-02
8.338000e-01 5.003881e-02
8.340000e-01 5.029154e-02
8.342000e-01 5.054542e-02
8.344000e-01 5.080047e-02
8.346000e-01 5.105670e-02
8.348000e-01 5.131413e-02
8.350000e-01 5.157275e-02
8.352000e-01 5.183257e-02
8.354000e-01 5.209362e-02
8.356000e-01 5.235591e-02
8.358000e-01 5.261943e-02
8.360000e-01 5.288420e-02
8.362000e-01 5.315024e-02
8.364000e-01 5.341755e-02
8.366000e-01 5.368615e-02
8.368000e-01 5.395604e-02
8.370000e-01 5.422724e-02
8.372000e-01 5.449975e-02
8.374000e-01 5.477360e-02
8.376000e-01 5.504879e-02
8.378000e-01 5.532533e-02
8.380000e-01 5.560324e-02
8.382000e-01 5.588252e-02
8.384000e-01 5.616319e-02
8.386000e-01 5.644526e-02
8.388000e-01 5.672874e-02
8.390000e-01 5.701365e-02
8.392000e-01 5.729999e-02
8.394000e-01 5.758779e-02
8.396000e-01 5.787704e-02
8.398000e-01 5.816776e-02
8.400000e-01 5.845998e-02
8.402000e-01 5.875369e-02
8.404000e-01 5.904891e-02
8.406000e-01 5.934565e-02
8.408000e-01 5.964394e-02
8.410000e-01 5.994377e-02
8.412000e-01 6.024517e-02
8.414000e-01 6.054814e-02
8.416000e-01 6.085270e-02
8.418000e-01 6.115886e-02
8.420000e-01 6.146664e-02
8.422000e-01 6.177605e-02
8.424000e-01 6.208710e-02
8.426000e-01 6.239981e-02
8.428000e-01 6.271419e-02
8.430000e-01 6.303025e-02
8.432000e-01 6.334802e-02
8.434000e-01 6.366749e-02
8.436000e-01 6.398869e-02
8.438000e-01 6.431163e-02
8.440000e-01 6.463632e-02
8.442000e-01 6.496278e-02
8.444000e-01 6.529103e-02
8.446000e-01 6.562107e-02
8.448000e-01 6.595292e-02
8.450000e-01 6.628660e-02
8.452000e-01 6.662212e-02
8.454000e-01 6.695950e-02
8.456000e-01 6.729875e-02
8.458000e-01 6.763988e-02
8.460000e-01 6.798291e-02
8.462000e-01 6.832786e-02
8.464000e-01 6.867473e-02
8.466000e-01 6.902355e-02
8.468000e-01 6.937434e-02
8.470000e-01 6.972709e-02
8.472000e-01 7.008184e-02
8.474000e-01 7.043859e-02
8.476000e-01 7.079737e-02
8.478000e-01 7.115818e-02
8.480000e-01 7.152105e-02
8.482000e-01 7.188598e-02
8.484000e-01 7.225300e-02
8.486000e-01 7.262211e-02
8.488000e-01 7.299335e-02
8.490000e-01 7.336671e-02
8.492000e-01 7.374222e-02
8.494000e-01 7.411989e-02
8.496000e-01 7.449975e-02
8.498000e-01 7.488179e-02
8.500000e-01 7.526605e-02
8.502000e-01 7.565254e-02
8.504000e-01 7.604127e-02
8.506000e-01 7.643226e-02
8.508000e-01 7.682552e-02
8.510000e-01 7.722108e-02
8.512000e-01 7.761895e-02
8.514000e-01 7.801914e-02
8.516000e-01 7.842167e-02
8.518000e-01 7.882657e-02
8.520000e-01 7.923384e-02
8.522000e-01 7.964349e-02
8.524000e-01 8.005556e-02
8.526000e-01 8.047006e-02
8.528000e-01 8.088699e-02
8.530000e-01 8.130638e-02
8.532000e-01 8.172825e-02
8.534000e-01 8.215261e-02
8.536000e-01 8.257948e-02
8.538000e-01 8.300888e-02
8.540000e-01 8.344082e-02
8.542000e-01 8.387532e-02
8.544000e-01 8.431239e-02
8.546000e-01 8.475207e-02
8.548000e-01 8.519435e-02
8.550000e-01 8.563926e-02
8.552000e-01 8.608681e-02
8.554000e-01 8.653703e-02
8.556000e-01 8.698993e-02
8.558000e-01 8.744552e-02
8.560000e-01 8.790383e-02
8.562000e-01 8.836487e-02
8.564000e-01 8.882866e-02
8.566000e-01 8.929522e-02
8.568000e-01 8.976456e-02
8.570000e-01 9.023669e-02
8.572000e-01 9.071165e-02
8.574000e-01 9.118944e-02
8.576000e-01 9.167009e-02
8.578000e-01 9.215360e-02
8.580000e-01 9.264000e-02
8.582000e-01 9.312931e-02
8.584000e-01 9.362154e-02
8.586000e-01 9.411671e-02
8.588000e-01 9.461483e-02
8.590000e-01 9.511593e-02
8.592000e-01 9.562002e-02
8.594000e-01 9.612712e-02
8.596000e-01 9.663725e-02
8.598000e-01 9.715042e-02
8.600000e-01 9.766665e-02
8.602000e-01 9.818596e-02
8.604000e-01 9.870836e-02
8.606000e-01 9.923388e-02
8.608000e-01 9.976253e-02
8.610000e-01 1.002943e-01
8.612000e-01 1.008293e-01
8.614000e-01 1.013674e-01
8.616000e-01 1.019088e-01
8.618000e-01 1.024533e-01
8.620000e-01 1.030011e-01
8.622000e-01 1.035522e-01
8.624000e-01 1.041065e-01
8.626000e-01 1.046641e-01
8.628000e-01 1.052250e-01
8.630000e-01 1.057892e-01
8.632000e-01 1.063568e-01
8.634000e-01 1.069277e-01
8.636000e-01 1.075020e-01
8.638000e-01 1.080797e-01
8.640000e-01 1.086607e-01
8.642000e-01 1.092452e-01
8.644000e-01 1.098332e-01
8.646000e-01 1.104246e-01
8.648000e-01 1.110194e-01
8.650000e-01 1.116178e-01
8.652000e-01 1.122197e-01
8.654000e-01 1.128251e-01
8.656000e-01 1.134340e-01
8.658000e-01 1.140465e-01
8.660000e-01 1.146625e-01
8.662000e-01 1.152822e-01
8.664000e-01 1.159054e-01
8.666000e-01 1.165323e-01
8.668000e-01 1.171628e-01
8.670000e-01 1.177970e-01
8.672000e-01 1.184348e-01
8.674000e-01 1.190763e-01
8.676000e-01 1.197216e-01
8.678000e-01 1.203705e-01
8.680000e-01 1.210232e-01
8.682000e-01 1.216796e-01
8.684000e-01 1.223398e-01
8.686000e-01 1.230038e-01
8.688000e-01 1.236716e-01
8.690000e-01 1.243432e-01
8.692000e-01 1.250186e-01
8.694000e-01 1.256978e-01
8.696000e-01 1.263810e-01
8.698000e-01 1.270680e-01
8.700000e-01 1.277588e-01
8.702000e-01 1.284536e-01
8.704000e-01 1.291523e-01
8.706000e-01 1.298550e-01
8.708000e-01 1.305616e-01
8.710000e-01 1.312721e-01
8.712000e-01 1.319867e-01
8.714000e-01 1.327052e-01
8.716000e-01 1.334277e-01
8.718000e-01 1.341543e-01
8.720000e-01 1.348849e-01
8.722000e-01 1.356195e-01
8.724000e-01 1.363583e-01
8.726000e-01 1.371010e-01
8.728000e-01 1.378479e-01
8.730000e-01 1.385989e-01
8.732000e-01 1.393540e-01
8.734000e-01 1.401132e-01
8.736000e-01 1.408766e-01
8.738000e-01 1.416442e-01
8.740000e-01 1.424159e-01
8.742000e-01 1.431918e-01
8.744000e-01 1.439719e-01
8.746000e-01 1.447562e-01
8.748000e-01 1.455447e-01
8.750000e-01 1.463374e-01
8.752000e-01 1.471344e-01
8.754000e-01 1.479357e-01
8.756000e-01 1.487412e-01
8.758000e-01 1.495511e-01
8.760000e-01 1.503652e-01
8.762000e-01 1.511836e-01
8.764000e-01 1.520063e-01
8.766000e-01 1.528334e-01
8.768000e-01 1.536648e-01
8.770000e-01 1.545005e-01
8.772000e-01 1.553406e-01
8.774000e-01 1.561851e-01
8.776000e-01 1.570340e-01
8.778000e-01 1.578872e-01
8.780000e-01 1.587449e-01
8.782000e-01 1.596070e-01
8.784000e-01 1.604734e-01
8.786000e-01 1.613444e-01
8.788000e-01 1.622197e-01
8.790000e-01 1.630995e-01
8.792000e-01 1.639838e-01
8.794000e-01 1.648725e-01
8.796000e-01 1.657657e-01
8.798000e-01 1.666634e-01
8.800000e-01 1.675656e-01
8.802000e-01 1.684723e-01
8.804000e-01 1.693835e-01
8.806000e-01 1.702992e-01
8.808000e-01 1.712194e-01
8.810000e-01 1.721442e-01
8.812000e-01 1.730735e-01
8.814000e-01 1.740074e-01
8.816000e-01 1.749458e-01
8.818000e-01 1.758887e-01
8.820000e-01 1.768362e-01
8.822000e-01 1.777883e-01
8.824000e-01 1.787450e-01
8.826000e-01 1.797062e-01
8.828000e-01 1.806721e-01
8.830000e-01 1.816425e-01
8.832000e-01 1.826175e-01
8.834000e-01 1.835971e-01
8.836000e-01 1.845814e-01
8.838000e-01 1.855702e-01
8.840000e-01 1.865636e-01
8.842000e-01 1.875617e-01
8.844000e-01 1.885644e-01
8.846000e-01 1.895717e-01
8.848000e-01 1.905836e-01
8.850000e-01 1.916002e-01
8.852000e-01 1.926214e-01
8.854000e-01 1.936472e-01
8.856000e-01 1.946777e-01
8.858000e-01 1.957128e-01
8.860000e-01 1.967525e-01
8.862000e-01 1.977969e-01
8.864000e-01 1.988459e-01
8.866000e-01 1.998995e-01
8.868000e-01 2.009578e-01
8.870000e-01 2.020208e-01
8.872000e-01 2.030884e-01
8.874000e-01 2.041606e-01
8.876000e-01 2.052374e-01
8.878000e-01 2.063189e-01
8.880000e-01 2.074051e-01
8.882000e-01 2.084958e-01
8.884000e-01 2.095912e-01
8.886000e-01 2.106912e-01
8.888000e-01 2.117959e-01
8.890000e-01 2.129052e-01
8.892000e-01 2.140191e-01
8.894000e-01 2.151376e-01
8.896000e-01 2.162607e-01
8.898000e-01 2.173885e-01
8.900000e-01 2.185208e-01
8.902000e-01 2.196578e-01
8.904000e-01 2.207993e-01
8.906000e-01 2.219455e-01
8.908000e-01 2.230962e-01
8.910000e-01 2.242515e-01
8.912000e-01 2.254113e-01
8.914000e-01 2.265758e-01
8.916000e-01 2.277233e-01
8.918000e-01 2.288654e-01
8.920000e-01 2.300119e-01
8.922000e-01 2.311629e-01
8.924000e-01 2.323185e-01
8.926000e-01 2.334787e-01
8.928000e-01 2.346437e-01
8.930000e-01 2.358134e-01
8.932000e-01 2.369879e-01
8.934000e-01 2.381672e-01
8.936000e-01 2.393514e-01
8.938000e-01 2.405403e-01
8.940000e-01 2.417341e-01
8.942000e-01 2.429326e-01
8.944000e-01 2.441359e-01
8.946000e-01 2.453439e-01
8.948000e-01 2.465565e-01
8.950000e-01 2.477737e-01
8.952000e-01 2.489953e-01
8.954000e-01 2.502213e-01
8.956000e-01 2.514516e-01
8.958000e-01 2.526859e-01
8.960000e-01 2.539243e-01
8.962000e-01 2.551666e-01
8.964000e-01 2.564125e-01
8.966000e-01 2.576619e-01
8.968000e-01 2.589147e-01
8.970000e-01 2.601706e-01
8.972000e-01 2.614295e-01
8.974000e-01 2.626910e-01
8.976000e-01 2.639550e-01
8.978000e-01 2.652212e-01
8.980000e-01 2.664895e-01
8.982000e-01 2.677594e-01
8.984000e-01 2.690309e-01
8.986000e-01 2.703037e-01
8.988000e-01 2.715776e-01
8.990000e-01 2.728525e-01
8.992000e-01 2.741280e-01
8.994000e-01 2.754041e-01
8.996000e-01 2.766805e-01
8.998000e-01 2.779571e-01
9.000000e-01 2.792337e-01
9.002000e-01 2.805102e-01
9.004000e-01 2.817864e-01
9.006000e-01 2.830622e-01
9.008000e-01 2.843374e-01
9.010000e-01 2.856120e-01
9.012000e-01 2.868857e-01
9.014000e-01 2.881586e-01
9.016000e-01 2.894305e-01
9.018000e-01 2.907012e-01
9.020000e-01 2.919708e-01
9.022000e-01 2.932392e-01
9.024000e-01 2.945061e-01
9.026000e-01 2.957717e-01
9.028000e-01 2.970358e-01
9.030000e-01 2.982984e-01
9.032000e-01 2.995594e-01
9.034000e-01 3.008188e-01
9.036000e-01 3.020764e-01
9.038000e-01 3.033324e-01
9.040000e-01 3.045866e-01
9.042000e-01 3.058390e-01
9.044000e-01 3.070896e-01
9.046000e-01 3.083384e-01
9.048000e-01 3.095853e-01
9.050000e-01 3.108303e-01
9.052000e-01 3.120734e-01
9.054000e-01 3.133145e-01
9.056000e-01 3.145535e-01
9.058000e-01 3.157905e-01
9.060000e-01 3.170254e-01
9.062000e-01 3.182581e-01
9.064000e-01 3.194886e-01
9.066000e-01 3.207168e-01
9.068000e-01 3.219426e-01
9.070000e-01 3.231660e-01
9.072000e-01 3.243869e-01
9.074000e-01 3.256052e-01
9.076000e-01 3.268209e-01
9.078000e-01 3.280339e-01
9.080000e-01 3.292440e-01
9.082000e-01 3.304512e-01
9.084000e-01 3.316555e-01
9.086000e-01 3.328566e-01
9.088000e-01 3.340544e-01
9.090000e-01 3.352489e-01
9.092000e-01 3.364399e-01
9.094000e-01 3.376273e-01
9.096000e-01 3.388108e-01
9.098000e-01 3.399905e-01
9.100000e-01 3.411661e-01
9.102000e-01 3.423375e-01
9.104000e-01 3.435046e-01
9.106000e-01 3.446672e-01
9.108000e-01 3.458252e-01
9.110000e-01 3.469784e-01
9.112000e-01 3.481266e-01
9.114000e-01 3.492698e-01
9.116000e-01 3.504077e-01
9.118000e-01 3.515401e-01
9.120000e-01 3.526670e-01
9.122000e-01 3.537881e-01
9.124000e-01 3.549033e-01
9.126000e-01 3.560125e-01
9.128000e-01 3.571153e-01
9.130000e-01 3.582118e-01
9.132000e-01 3.593016e-01
9.134000e-01 3.603846e-01
9.136000e-01 3.614607e-01
9.138000e-01 3.625297e-01
9.140000e-01 3.635913e-01
9.142000e-01 3.646453e-01
9.144000e-01 3.656917e-01
9.146000e-01 3.667302e-01
9.148000e-01 3.677605e-01
9.150000e-01 3.687826e-01
9.152000e-01 3.697962e-01
9.154000e-01 3.708012e-01
9.156000e-01 3.717976e-01
9.158000e-01 3.727851e-01
9.160000e-01 3.737638e-01
9.162000e-01 3.747334e-01
9.164000e-01 3.756940e-01
9.166000e-01 3.766455e-01
9.168000e-01 3.775878e-01
9.170000e-01 3.785209e-01
9.172000e-01 3.794448e-01
9.174000e-01 3.803594e-01
9.176000e-01 3.812648e-01
9.178000e-01 3.821608e-01
9.180000e-01 3.830477e-01
9.182000e-01 3.839253e-01
9.184000e-01 3.847938e-01
9.186000e-01 3.856531e-01
9.188000e-01 3.865034e-01
9.190000e-01 3.873447e-01
9.192000e-01 3.881771e-01
9.194000e-01 3.890007e-01
9.196000e-01 3.898157e-01
9.198000e-01 3.906220e-01
9.200000e-01 3.914200e-01
9.202000e-01 3.922096e-01
9.204000e-01 3.929911e-01
9.206000e-01 3.937646e-01
9.208000e-01 3.945302e-01
9.210000e-01 3.952882e-01
9.212000e-01 3.960387e-01
9.214000e-01 3.967820e-01
9.216000e-01 3.975182e-01
9.218000e-01 3.982476e-01
9.220000e-01 3.989703e-01
9.222000e-01 3.996864e-01
9.224000e-01 4.003962e-01
9.226000e-01 4.010997e-01
9.228000e-01 4.017972e-01
9.230000e-01 4.024887e-01
9.232000e-01 4.031744e-01
9.234000e-01 4.038544e-01
9.236000e-01 4.045288e-01
9.238000e-01 4.051977e-01
9.240000e-01 4.058611e-01
9.242000e-01 4.065193e-01
9.244000e-01 4.071722e-01
9.246000e-01 4.078199e-01
9.248000e-01 4.084625e-01
9.250000e-01 4.091000e-01
9.252000e-01 4.097325e-01
9.254000e-01 4.103600e-01
9.256000e-01 4.109826e-01
9.258000e-01 4.116002e-01
9.260000e-01 4.122130e-01
9.262000e-01 4.128208e-01
9.264000e-01 4.134236e-01
9.266000e-01 4.140216e-01
9.268000e-01 4.146146e-01
9.270000e-01 4.152026e-01
9.272000e-01 4.157857e-01
9.274000e-01 4.163639e-01
9.276000e-01 4.168601e-01
9.278000e-01 4.173990e-01
9.280000e-01 4.179352e-01
9.282000e-01 4.184686e-01
9.284000e-01 4.189992e-01
9.286000e-01 4.195271e-01
9.288000e-01 4.200523e-01
9.290000e-01 4.205748e-01
9.292000e-01 4.210945e-01
9.294000e-01 4.216116e-01
9.296000e-01 4.221260e-01
9.298000e-01 4.226376e-01
9.300000e-01 4.231467e-01
9.302000e-01 4.236530e-01
9.304000e-01 4.241568e-01
9.306000e-01 4.246578e-01
9.308000e-01 4.251563e-01
9.310000e-01 4.256522e-01
9.312000e-01 4.261454e-01
9.314000e-01 4.266360e-01
9.316000e-01 4.271241e-01
9.318000e-01 4.276096e-01
9.320000e-01 4.280925e-01
9.322000e-01 4.285729e-01
9.324000e-01 4.290507e-01
9.326000e-01 4.295259e-01
9.328000e-01 4.299987e-01
9.330000e-01 4.304689e-01
9.332000e-01 4.309366e-01
9.334000e-01 4.314018e-01
9.336000e-01 4.318646e-01
9.338000e-01 4.323248e-01
9.340000e-01 4.327826e-01
9.342000e-01 4.332379e-01
9.344000e-01 4.336907e-01
9.346000e-01 4.341411e-01
9.348000e-01 4.345891e-01
9.350000e-01 4.350346e-01
9.352000e-01 4.354777e-01
9.354000e-01 4.359184e-01
9.356000e-01 4.363567e-01
9.358000e-01 4.367926e-01
9.360000e-01 4.372261e-01
9.362000e-01 4.376572e-01
9.364000e-01 4.380859e-01
9.366000e-01 4.385123e-01
9.368000e-01 4.389364e-01
9.370000e-01 4.393580e-01
9.372000e-01 4.397774e-01
9.374000e-01 4.401944e-01
9.376000e-01 4.406090e-01
9.378000e-01 4.410214e-01
9.380000e-01 4.414314e-01
9.382000e-01 4.418392e-01
9.384000e-01 4.422446e-01
9.386000e-01 4.426478e-01
9.388000e-01 4.430486e-01
9.390000e-01 4.434472e-01
9.392000e-01 4.438436e-01
9.394000e-01 4.442376e-01
9.396000e-01 4.446294e-01
9.398000e-01 4.450190e-01
9.400000e-01 4.454063e-01
9.402000e-01 4.457914e-01
9.404000e-01 4.461743e-01
9.406000e-01 4.465549e-01
9.408000e-01 4.469334e-01
9.410000e-01 4.473096e-01
9.412000e-01 4.476836e-01
9.414000e-01 4.480555e-01
9.416000e-01 4.484251e-01
9.418000e-01 4.487926e-01
9.420000e-01 4.491579e-01
9.422000e-01 4.495210e-01
9.424000e-01 4.498820e-01
9.426000e-01 4.502408e-01
9.428000e-01 4.505974e-01
9.430000e-01 4.509520e-01
9.432000e-01 4.513043e-01
9.434000e-01 4.516546e-01
9.436000e-01 4.520027e-01
9.438000e-01 4.523487e-01
9.440000e-01 4.526926e-01
9.442000e-01 4.530343e-01
9.444000e-01 4.533740e-01
9.446000e-01 4.537116e-01
9.448000e-01 4.540471e-01
9.450000e-01 4.543805e-01
9.452000e-01 4.547118e-01
9.454000e-01 4.550410e-01
9.456000e-01 4.553682e-01
9.458000e-01 4.556933e-01
9.460000e-01 4.560163e-01
9.462000e-01 4.563373e-01
9.464000e-01 4.566562e-01
9.466000e-01 4.569731e-01
9.468000e-01 4.572879e-01
9.470000e-01 4.576007e-01
9.472000e-01 4.579115e-01
9.474000e-01 4.582203e-01
9.476000e-01 4.585270e-01
9.478000e-01 4.588317e-01
9.480000e-01 4.591344e-01
9.482000e-01 4.594351e-01
9.484000e-01 4.597338e-01
9.486000e-01 4.600305e-01
9.488000e-01 4.603252e-01
9.490000e-01 4.606179e-01
9.492000e-01 4.609087e-01
9.494000e-01 4.611974e-01
9.496000e-01 4.614842e-01
9.498000e-01 4.617690e-01
9.500000e-01 4.620518e-01
9.502000e-01 4.623327e-01
9.504000e-01 4.626117e-01
9.506000e-01 4.628886e-01
9.508000e-01 4.631636e-01
9.510000e-01 4.634367e-01
9.512000e-01 4.637078e-01
9.514000e-01 4.639770e-01
9.516000e-01 4.642443e-01
9.518000e-01 4.645096e-01
9.520000e-01 4.647730e-01
9.522000e-01 4.650345e-01
9.524000e-01 4.652941e-01
9.526000e-01 4.655517e-01
9.528000e-01 4.658075e-01
9.530000e-01 4.660613e-01
9.532000e-01 4.663133e-01
9.534000e-01 4.665633e-01
9.536000e-01 4.668114e-01
9.538000e-01 4.670577e-01
9.540000e-01 4.673020e-01
9.542000e-01 4.675445e-01
9.544000e-01 4.677851e-01
9.546000e-01 4.680238e-01
9.548000e-01 4.682607e-01
9.550000e-01 4.684956e-01
9.552000e-01 4.687287e-01
9.554000e-01 4.689599e-01
9.556000e-01 4.691893e-01
9.558000e-01 4.694168e-01
9.560000e-01 4.696425e-01
9.562000e-01 4.698663e-01
9.564000e-01 4.700883e-01
9.566000e-01 4.703084e-01
9.568000e-01 4.705266e-01
9.570000e-01 4.707431e-01
9.572000e-01 4.709577e-01
9.574000e-01 4.711704e-01
9.576000e-01 4.713814e-01
9.578000e-01 4.715905e-01
9.580000e-01 4.717977e-01
9.582000e-01 4.720032e-01
9.584000e-01 4.722068e-01
9.586000e-01 4.724086e-01
9.588000e-01 4.726087e-01
9.590000e-01 4.728069e-01
9.592000e-01 4.730032e-01
9.594000e-01 4.731978e-01
9.596000e-01 4.733906e-01
9.598000e-01 4.735816e-01
9.600000e-01 4.737708e-01
9.602000e-01 4.739582e-01
9.604000e-01 4.741438e-01
9.606000e-01 4.743276e-01
9.608000e-01 4.745096e-01
9.610000e-01 4.746898e-01
9.612000e-01 4.748683e-01
9.614000e-01 4.750450e-01
9.616000e-01 4.752199e-01
9.618000e-01 4.753930e-01
9.620000e-01 4.755644e-01
9.622000e-01 4.757340e-01
9.624000e-01 4.759018e-01
9.626000e-01 4.760678e-01
9.628000e-01 4.762321e-01
9.630000e-01 4.763947e-01
9.632000e-01 4.765554e-01
9.634000e-01 4.767145e-01
9.636000e-01 4.768717e-01
9.638000e-01 4.770272e-01
9.640000e-01 4.771810e-01
9.642000e-01 4.773330e-01
9.644000e-01 4.774833e-01
9.646000e-01 4.776318e-01
9.648000e-01 4.777786e-01
9.650000e-01 4.779237e-01
9.652000e-01 4.780670e-01
9.654000e-01 4.782086e-01
9.656000e-01 4.783485e-01
9.658000e-01 4.784866e-01
9.660000e-01 4.786230e-01
9.662000e-01 4.787577e-01
9.664000e-01 4.788906e-01
9.666000e-01 4.790219e-01
9.668000e-01 4.791514e-01
9.670000e-01 4.792792e-01
9.672000e-01 4.794052e-01
9.674000e-01 4.795296e-01
9.676000e-01 4.796523e-01
9.678000e-01 4.797732e-01
9.680000e-01 4.798924e-01
9.682000e-01 4.800100e-01
9.684000e-01 4.801258e-01
9.686000e-01 4.802399e-01
9.688000e-01 4.803524e-01
9.690000e-01 4.804631e-01
9.692000e-01 4.805721e-01
9.694000e-01 4.806794e-01
9.696000e-01 4.807851e-01
9.698000e-01 4.808890e-01
9.700000e-01 4.809913e-01
9.702000e-01 4.810919e-01
9.704000e-01 4.811908e-01
9.706000e-01 4.812880e-01
9.708000e-01 4.813835e-01
9.710000e-01 4.814773e-01
9.712000e-01 4.815695e-01
9.714000e-01 4.816600e-01
9.716000e-01 4.817488e-01
9.718000e-01 4.818360e-01
9.720000e-01 4.819214e-01
9.722000e-01 4.820052e-01
9.724000e-01 4.820874e-01
9.726000e-01 4.821678e-01
9.728000e-01 4.822466e-01
9.730000e-01 4.823238e-01
9.732000e-01 4.823992e-01
9.734000e-01 4.824730e-01
9.736000e-01 4.825452e-01
9.738000e-01 4.826157e-01
9.740000e-01 4.826845e-01
9.742000e-01 4.827517e-01
9.744000e-01 4.828173e-01
9.746000e-01 4.828812e-01
9.748000e-01 4.829434e-01
9.750000e-01 4.830040e-01
9.752000e-01 4.830629e-01
9.754000e-01 4.831202e-01
9.756000e-01 4.831759e-01
9.758000e-01 4.832299e-01
9.760000e-01 4.832823e-01
9.762000e-01 4.833331e-01
9.764000e-01 4.833822e-01
9.766000e-01 4.834296e-01
9.768000e-01 4.834755e-01
9.770000e-01 4.835197e-01
9.772000e-01 4.835623e-01
9.774000e-01 4.836032e-01
9.776000e-01 4.836426e-01
9.778000e-01 4.836803e-01
9.780000e-01 4.837164e-01
9.782000e-01 4.837508e-01
9.784000e-01 4.837837e-01
9.786000e-01 4.838149e-01
9.788000e-01 4.838445e-01
9.790000e-01 4.838725e-01
9.792000e-01 4.838989e-01
9.794000e-01 4.839236e-01
9.796000e-01 4.839468e-01
9.798000e-01 4.839683e-01
9.800000e-01 4.839883e-01
9.802000e-01 4.840066e-01
9.804000e-01 4.840233e-01
9.806000e-01 4.840385e-01
9.808000e-01 4.840520e-01
9.810000e-01 4.840639e-01
9.812000e-01 4.840743e-01
9.814000e-01 4.840830e-01
9.816000e-01 4.840901e-01
9.818000e-01 4.840957e-01
9.820000e-01 4.840997e-01
9.822000e-01 4.841020e-01
9.824000e-01 4.841028e-01
9.826000e-01 4.841020e-01
9.828000e-01 4.840996e-01
9.830000e-01 4.840957e-01
9.832000e-01 4.840901e-01
9.834000e-01 4.840830e-01
9.836000e-01 4.840743e-01
9.838000e-01 4.840640e-01
9.840000e-01 4.840521e-01
9.842000e-01 4.840387e-01
9.844000e-01 4.840237e-01
9.846000e-01 4.840071e-01
9.848000e-01 4.839890e-01
9.850000e-01 4.839693e-01
9.852000e-01 4.839480e-01
9.854000e-01 4.839252e-01
9.856000e-01 4.839008e-01
9.858000e-01 4.838748e-01
9.860000e-01 4.838473e-01
9.862000e-01 4.838182e-01
9.864000e-01 4.837876e-01
9.866000e-01 4.837555e-01
9.868000e-01 4.837217e-01
9.870000e-01 4.836865e-01
9.872000e-01 4.836496e-01
9.874000e-01 4.836113e-01
9.876000e-01 4.835714e-01
9.878000e-01 4.835299e-01
9.880000e-01 4.834869e-01
9.882000e-01 4.834424e-01
9.884000e-01 4.833964e-01
9.886000e-01 4.833488e-01
9.888000e-01 4.832996e-01
9.890000e-01 4.832490e-01
9.892000e-01 4.831968e-01
9.894000e-01 4.831431e-01
9.896000e-01 4.830879e-01
9.898000e-01 4.830311e-01
9.900000e-01 4.829728e-01
9.902000e-01 4.829130e-01
9.904000e-01 4.828517e-01
9.906000e-01 4.827889e-01
9.908000e-01 4.827245e-01
9.910000e-01 4.826587e-01
9.912000e-01 4.825913e-01
9.914000e-01 4.825224e-01
9.916000e-01 4.824521e-01
9.918000e-01 4.823802e-01
9.920000e-01 4.823068e-01
9.922000e-01 4.822319e-01
9.924000e-01 4.821555e-01
9.926000e-01 4.820777e-01
9.928000e-01 4.819983e-01
9.930000e-01 4.819174e-01
9.932000e-01 4.818351e-01
9.934000e-01 4.817513e-01
9.936000e-01 4.816660e-01
9.938000e-01 4.815792e-01
9.940000e-01 4.814909e-01
9.942000e-01 4.814011e-01
9.944000e-01 4.813099e-01
9.946000e-01 4.812172e-01
9.948000e-01 4.811230e-01
9.950000e-01 4.810274e-01
9.952000e-01 4.809303e-01
9.954000e-01 4.808317e-01
9.956000e-01 4.807317e-01
9.958000e-01 4.806302e-01
9.960000e-01 4.805272e-01
9.962000e-01 4.804228e-01
9.964000e-01 4.803169e-01
9.966000e-01 4.802096e-01
9.968000e-01 4.801009e-01
9.970000e-01 4.799906e-01
9.972000e-01 4.798790e-01
9.974000e-01 4.797659e-01
9.976000e-01 4.796514e-01
9.978000e-01 4.795354e-01
9.980000e-01 4.794180e-01
9.982000e-01 4.792992e-01
9.984000e-01 4.791789e-01
9.986000e-01 4.790572e-01
9.988000e-01 4.789341e-01
9.990000e-01 4.788096e-01
9.992000e-01 4.786836e-01
9.994000e-01 4.785563e-01
9.996000e-01 4.784275e-01
9.998000e-01 4.782973e-01
1.000000e+00 4.781657e-01
1.000200e+00 4.780327e-01
1.000400e+00 4.778983e-01
1.000600e+00 4.777625e-01
1.000800e+00 4.776253e-01
1.001000e+00 4.774867e-01
1.001200e+00 4.773467e-01
1.001400e+00 4.772053e-01
1.001600e+00 4.770626e-01
1.001800e+00 4.769184e-01
1.002000e+00 4.767729e-01
1.002200e+00 4.766260e-01
1.002400e+00 4.764777e-01
1.002600e+00 4.763281e-01
1.002800e+00 4.761771e-01
1.003000e+00 4.760247e-01
1.003200e+00 4.758709e-01
1.003400e+00 4.757158e-01
1.003600e+00 4.755593e-01
1.003800e+00 4.754015e-01
1.004000e+00 4.752423e-01
1.004200e+00 4.750818e-01
1.004400e+00 4.749199e-01
1.004600e+00 4.747567e-01
1.004800e+00 4.745922e-01
1.005000e+00 4.744263e-01
1.005200e+00 4.742591e-01
1.005400e+00 4.740905e-01
1.005600e+00 4.739207e-01
1.005800e+00 4.737495e-01
1.006000e+00 4.735769e-01
1.006200e+00 4.734031e-01
1.006400e+00 4.732280e-01
1.006600e+00 4.730515e-01
1.006800e+00 4.728737e-01
1.007000e+00 4.726946e-01
1.007200e+00 4.725143e-01
1.007400e+00 4.723326e-01
1.007600e+00 4.721496e-01
1.007800e+00 4.719654e-01
1.008000e+00 4.717798e-01
1.008200e+00 4.715930e-01
1.008400e+00 4.714049e-01
1.008600e+00 4.712155e-01
1.008800e+00 4.710249e-01
1.009000e+00 4.708329e-01
1.009200e+00 4.706398e-01
1.009400e+00 4.704453e-01
1.009600e+00 4.702496e-01
1.009800e+00 4.700526e-01
1.010000e+00 4.698544e-01
1.010200e+00 4.696549e-01
1.010400e+00 4.694542e-01
1.010600e+00 4.692523e-01
1.010800e+00 4.690491e-01
1.011000e+00 4.688446e-01
1.011200e+00 4.686390e-01
1.011400e+00 4.684321e-01
1.011600e+00 4.682240e-01
1.011800e+00 4.680147e-01
1.012000e+00 4.678041e-01
1.012200e+00 4.675924e-01
1.012400e+00 4.673794e-01
1.012600e+00 4.671653e-01
1.012800e+00 4.669499e-01
1.013000e+00 4.667334e-01
1.013200e+00 4.665156e-01
1.013400e+00 4.662967e-01
1.013600e+00 4.660766e-01
1.013800e+00 4.658553e-01
1.014000e+00 4.656328e-01
1.014200e+00 4.654092e-01
1.014400e+00 4.651844e-01
1.014600e+00 4.649584e-01
1.014800e+00 4.647313e-01
1.015000e+00 4.645030e-01
1.015200e+00 4.642736e-01
1.015400e+00 4.640430e-01
1.015600e+00 4.638113e-01
1.015800e+00 4.635784e-01
1.016000e+00 4.633444e-01
1.016200e+00 4.631093e-01
1.016400e+00 4.628731e-01
1.016600e+00 4.626357e-01
1.016800e+00 4.623972e-01
1.017000e+00 4.621577e-01
1.017200e+00 4.619170e-01
1.017400e+00 4.616752e-01
1.017600e+00 4.614323e-01
1.017800e+00 4.611883e-01
1.018000e+00 4.609432e-01
1.018200e+00 4.606970e-01
1.018400e+00 4.604498e-01
1.018600e+00 4.602015e-01
1.018800e+00 4.599521e-01
1.019000e+00 4.597016e-01
1.019200e+00 4.594501e-01
1.019400e+00 4.591975e-01
1.019600e+00 4.589439e-01
1.019800e+00 4.586892e-01
1.020000e+00 4.584335e-01
1.020200e+00 4.581767e-01
1.020400e+00 4.579189e-01
1.020600e+00 4.576601e-01
1.020800e+00 4.574003e-01
1.021000e+00 4.571394e-01
1.021200e+00 4.568775e-01
1.021400e+00 4.566147e-01
1.021600e+00 4.563508e-01
1.021800e+00 4.560859e-01
1.022000e+00 4.558200e-01
1.022200e+00 4.555531e-01
1.022400e+00 4.552853e-01
1.022600e+00 4.550164e-01
1.022800e+00 4.547466e-01
1.023000e+00 4.544759e-01
1.023200e+00 4.542041e-01
1.023400e+00 4.539314e-01
1.023600e+00 4.536578e-01
1.023800e+00 4.533832e-01
1.024000e+00 4.531076e-01
1.024200e+00 4.528311e-01
1.024400e+00 4.525537e-01
1.024600e+00 4.522754e-01
1.024800e+00 4.519961e-01
1.025000e+00 4.517159e-01
1.025200e+00 4.514348e-01
1.025400e+00 4.511528e-01
1.025600e+00 4.508699e-01
1.025800e+00 4.505861e-01
1.026000e+00 4.503014e-01
1.026200e+00 4.500159e-01
1.026400e+00 4.497294e-01
1.026600e+00 4.494421e-01
1.026800e+00 4.491539e-01
1.027000e+00 4.488648e-01
1.027200e+00 4.485749e-01
1.027400e+00 4.482841e-01
1.027600e+00 4.479925e-01
1.027800e+00 4.477001e-01
1.028000e+00 4.474068e-01
1.028200e+00 4.471127e-01
1.028400e+00 4.468177e-01
1.028600e+00 4.465220e-01
1.028800e+00 4.462254e-01
1.029000e+00 4.459280e-01
1.029200e+00 4.456298e-01
1.029400e+00 4.453308e-01
1.029600e+00 4.450311e-01
1.029800e+00 4.447305e-01
1.030000e+00 4.444292e-01
1.030200e+00 4.441271e-01
1.030400e+00 4.438243e-01
1.030600e+00 4.435206e-01
1.030800e+00 4.432163e-01
1.031000e+00 4.429111e-01
1.031200e+00 4.426053e-01
1.031400e+00 4.422987e-01
1.031600e+00 4.419913e-01
1.031800e+00 4.416833e-01
1.032000e+00 4.413745e-01
1.032200e+00 4.410650e-01
1.032400e+00 4.407548e-01
1.032600e+00 4.404439e-01
1.032800e+00 4.401324e-01
1.033000e+00 4.398201e-01
1.033200e+00 4.395071e-01
1.033400e+00 4.391935e-01
1.033600e+00 4.388792e-01
1.033800e+00 4.385643e-01
1.034000e+00 4.382487e-01
1.034200e+00 4.379324e-01
1.034400e+00 4.376155e-01
1.034600e+00 4.372980e-01
1.034800e+00 4.369798e-01
1.035000e+00 4.366610e-01
1.035200e+00 4.363416e-01
1.035400e+00 4.360216e-01
1.035600e+00 4.357009e-01
1.035800e+00 4.353797e-01
1.036000e+00 4.350579e-01
1.036200e+00 4.347355e-01
1.036400e+00 4.344125e-01
1.036600e+00 4.340889e-01
1.036800e+00 4.337648e-01
1.037000e+00 4.334401e-01
1.037200e+00 4.331149e-01
1.037400e+00 4.327891e-01
1.037600e+00 4.324628e-01
1.037800e+00 4.321359e-01
1.038000e+00 4.318085e-01
1.038200e+00 4.314806e-01
1.038400e+00 4.311522e-01
1.038600e+00 4.308233e-01
1.038800e+00 4.304939e-01
1.039000e+00 4.301639e-01
1.039200e+00 4.298335e-01
1.039400e+00 4.295027e-01
1.039600e+00 4.291713e-01
1.039800e+00 4.288395e-01
1.040000e+00 4.285072e-01
1.040200e+00 4.281745e-01
1.040400e+00 4.278413e-01
1.040600e+00 4.275077e-01
1.040800e+00 4.271737e-01
1.041000e+00 4.268392e-01
1.041200e+00 4.265043e-01
1.041400e+00 4.261690e-01
1.041600e+00 4.258333e-01
1.041800e+00 4.254972e-01
1.042000e+00 4.251607e-01
1.042200e+00 4.248239e-01
1.042400e+00 4.244866e-01
1.042600e+00 4.241490e-01
1.042800e+00 4.238110e-01
1.043000e+00 4.234727e-01
1.043200e+00 4.231340e-01
1.043400e+00 4.227950e-01
1.043600e+00 4.224557e-01
1.043800e+00 4.221160e-01
1.044000e+00 4.217760e-01
1.044200e+00 4.214357e-01
1.044400e+00 4.210951e-01
1.044600e+00 4.207542e-01
1.044800e+00 4.204130e-01
1.045000e+00 4.200715e-01
1.045200e+00 4.197298e-01
1.045400e+00 4.193877e-01
1.045600e+00 4.190455e-01
1.045800e+00 4.187029e-01
1.046000e+00 4.183602e-01
1.046200e+00 4.180171e-01
1.046400e+00 4.176739e-01
1.046600e+00 4.173304e-01
1.046800e+00 4.169867e-01
1.047000e+00 4.166428e-01
1.047200e+00 4.162987e-01
1.047400e+00 4.159544e-01
1.047600e+00 4.156099e-01
1.047800e+00 4.152653e-01
1.048000e+00 4.149204e-01
1.048200e+00 4.145754e-01
1.048400e+00 4.142303e-01
1.048600e+00 4.138850e-01
1.048800e+00 4.135395e-01
1.049000e+00 4.131939e-01
1.049200e+00 4.128482e-01
1.049400e+00 4.125024e-01
1.049600e+00 4.121565e-01
1.049800e+00 4.118104e-01
1.050000e+00 4.114643e-01
1.050200e+00 4.111180e-01
1.050400e+00 4.107717e-01
1.050600e+00 4.104253e-01
1.050800e+00 4.100789e-01
1.051000e+00 4.097324e-01
1.051200e+00 4.093858e-01
1.051400e+00 4.090392e-01
1.051600e+00 4.086925e-01
1.051800e+00 4.083459e-01
1.052000e+00 4.079992e-01
1.052200e+00 4.076525e-01
1.052400e+00 4.073058e-01
1.052600e+00 4.069590e-01
1.052800e+00 4.066123e-01
1.053000e+00 4.062657e-01
1.053200e+00 4.059190e-01
1.053400e+00 4.055724e-01
1.053600e+00 4.052258e-01
1.053800e+00 4.048793e-01
1.054000e+00 4.045328e-01
1.054200e+00 4.041864e-01
1.054400e+00 4.038400e-01
1.054600e+00 4.034938e-01
1.054800e+00 4.031476e-01
1.055000e+00 4.028015e-01
1.055200e+00 4.024555e-01
1.055400e+00 4.021097e-01
1.055600e+00 4.017639e-01
1.055800e+00 4.014183e-01
1.056000e+00 4.010728e-01
1.056200e+00 4.007275e-01
1.056400e+00 4.003823e-01
1.056600e+00 4.000373e-01
1.056800e+00 3.996924e-01
1.057000e+00 3.993477e-01
1.057200e+00 3.990032e-01
1.057400e+00 3.986589e-01
1.057600e+00 3.983147e-01
1.057800e+00 3.979708e-01
1.058000e+00 3.976271e-01
1.058200e+00 3.972836e-01
1.058400e+00 3.969403e-01
1.058600e+00 3.965973e-01
1.058800e+00 3.962545e-01
1.059000e+00 3.959120e-01
1.059200e+00 3.955698e-01
1.059400e+00 3.952278e-01
1.059600e+00 3.948860e-01
1.059800e+00 3.945446e-01
1.060000e+00 3.942035e-01
1.060200e+00 3.938626e-01
1.060400e+00 3.935221e-01
1.060600e+00 3.931818e-01
1.060800e+00 3.928419e-01
1.061000e+00 3.925024e-01
1.061200e+00 3.921632e-01
1.061400e+00 3.918243e-01
1.061600e+00 3.914857e-01
1.061800e+00 3.911476e-01
1.062000e+00 3.908098e-01
1.062200e+00 3.904724e-01
1.062400e+00 3.901354e-01
1.062600e+00 3.897987e-01
1.062800e+00 3.894625e-01
1.063000e+00 3.891267e-01
1.063200e+00 3.887913e-01
1.063400e+00 3.884563e-01
1.063600e+00 3.881218e-01
1.063800e+00 3.877877e-01
1.064000e+00 3.874540e-01
1.064200e+00 3.871208e-01
1.064400e+00 3.867881e-01
1.064600e+00 3.864559e-01
1.064800e+00 3.861241e-01
1.065000e+00 3.857928e-01
1.065200e+00 3.854621e-01
1.065400e+00 3.851318e-01
1.065600e+00 3.848020e-01
1.065800e+00 3.844728e-01
1.066000e+00 3.841441e-01
1.066200e+00 3.838159e-01
1.066400e+00 3.834883e-01
1.066600e+00 3.831612e-01
1.066800e+00 3.828347e-01
1.067000e+00 3.825087e-01
1.067200e+00 3.821834e-01
1.067400e+00 3.818586e-01
1.067600e+00 3.815344e-01
1.067800e+00 3.812108e-01
1.068000e+00 3.808878e-01
1.068200e+00 3.805654e-01
1.068400e+00 3.802437e-01
1.068600e+00 3.799226e-01
1.068800e+00 3.796021e-01
1.069000e+00 3.792823e-01
1.069200e+00 3.789631e-01
1.069400e+00 3.786446e-01
1.069600e+00 3.783267e-01
1.069800e+00 3.780095e-01
1.070000e+00 3.776930e-01
1.070200e+00 3.773773e-01
1.070400e+00 3.770622e-01
1.070600e+00 3.767478e-01
1.070800e+00 3.764341e-01
1.071000e+00 3.761212e-01
1.071200e+00 3.758089e-01
1.071400e+00 3.754975e-01
1.071600e+00 3.751867e-01
1.071800e+00 3.748768e-01
1.072000e+00 3.745675e-01
1.072200e+00 3.742591e-01
1.072400e+00 3.739514e-01
1.072600e+00 3.736446e-01
1.072800e+00 3.733385e-01
1.073000e+00 3.730332e-01
1.073200e+00 3.727287e-01
1.073400e+00 3.724250e-01
1.073600e+00 3.721222e-01
1.073800e+00 3.718201e-01
1.074000e+00 3.715190e-01
1.074200e+00 3.712186e-01
1.074400e+00 3.709191e-01
1.074600e+00 3.706205e-01
1.074800e+00 3.703228e-01
1.075000e+00 3.700259e-01
1.075200e+00 3.697299e-01
1.075400e+00 3.694348e-01
1.075600e+00 3.691405e-01
1.075800e+00 3.688472e-01
1.076000e+00 3.685548e-01
1.076200e+00 3.682633e-01
1.076400e+00 3.679728e-01
1.076600e+00 3.676832e-01
1.076800e+00 3.673945e-01
1.077000e+00 3.671067e-01
1.077200e+00 3.668199e-01
1.077400e+00 3.665341e-01
1.077600e+00 3.662493e-01
1.077800e+00 3.659654e-01
1.078000e+00 3.656825e-01
1.078200e+00 3.654006e-01
1.078400e+00 3.651197e-01
1.078600e+00 3.648398e-01
1.078800e+00 3.645609e-01
1.079000e+00 3.642830e-01
1.079200e+00 3.640061e-01
1.079400e+00 3.637303e-01
1.079600e+00 3.634556e-01
1.079800e+00 3.631818e-01
1.080000e+00 3.629091e-01
1.080200e+00 3.626375e-01
1.080400e+00 3.623670e-01
1.080600e+00 3.620975e-01
1.080800e+00 3.618291e-01
1.081000e+00 3.615618e-01
1.081200e+00 3.612956e-01
1.081400e+00 3.610304e-01
1.081600e+00 3.607664e-01
1.081800e+00 3.605035e-01
1.082000e+00 3.602417e-01
1.082200e+00 3.599811e-01
1.082400e+00 3.597216e-01
1.082600e+00 3.594632e-01
1.082800e+00 3.592060e-01
1.083000e+00 3.589499e-01
1.083200e+00 3.586950e-01
1.083400e+00 3.584412e-01
1.083600e+00 3.581886e-01
1.083800e+00 3.579372e-01
1.084000e+00 3.576870e-01
1.084200e+00 3.574380e-01
1.084400e+00 3.571902e-01
1.084600e+00 3.569436e-01
1.084800e+00 3.566981e-01
1.085000e+00 3.564540e-01
1.085200e+00 3.562110e-01
1.085400e+00 3.559692e-01
1.085600e+00 3.557287e-01
1.085800e+00 3.554575e-01
1.086000e+00 3.551412e-01
1.086200e+00 3.548251e-01
1.086400e+00 3.545092e-01
1.086600e+00 3.541937e-01
1.086800e+00 3.538788e-01
1.087000e+00 3.535645e-01
1.087200e+00 3.532509e-01
1.087400e+00 3.529380e-01
1.087600e+00 3.526259e-01
1.087800e+00 3.523145e-01
1.088000e+00 3.520038e-01
1.088200e+00 3.516937e-01
1.088400e+00 3.513841e-01
1.088600e+00 3.510747e-01
1.088800e+00 3.507655e-01
1.089000e+00 3.504563e-01
1.089200e+00 3.501467e-01
1.089400e+00 3.498366e-01
1.089600e+00 3.495256e-01
1.089800e+00 3.492133e-01
1.090000e+00 3.488995e-01
1.090200e+00 3.485838e-01
1.090400e+00 3.482656e-01
1.090600e+00 3.479446e-01
1.090800e+00 3.472054e-01
1.090850e+00 3.471336e-01
1.090900e+00 3.470617e-01
1.090950e+00 3.469899e-01
1.091000e+00 3.469181e-01
1.091050e+00 3.468463e-01
1.091100e+00 3.467745e-01
1.091150e+00 3.467028e-01
1.091200e+00 3.466310e-01
1.091250e+00 3.465593e-01
1.091300e+00 3.464876e-01
1.091350e+00 3.464159e-01
1.091400e+00 3.463442e-01
1.091450e+00 3.462725e-01
1.091500e+00 3.462009e-01
1.091550e+00 3.461292e-01
1.091600e+00 3.460576e-01
1.091650e+00 3.459860e-01
1.091700e+00 3.459144e-01
1.091750e+00 3.458428e-01
1.091801e+00 3.457713e-01
1.091851e+00 3.456997e-01
1.091901e+00 3.456282e-01
1.091951e+00 3.455566e-01
1.092001e+00 3.454851e-01
1.092051e+00 3.454137e-01
1.092101e+00 3.453422e-01
1.092151e+00 3.452707e-01
1.092201e+00 3.451993e-01
1.092251e+00 3.451278e-01
1.092301e+00 3.450564e-01
1.092351e+00 3.449850e-01
1.092401e+00 3.449136e-01
1.092451e+00 3.448422e-01
1.092501e+00 3.447709e-01
1.092551e+00 3.446995e-01
1.092601e+00 3.446282e-01
1.092651e+00 3.445569e-01
1.092701e+00 3.444856e-01
1.092751e+00 3.444143e-01
1.092801e+00 3.443430e-01
1.092851e+00 3.442718e-01
1.092901e+00 3.442005e-01
1.092951e+00 3.441293e-01
1.093001e+00 3.440581e-01
1.093051e+00 3.439869e-01
1.093101e+00 3.439157e-01
1.093151e+00 3.438446e-01
1.093201e+00 3.437734e-01
1.093251e+00 3.437023e-01
1.093301e+00 3.436311e-01
1.093351e+00 3.435600e-01
1.093401e+00 3.434889e-01
1.093451e+00 3.434179e-01
1.093501e+00 3.433468e-01
1.093551e+00 3.432757e-01
1.093601e+00 3.432047e-01
1.093651e+00 3.431337e-01
1.093701e+00 3.430627e-01
1.093751e+00 3.429917e-01
1.093802e+00 3.429207e-01
1.093852e+00 3.428498e-01
1.093902e+00 3.427788e-01
1.093952e+00 3.427079e-01
1.094002e+00 3.426370e-01
1.094052e+00 3.425661e-01
1.094102e+00 3.424952e-01
1.094152e+00 3.424243e-01
1.094202e+00 3.423534e-01
1.094252e+00 3.422826e-01
1.094302e+00 3.422118e-01
1.094352e+00 3.421409e-01
1.094402e+00 3.420701e-01
1.094452e+00 3.419994e-01
1.094502e+00 3.419286e-01
1.094552e+00 3.418578e-01
1.094602e+00 3.417871e-01
1.094652e+00 3.417164e-01
1.094702e+00 3.416457e-01
1.094752e+00 3.415750e-01
1.094802e+00 3.415043e-01
1.094852e+00 3.414336e-01
1.094902e+00 3.413629e-01
1.094952e+00 3.412923e-01
1.095002e+00 3.412217e-01
1.095052e+00 3.411511e-01
1.095102e+00 3.410805e-01
1.095152e+00 3.410099e-01
1.095202e+00 3.409393e-01
1.095252e+00 3.408688e-01
1.095302e+00 3.407982e-01
1.095352e+00 3.407277e-01
1.095402e+00 3.406572e-01
1.095452e+00 3.405867e-01
1.095502e+00 3.405162e-01
1.095552e+00 3.404458e-01
1.095602e+00 3.403753e-01
1.095652e+00 3.403049e-01
1.095702e+00 3.402345e-01
1.095752e+00 3.401641e-01
1.095803e+00 3.400937e-01
1.095853e+00 3.400233e-01
1.095903e+00 3.399529e-01
1.095953e+00 3.398826e-01
1.096003e+00 3.398123e-01
1.096053e+00 3.397419e-01
1.096103e+00 3.396716e-01
1.096153e+00 3.396013e-01
1.096203e+00 3.395311e-01
1.096253e+00 3.394608e-01
1.096303e+00 3.393906e-01
1.096353e+00 3.393203e-01
1.096403e+00 3.392501e-01
1.096453e+00 3.391799e-01
1.096503e+00 3.391097e-01
1.096553e+00 3.390396e-01
1.096603e+00 3.389694e-01
1.096653e+00 3.388993e-01
1.096703e+00 3.388291e-01
1.096753e+00 3.387590e-01
1.096803e+00 3.386889e-01
1.096853e+00 3.386188e-01
1.096903e+00 3.385488e-01
1.096953e+00 3.384787e-01
1.097003e+00 3.384087e-01
1.097053e+00 3.383386e-01
1.097103e+00 3.382686e-01
1.097153e+00 3.381986e-01
1.097203e+00 3.381286e-01
1.097253e+00 3.380587e-01
1.097303e+00 3.379887e-01
1.097353e+00 3.379188e-01
1.097403e+00 3.378488e-01
1.097453e+00 3.377789e-01
1.097503e+00 3.377090e-01
1.097553e+00 3.376391e-01
1.097603e+00 3.375693e-01
1.097653e+00 3.374994e-01
1.097703e+00 3.374296e-01
1.097753e+00 3.373598e-01
1.097804e+00 3.372899e-01
1.097854e+00 3.372201e-01
1.097904e+00 3.371504e-01
1.097954e+00 3.370806e-01
1.098004e+00 3.370108e-01
1.098054e+00 3.369411e-01
1.098104e+00 3.368714e-01
1.098154e+00 3.368017e-01
1.098204e+00 3.367320e-01
1.098254e+00 3.366623e-01
1.098304e+00 3.365926e-01
1.098354e+00 3.365230e-01
1.098404e+00 3.364533e-01
1.098454e+00 3.363837e-01
1.098504e+00 3.363141e-01
1.098554e+00 3.362445e-01
1.098604e+00 3.361749e-01
1.098654e+00 3.361054e-01
1.098704e+00 3.360358e-01
1.098754e+00 3.359663e-01
1.098804e+00 3.358968e-01
1.098854e+00 3.358272e-01
1.098904e+00 3.357578e-01
1.098954e+00 3.356883e-01
1.099004e+00 3.356188e-01
1.099054e+00 3.355494e-01
1.099104e+00 3.354799e-01
1.099154e+00 3.354105e-01
1.099204e+00 3.353411e-01
1.099254e+00 3.352717e-01
1.099304e+00 3.352023e-01
1.099354e+00 3.351330e-01
1.099404e+00 3.350636e-01
1.099454e+00 3.349943e-01
1.099504e+00 3.349249e-01
1.099554e+00 3.348556e-01
1.099604e+00 3.347863e-01
1.099654e+00 3.347171e-01
1.099704e+00 3.346478e-01
1.099754e+00 3.345786e-01
1.099805e+00 3.345093e-01
1.099855e+00 3.344401e-01
1.099905e+00 3.343709e-01
