8.223200e-01 -5.024430e-04
8.227200e-01 -3.567615e-04
8.231200e-01 -2.109816e-04
8.235200e-01 -3.052019e-06
8.239200e-01 1.296774e-04
8.243200e-01 3.402230e-04
8.247200e-01 5.731665e-04
8.251200e-01 9.572529e-04
8.255200e-01 1.272337e-03
8.259200e-01 1.444215e-03
8.263200e-01 1.673227e-03
8.267200e-01 1.741588e-03
8.271200e-01 1.704114e-03
8.275200e-01 1.476814e-03
8.279200e-01 1.397210e-03
8.283200e-01 1.107791e-03
8.287200e-01 8.449140e-04
8.291200e-01 5.545991e-04
8.295200e-01 2.290097e-04
8.299200e-01 7.609095e-05
8.303200e-01 5.770051e-05
8.307200e-01 2.078615e-04
8.311200e-01 2.896065e-04
8.315200e-01 4.457975e-04
8.319200e-01 7.205849e-04
8.323200e-01 9.740783e-04
8.327200e-01 1.311984e-03
8.331200e-01 1.555903e-03
8.335200e-01 1.668566e-03
8.339200e-01 1.633621e-03
8.343200e-01 1.483540e-03
8.347200e-01 1.486223e-03
8.351200e-01 1.545798e-03
8.355200e-01 1.849834e-03
8.359200e-01 2.037916e-03
8.363200e-01 2.113101e-03
8.367200e-01 2.253329e-03
8.371200e-01 2.516082e-03
8.375200e-01 2.946801e-03
8.379200e-01 3.354019e-03
8.383200e-01 3.727763e-03
8.387200e-01 3.805181e-03
8.391200e-01 3.858413e-03
8.395200e-01 3.930699e-03
8.399200e-01 3.941263e-03
8.403200e-01 3.841675e-03
8.407200e-01 3.854926e-03
8.411200e-01 3.978190e-03
8.415200e-01 4.022501e-03
8.419200e-01 3.942964e-03
8.423200e-01 3.849821e-03
8.427200e-01 3.715372e-03
8.431200e-01 3.875096e-03
8.435200e-01 4.319403e-03
8.439200e-01 4.697389e-03
8.443200e-01 4.832081e-03
8.447200e-01 4.735627e-03
8.451200e-01 4.829798e-03
8.455200e-01 4.985476e-03
8.459200e-01 5.495324e-03
8.463200e-01 5.854030e-03
8.467200e-01 5.998101e-03
8.471200e-01 5.728171e-03
8.475200e-01 5.325068e-03
8.479200e-01 5.179411e-03
8.483200e-01 5.149894e-03
8.487200e-01 5.185462e-03
8.491200e-01 5.139697e-03
8.495200e-01 4.987311e-03
8.499200e-01 5.073286e-03
8.503200e-01 5.472110e-03
8.507200e-01 5.988676e-03
8.511200e-01 6.484694e-03
8.515200e-01 6.961324e-03
8.519200e-01 7.701577e-03
8.523200e-01 8.302049e-03
8.527200e-01 8.811077e-03
8.531200e-01 8.780955e-03
8.535200e-01 8.437959e-03
8.539200e-01 8.175958e-03
8.543200e-01 8.183849e-03
8.547200e-01 8.274786e-03
8.551200e-01 8.436435e-03
8.555200e-01 8.647814e-03
8.559200e-01 9.103312e-03
8.563200e-01 9.695529e-03
8.567200e-01 1.025029e-02
8.571200e-01 1.076380e-02
8.575200e-01 1.117977e-02
8.579200e-01 1.184941e-02
8.583200e-01 1.235942e-02
8.587200e-01 1.267648e-02
8.591200e-01 1.266445e-02
8.595200e-01 1.279183e-02
8.599200e-01 1.320538e-02
8.603200e-01 1.359251e-02
8.607200e-01 1.351215e-02
8.611200e-01 1.293547e-02
8.615200e-01 1.213371e-02
8.619200e-01 1.167639e-02
8.623200e-01 1.163495e-02
8.627200e-01 1.194897e-02
8.631200e-01 1.238409e-02
8.635200e-01 1.275274e-02
8.639200e-01 1.323220e-02
8.643200e-01 1.353894e-02
8.647200e-01 1.397820e-02
8.651200e-01 1.444848e-02
8.655200e-01 1.492765e-02
8.659200e-01 1.516218e-02
8.663200e-01 1.511281e-02
8.667200e-01 1.489454e-02
8.671200e-01 1.481975e-02
8.675200e-01 1.498739e-02
8.679200e-01 1.496981e-02
8.683200e-01 1.480619e-02
8.687200e-01 1.461550e-02
8.691200e-01 1.458499e-02
8.695200e-01 1.471284e-02
8.699200e-01 1.511769e-02
8.703200e-01 1.542911e-02
8.707200e-01 1.571497e-02
8.711200e-01 1.616967e-02
8.715200e-01 1.661449e-02
8.719200e-01 1.686581e-02
8.723200e-01 1.688763e-02
8.727200e-01 1.700241e-02
8.731200e-01 1.729117e-02
8.735200e-01 1.771837e-02
8.739200e-01 1.817714e-02
8.743200e-01 1.848920e-02
8.747200e-01 1.863099e-02
8.751200e-01 1.879957e-02
8.755200e-01 1.902701e-02
8.759200e-01 1.898755e-02
8.763200e-01 1.875035e-02
8.767200e-01 1.838726e-02
8.771200e-01 1.798295e-02
8.775200e-01 1.759093e-02
8.779200e-01 1.719001e-02
8.783200e-01 1.692944e-02
8.787200e-01 1.672057e-02
8.791200e-01 1.704174e-02
8.795200e-01 1.740766e-02
8.799200e-01 1.795592e-02
8.803200e-01 1.830473e-02
8.807200e-01 1.860848e-02
8.811200e-01 1.913396e-02
8.815200e-01 1.954514e-02
8.819200e-01 1.991780e-02
8.823200e-01 2.008679e-02
8.827200e-01 2.037524e-02
8.831200e-01 2.079925e-02
8.835200e-01 2.149259e-02
8.839200e-01 2.231495e-02
8.843200e-01 2.264149e-02
8.847200e-01 2.276615e-02
8.851200e-01 2.291240e-02
8.855200e-01 2.311122e-02
8.859200e-01 2.338616e-02
8.863200e-01 2.359818e-02
8.867200e-01 2.374717e-02
8.871200e-01 2.392009e-02
8.875200e-01 2.429571e-02
8.879200e-01 2.496270e-02
8.883200e-01 2.549889e-02
8.887200e-01 2.592317e-02
8.891200e-01 2.622946e-02
8.895200e-01 2.665064e-02
8.899200e-01 2.726707e-02
8.903200e-01 2.779192e-02
8.907200e-01 2.835848e-02
8.911200e-01 2.880928e-02
8.915200e-01 2.942203e-02
8.919200e-01 3.026531e-02
8.923200e-01 3.117095e-02
8.927200e-01 3.179218e-02
8.931200e-01 3.228881e-02
8.935200e-01 3.265300e-02
8.939200e-01 3.295331e-02
8.943200e-01 3.336414e-02
8.947200e-01 3.364490e-02
8.951200e-01 3.395040e-02
8.955200e-01 3.428426e-02
8.959200e-01 3.482835e-02
8.963200e-01 3.528631e-02
8.967200e-01 3.566609e-02
8.971200e-01 3.601790e-02
8.975200e-01 3.638041e-02
8.979200e-01 3.705592e-02
8.983200e-01 3.766326e-02
8.987200e-01 3.845952e-02
8.991200e-01 3.917545e-02
8.995200e-01 4.005000e-02
8.999200e-01 4.115489e-02
9.003200e-01 4.246809e-02
9.007200e-01 4.349178e-02
9.011200e-01 4.444466e-02
9.015200e-01 4.541596e-02
9.019200e-01 4.615225e-02
9.023200e-01 4.685210e-02
9.027200e-01 4.772366e-02
9.031200e-01 4.880929e-02
9.035200e-01 5.001101e-02
9.039200e-01 5.139780e-02
9.043200e-01 5.252365e-02
9.047200e-01 5.352112e-02
9.051200e-01 5.469525e-02
9.055200e-01 5.611661e-02
9.059200e-01 5.726858e-02
9.063200e-01 5.811888e-02
9.067200e-01 5.882770e-02
9.071200e-01 5.944712e-02
9.075200e-01 6.035972e-02
9.079200e-01 6.131570e-02
9.083200e-01 6.201440e-02
9.087200e-01 6.247564e-02
9.091200e-01 6.321633e-02
9.095200e-01 6.431226e-02
9.099200e-01 6.565118e-02
9.103200e-01 6.718416e-02
9.107200e-01 6.871414e-02
9.111200e-01 7.023964e-02
9.115200e-01 7.199149e-02
9.119200e-01 7.378779e-02
9.123200e-01 7.542202e-02
9.127200e-01 7.707698e-02
9.131200e-01 7.864958e-02
9.135200e-01 8.023702e-02
9.139200e-01 8.187552e-02
9.143200e-01 8.345921e-02
9.147200e-01 8.487662e-02
9.151200e-01 8.612696e-02
9.155200e-01 8.727550e-02
9.159200e-01 8.813847e-02
9.163200e-01 8.891094e-02
9.167200e-01 8.971118e-02
9.171200e-01 9.045991e-02
9.175200e-01 9.128660e-02
9.179200e-01 9.211636e-02
9.183200e-01 9.326361e-02
9.187200e-01 9.452051e-02
9.191200e-01 9.607614e-02
9.195200e-01 9.789110e-02
9.199200e-01 9.984841e-02
9.203200e-01 1.017475e-01
9.207200e-01 1.038455e-01
9.211200e-01 1.060782e-01
9.215200e-01 1.079263e-01
9.219200e-01 1.094189e-01
9.223200e-01 1.103626e-01
9.227200e-01 1.110801e-01
9.231200e-01 1.118378e-01
9.235200e-01 1.129654e-01
9.239200e-01 1.140701e-01
9.243200e-01 1.150320e-01
9.247200e-01 1.161224e-01
9.251200e-01 1.175088e-01
9.255200e-01 1.194443e-01
9.259200e-01 1.218315e-01
9.263200e-01 1.242475e-01
9.267200e-01 1.263245e-01
9.271200e-01 1.280844e-01
9.275200e-01 1.295809e-01
9.279200e-01 1.309981e-01
9.283200e-01 1.323738e-01
9.287200e-01 1.338796e-01
9.291200e-01 1.354184e-01
9.295200e-01 1.370923e-01
9.299200e-01 1.390063e-01
9.303200e-01 1.412203e-01
9.307200e-01 1.436222e-01
9.311200e-01 1.459654e-01
9.315200e-01 1.480355e-01
9.319200e-01 1.495059e-01
9.323200e-01 1.508225e-01
9.327200e-01 1.520516e-01
9.331200e-01 1.534346e-01
9.335200e-01 1.550415e-01
9.339200e-01 1.571334e-01
9.343200e-01 1.596232e-01
9.347200e-01 1.625118e-01
9.351200e-01 1.654420e-01
9.355200e-01 1.678502e-01
9.359200e-01 1.698851e-01
9.363200e-01 1.715104e-01
9.367200e-01 1.730219e-01
9.371200e-01 1.746327e-01
9.375200e-01 1.766383e-01
9.379200e-01 1.790017e-01
9.383200e-01 1.817766e-01
9.387200e-01 1.847321e-01
9.391200e-01 1.875178e-01
9.395200e-01 1.904363e-01
9.399200e-01 1.934491e-01
9.403200e-01 1.965498e-01
9.407200e-01 1.994642e-01
9.411200e-01 2.021731e-01
9.415200e-01 2.049517e-01
9.419200e-01 2.078987e-01
9.423200e-01 2.114459e-01
9.427200e-01 2.153897e-01
9.431200e-01 2.196532e-01
9.435200e-01 2.239636e-01
9.439200e-01 2.285636e-01
9.443200e-01 2.331223e-01
9.447200e-01 2.373654e-01
9.451200e-01 2.413551e-01
9.455200e-01 2.453031e-01
9.459200e-01 2.492717e-01
9.463200e-01 2.532731e-01
9.467200e-01 2.574074e-01
9.471200e-01 2.612461e-01
9.475200e-01 2.652819e-01
9.479200e-01 2.698555e-01
9.483200e-01 2.751813e-01
9.487200e-01 2.808830e-01
9.491200e-01 2.864429e-01
9.495200e-01 2.914725e-01
9.499200e-01 2.963854e-01
9.503200e-01 3.015912e-01
9.507200e-01 3.070587e-01
9.511200e-01 3.123982e-01
9.515200e-01 3.172464e-01
9.519200e-01 3.215995e-01
9.523200e-01 3.262222e-01
9.527200e-01 3.315461e-01
9.531200e-01 3.369721e-01
9.535200e-01 3.424048e-01
9.539200e-01 3.476009e-01
9.543200e-01 3.528920e-01
9.547200e-01 3.585673e-01
9.551200e-01 3.646735e-01
9.555200e-01 3.707625e-01
9.559200e-01 3.767713e-01
9.563200e-01 3.827450e-01
9.567200e-01 3.885733e-01
9.571200e-01 3.943604e-01
9.575200e-01 4.000977e-01
9.579200e-01 4.059728e-01
9.583200e-01 4.123141e-01
9.587200e-01 4.189794e-01
9.591200e-01 4.256545e-01
9.595200e-01 4.321856e-01
9.599200e-01 4.388214e-01
9.603200e-01 4.457976e-01
9.607200e-01 4.531190e-01
9.611200e-01 4.607717e-01
9.615200e-01 4.681626e-01
9.619200e-01 4.756091e-01
9.623200e-01 4.833074e-01
9.627200e-01 4.914110e-01
9.631200e-01 4.996009e-01
9.635200e-01 5.078175e-01
9.639200e-01 5.158788e-01
9.643200e-01 5.238142e-01
9.647200e-01 5.319307e-01
9.651200e-01 5.399128e-01
9.655200e-01 5.477746e-01
9.659200e-01 5.556607e-01
9.663200e-01 5.639793e-01
9.667200e-01 5.727576e-01
9.671200e-01 5.824827e-01
9.675200e-01 5.932190e-01
9.679200e-01 6.048569e-01
9.683200e-01 6.172725e-01
9.687200e-01 6.302243e-01
9.691200e-01 6.433605e-01
9.695200e-01 6.564515e-01
9.699200e-01 6.695499e-01
9.703200e-01 6.827738e-01
9.707200e-01 6.960092e-01
9.711200e-01 7.092720e-01
9.715200e-01 7.222598e-01
9.719200e-01 7.351151e-01
9.723200e-01 7.481083e-01
9.727200e-01 7.612489e-01
9.731200e-01 7.744514e-01
9.735200e-01 7.873060e-01
9.739200e-01 7.996472e-01
9.743200e-01 8.115771e-01
9.747200e-01 8.235097e-01
9.751200e-01 8.352538e-01
9.755200e-01 8.467593e-01
9.759200e-01 8.580165e-01
9.763200e-01 8.691137e-01
9.767200e-01 8.799386e-01
9.771200e-01 8.908317e-01
9.775200e-01 9.016456e-01
9.779200e-01 9.125449e-01
9.783200e-01 9.237320e-01
9.787200e-01 9.352698e-01
9.791200e-01 9.469608e-01
9.795200e-01 9.586390e-01
9.799200e-01 9.703795e-01
9.803200e-01 9.818881e-01
9.807200e-01 9.932786e-01
9.811200e-01 1.004634e+00
9.815200e-01 1.015887e+00
9.819200e-01 1.026776e+00
9.823200e-01 1.037638e+00
9.827200e-01 1.048510e+00
9.831200e-01 1.059495e+00
9.835200e-01 1.070771e+00
9.839200e-01 1.082302e+00
9.843200e-01 1.093729e+00
9.847200e-01 1.105002e+00
9.851200e-01 1.116179e+00
9.855200e-01 1.127208e+00
9.859200e-01 1.138050e+00
9.863200e-01 1.148754e+00
9.867200e-01 1.159359e+00
9.871200e-01 1.169715e+00
9.875200e-01 1.179852e+00
9.879200e-01 1.189786e+00
9.883200e-01 1.199581e+00
9.887200e-01 1.209286e+00
9.891200e-01 1.218877e+00
9.895200e-01 1.228507e+00
9.899200e-01 1.238269e+00
9.903200e-01 1.247933e+00
9.907200e-01 1.257389e+00
9.911200e-01 1.266387e+00
9.915200e-01 1.275193e+00
9.919200e-01 1.284036e+00
9.923200e-01 1.293363e+00
9.927200e-01 1.302658e+00
9.931200e-01 1.311602e+00
9.935200e-01 1.320202e+00
9.939200e-01 1.328744e+00
9.943200e-01 1.337543e+00
9.947200e-01 1.346549e+00
9.951200e-01 1.355104e+00
9.955200e-01 1.362944e+00
9.959200e-01 1.370382e+00
9.963200e-01 1.377759e+00
9.967200e-01 1.385440e+00
9.971200e-01 1.393271e+00
9.975200e-01 1.400920e+00
9.979200e-01 1.408093e+00
9.983200e-01 1.415121e+00
9.987200e-01 1.422266e+00
9.991200e-01 1.429801e+00
9.995200e-01 1.437089e+00
9.999200e-01 1.443767e+00
1.000320e+00 1.449675e+00
1.000720e+00 1.455434e+00
1.001120e+00 1.461516e+00
1.001520e+00 1.468130e+00
1.001920e+00 1.474681e+00
1.002320e+00 1.480432e+00
1.002720e+00 1.485581e+00
1.003120e+00 1.490539e+00
1.003520e+00 1.495689e+00
1.003920e+00 1.500794e+00
1.004320e+00 1.505586e+00
1.004720e+00 1.509854e+00
1.005120e+00 1.513949e+00
1.005520e+00 1.518438e+00
1.005920e+00 1.523173e+00
1.006320e+00 1.527952e+00
1.006720e+00 1.532507e+00
1.007120e+00 1.536962e+00
1.007520e+00 1.541483e+00
1.007920e+00 1.545988e+00
1.008320e+00 1.550272e+00
1.008720e+00 1.554321e+00
1.009120e+00 1.558172e+00
1.009520e+00 1.561996e+00
1.009920e+00 1.565639e+00
1.010320e+00 1.569026e+00
1.010720e+00 1.572186e+00
1.011120e+00 1.575045e+00
1.011520e+00 1.577871e+00
1.011920e+00 1.580430e+00
1.012320e+00 1.583019e+00
1.012720e+00 1.585454e+00
1.013120e+00 1.588079e+00
1.013520e+00 1.590848e+00
1.013920e+00 1.593614e+00
1.014320e+00 1.596528e+00
1.014720e+00 1.599224e+00
1.015120e+00 1.601671e+00
1.015520e+00 1.603779e+00
1.015920e+00 1.605783e+00
1.016320e+00 1.607730e+00
1.016720e+00 1.609717e+00
1.017120e+00 1.611573e+00
1.017520e+00 1.613214e+00
1.017920e+00 1.614721e+00
1.018320e+00 1.616290e+00
1.018720e+00 1.618009e+00
1.019120e+00 1.619842e+00
1.019520e+00 1.621558e+00
1.019920e+00 1.623066e+00
1.020320e+00 1.624507e+00
1.020720e+00 1.625953e+00
1.021120e+00 1.627523e+00
1.021520e+00 1.629108e+00
1.021920e+00 1.630547e+00
1.022320e+00 1.631847e+00
1.022720e+00 1.633228e+00
1.023120e+00 1.634521e+00
1.023520e+00 1.635764e+00
1.023920e+00 1.636881e+00
1.024320e+00 1.638004e+00
1.024720e+00 1.639041e+00
1.025120e+00 1.640087e+00
1.025520e+00 1.641166e+00
1.025920e+00 1.641862e+00
1.026320e+00 1.642444e+00
1.026720e+00 1.642959e+00
1.027120e+00 1.643477e+00
1.027520e+00 1.644086e+00
1.027920e+00 1.644925e+00
1.028320e+00 1.645851e+00
1.028720e+00 1.646631e+00
1.029120e+00 1.647596e+00
1.029520e+00 1.648466e+00
1.029920e+00 1.649138e+00
1.030320e+00 1.649848e+00
1.030720e+00 1.650395e+00
1.031120e+00 1.650875e+00
1.031520e+00 1.651375e+00
1.031920e+00 1.651683e+00
1.032320e+00 1.651731e+00
1.032720e+00 1.651781e+00
1.033120e+00 1.651944e+00
1.033520e+00 1.652073e+00
1.033920e+00 1.652137e+00
1.034320e+00 1.651955e+00
1.034720e+00 1.651661e+00
1.035120e+00 1.651481e+00
1.035520e+00 1.651630e+00
1.035920e+00 1.651873e+00
1.036320e+00 1.652224e+00
1.036720e+00 1.652377e+00
1.037120e+00 1.652455e+00
1.037520e+00 1.652451e+00
1.037920e+00 1.652462e+00
1.038320e+00 1.652620e+00
1.038720e+00 1.652650e+00
1.039120e+00 1.652568e+00
1.039520e+00 1.652271e+00
1.039920e+00 1.652089e+00
1.040320e+00 1.651993e+00
1.040720e+00 1.651955e+00
1.041120e+00 1.651862e+00
1.041520e+00 1.651524e+00
1.041920e+00 1.651017e+00
1.042320e+00 1.650476e+00
1.042720e+00 1.650089e+00
1.043120e+00 1.649756e+00
1.043520e+00 1.649374e+00
1.043920e+00 1.648993e+00
1.044320e+00 1.648548e+00
1.044720e+00 1.648229e+00
1.045120e+00 1.648042e+00
1.045520e+00 1.647974e+00
1.045920e+00 1.647812e+00
1.046320e+00 1.647500e+00
1.046720e+00 1.647036e+00
1.047120e+00 1.646437e+00
1.047520e+00 1.645598e+00
1.047920e+00 1.644711e+00
1.048320e+00 1.643924e+00
1.048720e+00 1.643171e+00
1.049120e+00 1.642545e+00
1.049520e+00 1.641978e+00
1.049920e+00 1.641317e+00
1.050320e+00 1.640751e+00
1.050720e+00 1.640266e+00
1.051120e+00 1.639922e+00
1.051520e+00 1.639575e+00
1.051920e+00 1.639191e+00
1.052320e+00 1.638702e+00
1.052720e+00 1.638145e+00
1.053120e+00 1.637710e+00
1.053520e+00 1.637204e+00
1.053920e+00 1.636820e+00
1.054320e+00 1.636132e+00
1.054720e+00 1.635229e+00
1.055120e+00 1.634209e+00
1.055520e+00 1.633180e+00
1.055920e+00 1.632200e+00
1.056320e+00 1.631329e+00
1.056720e+00 1.630534e+00
1.057120e+00 1.629816e+00
1.057520e+00 1.629236e+00
1.057920e+00 1.628528e+00
1.058320e+00 1.627870e+00
1.058720e+00 1.627085e+00
1.059120e+00 1.626193e+00
1.059520e+00 1.625434e+00
1.059920e+00 1.624653e+00
1.060320e+00 1.623793e+00
1.060720e+00 1.622727e+00
1.061120e+00 1.621739e+00
1.061520e+00 1.620662e+00
1.061920e+00 1.619717e+00
1.062320e+00 1.619059e+00
1.062720e+00 1.618254e+00
1.063120e+00 1.617457e+00
1.063520e+00 1.616562e+00
1.063920e+00 1.615849e+00
1.064320e+00 1.615271e+00
1.064720e+00 1.614870e+00
1.065120e+00 1.614384e+00
1.065520e+00 1.613597e+00
1.065920e+00 1.612596e+00
1.066320e+00 1.611616e+00
1.066720e+00 1.611000e+00
1.067120e+00 1.610429e+00
1.067520e+00 1.609648e+00
1.067920e+00 1.608763e+00
1.068320e+00 1.607829e+00
1.068720e+00 1.607133e+00
1.069120e+00 1.606524e+00
1.069520e+00 1.605976e+00
1.069920e+00 1.604980e+00
1.070320e+00 1.603718e+00
1.070720e+00 1.602738e+00
1.071120e+00 1.601762e+00
1.071520e+00 1.600739e+00
1.071920e+00 1.599638e+00
1.072320e+00 1.598463e+00
1.072720e+00 1.597245e+00
1.073120e+00 1.596144e+00
1.073520e+00 1.595265e+00
1.073920e+00 1.594293e+00
1.074320e+00 1.593357e+00
1.074720e+00 1.592592e+00
1.075120e+00 1.591696e+00
1.075520e+00 1.590761e+00
1.075920e+00 1.589732e+00
1.076320e+00 1.588748e+00
1.076720e+00 1.587778e+00
1.077120e+00 1.586847e+00
1.077520e+00 1.585887e+00
1.077920e+00 1.584922e+00
1.078320e+00 1.584095e+00
1.078720e+00 1.583329e+00
1.079120e+00 1.582521e+00
1.079520e+00 1.581674e+00
1.079920e+00 1.580836e+00
1.080320e+00 1.579947e+00
1.080720e+00 1.579071e+00
1.081120e+00 1.578007e+00
1.081520e+00 1.576760e+00
1.081920e+00 1.575618e+00
1.082320e+00 1.574519e+00
1.082720e+00 1.573435e+00
1.083120e+00 1.572251e+00
1.083520e+00 1.570852e+00
1.083920e+00 1.569283e+00
1.084320e+00 1.567783e+00
1.084720e+00 1.566471e+00
1.085120e+00 1.565196e+00
1.085520e+00 1.563897e+00
1.085920e+00 1.562582e+00
1.086320e+00 1.561320e+00
1.086720e+00 1.560082e+00
1.087120e+00 1.558970e+00
1.087520e+00 1.557850e+00
1.087920e+00 1.556695e+00
1.088320e+00 1.555332e+00
1.088720e+00 1.554008e+00
1.089120e+00 1.552637e+00
1.089520e+00 1.550997e+00
1.089920e+00 1.549301e+00
1.090320e+00 1.547520e+00
1.090720e+00 1.545784e+00
1.091120e+00 1.544094e+00
1.091520e+00 1.542614e+00
1.091920e+00 1.541024e+00
1.092320e+00 1.539481e+00
1.092720e+00 1.537986e+00
1.093120e+00 1.536724e+00
1.093520e+00 1.535529e+00
1.093920e+00 1.534237e+00
1.094320e+00 1.532768e+00
1.094720e+00 1.531022e+00
1.095120e+00 1.529331e+00
1.095520e+00 1.527589e+00
1.095920e+00 1.525926e+00
1.096320e+00 1.524002e+00
1.096720e+00 1.521951e+00
1.097120e+00 1.519902e+00
1.097520e+00 1.517937e+00
1.097920e+00 1.516339e+00
1.098320e+00 1.514784e+00
1.098720e+00 1.513143e+00
1.099120e+00 1.511500e+00
1.099520e+00 1.509722e+00
1.099920e+00 1.507979e+00
1.100320e+00 1.506276e+00
1.100720e+00 1.504501e+00
1.101120e+00 1.502496e+00
1.101520e+00 1.500287e+00
1.101920e+00 1.497987e+00
1.102320e+00 1.495539e+00
1.102720e+00 1.493414e+00
1.103120e+00 1.491454e+00
1.103520e+00 1.489500e+00
1.103920e+00 1.487517e+00
1.104320e+00 1.485458e+00
1.104720e+00 1.483484e+00
1.105120e+00 1.481596e+00
1.105520e+00 1.479842e+00
1.105920e+00 1.477926e+00
1.106320e+00 1.475685e+00
1.106720e+00 1.473406e+00
1.107120e+00 1.471266e+00
1.107520e+00 1.469254e+00
1.107920e+00 1.467334e+00
1.108320e+00 1.465435e+00
1.108720e+00 1.463441e+00
1.109120e+00 1.461404e+00
1.109520e+00 1.459669e+00
1.109920e+00 1.458022e+00
1.110320e+00 1.456117e+00
1.110720e+00 1.454011e+00
1.111120e+00 1.451962e+00
1.111520e+00 1.449771e+00
1.111920e+00 1.447862e+00
1.112320e+00 1.446214e+00
1.112720e+00 1.444477e+00
1.113120e+00 1.442553e+00
1.113520e+00 1.440635e+00
1.113920e+00 1.438760e+00
1.114320e+00 1.436746e+00
1.114720e+00 1.434976e+00
1.115120e+00 1.433004e+00
1.115520e+00 1.430812e+00
1.115920e+00 1.428487e+00
1.116320e+00 1.426299e+00
1.116720e+00 1.424313e+00
1.117120e+00 1.422553e+00
1.117520e+00 1.420765e+00
1.117920e+00 1.418788e+00
1.118320e+00 1.416784e+00
1.118720e+00 1.414991e+00
1.119120e+00 1.413388e+00
1.119520e+00 1.411816e+00
1.119920e+00 1.410091e+00
1.120320e+00 1.408253e+00
1.120720e+00 1.406448e+00
1.121120e+00 1.404862e+00
1.121520e+00 1.403212e+00
1.121920e+00 1.401451e+00
1.122320e+00 1.399441e+00
1.122720e+00 1.397394e+00
1.123120e+00 1.395383e+00
1.123520e+00 1.393289e+00
1.123920e+00 1.391287e+00
1.124320e+00 1.389168e+00
1.124720e+00 1.387119e+00
1.125120e+00 1.385068e+00
1.125520e+00 1.383062e+00
1.125920e+00 1.381001e+00
1.126320e+00 1.379052e+00
1.126720e+00 1.377056e+00
1.127120e+00 1.374841e+00
1.127520e+00 1.372665e+00
1.127920e+00 1.370520e+00
1.128320e+00 1.368358e+00
1.128720e+00 1.366098e+00
1.129120e+00 1.363788e+00
1.129520e+00 1.361309e+00
1.129920e+00 1.358952e+00
1.130320e+00 1.356756e+00
1.130720e+00 1.354521e+00
1.131120e+00 1.352315e+00
1.131520e+00 1.350183e+00
1.131920e+00 1.348184e+00
1.132320e+00 1.346361e+00
1.132720e+00 1.344593e+00
1.133120e+00 1.342617e+00
1.133520e+00 1.340352e+00
1.133920e+00 1.337866e+00
1.134320e+00 1.335326e+00
1.134720e+00 1.332679e+00
1.135120e+00 1.329980e+00
1.135520e+00 1.327417e+00
1.135920e+00 1.324901e+00
1.136320e+00 1.322651e+00
1.136720e+00 1.320559e+00
1.137120e+00 1.318572e+00
1.137520e+00 1.316499e+00
1.137920e+00 1.314463e+00
1.138320e+00 1.312389e+00
1.138720e+00 1.310124e+00
1.139120e+00 1.307848e+00
1.139520e+00 1.305521e+00
1.139920e+00 1.303236e+00
1.140320e+00 1.300939e+00
1.140720e+00 1.298676e+00
1.141120e+00 1.296443e+00
1.141520e+00 1.294425e+00
1.141920e+00 1.292406e+00
1.142320e+00 1.290305e+00
1.142720e+00 1.288006e+00
1.143120e+00 1.285588e+00
1.143520e+00 1.283168e+00
1.143920e+00 1.280708e+00
1.144320e+00 1.278128e+00
1.144720e+00 1.275484e+00
1.145120e+00 1.272763e+00
1.145520e+00 1.270082e+00
1.145920e+00 1.267642e+00
1.146320e+00 1.265445e+00
1.146720e+00 1.263360e+00
1.147120e+00 1.261400e+00
1.147520e+00 1.259441e+00
1.147920e+00 1.257377e+00
1.148320e+00 1.255273e+00
1.148720e+00 1.253130e+00
1.149120e+00 1.250964e+00
1.149520e+00 1.248741e+00
1.149920e+00 1.246418e+00
1.150320e+00 1.243946e+00
1.150720e+00 1.241475e+00
1.151120e+00 1.239190e+00
1.151520e+00 1.237058e+00
1.151920e+00 1.234895e+00
1.152320e+00 1.232464e+00
1.152720e+00 1.229894e+00
1.153120e+00 1.227412e+00
1.153520e+00 1.225197e+00
1.153920e+00 1.223114e+00
1.154320e+00 1.220816e+00
1.154720e+00 1.218350e+00
1.155120e+00 1.215915e+00
1.155520e+00 1.213678e+00
1.155920e+00 1.211586e+00
1.156320e+00 1.209523e+00
1.156720e+00 1.207292e+00
1.157120e+00 1.204800e+00
1.157520e+00 1.202368e+00
1.157920e+00 1.199994e+00
1.158320e+00 1.197771e+00
1.158720e+00 1.195487e+00
1.159120e+00 1.193073e+00
1.159520e+00 1.190658e+00
1.159920e+00 1.188314e+00
1.160320e+00 1.186094e+00
1.160720e+00 1.183855e+00
1.161120e+00 1.181596e+00
1.161520e+00 1.179094e+00
1.161920e+00 1.176478e+00
1.162320e+00 1.173946e+00
1.162720e+00 1.171377e+00
1.163120e+00 1.168652e+00
1.163520e+00 1.166044e+00
1.163920e+00 1.163365e+00
1.164320e+00 1.160666e+00
1.164720e+00 1.157940e+00
1.165120e+00 1.155261e+00
1.165520e+00 1.152739e+00
1.165920e+00 1.150308e+00
1.166320e+00 1.148009e+00
1.166720e+00 1.145618e+00
1.167120e+00 1.143123e+00
1.167520e+00 1.140488e+00
1.167920e+00 1.138103e+00
1.168320e+00 1.136080e+00
1.168720e+00 1.133957e+00
1.169120e+00 1.131723e+00
1.169520e+00 1.129159e+00
1.169920e+00 1.126597e+00
1.170320e+00 1.124025e+00
1.170720e+00 1.121645e+00
1.171120e+00 1.119168e+00
1.171520e+00 1.116521e+00
1.171920e+00 1.113720e+00
1.172320e+00 1.110990e+00
1.172720e+00 1.108619e+00
1.173120e+00 1.106257e+00
1.173520e+00 1.104151e+00
1.173920e+00 1.101865e+00
1.174320e+00 1.099487e+00
1.174720e+00 1.096832e+00
1.175120e+00 1.094256e+00
1.175520e+00 1.091779e+00
1.175920e+00 1.089406e+00
1.176320e+00 1.087124e+00
1.176720e+00 1.084712e+00
1.177120e+00 1.082348e+00
1.177520e+00 1.080079e+00
1.177920e+00 1.077981e+00
1.178320e+00 1.075916e+00
1.178720e+00 1.073530e+00
1.179120e+00 1.071020e+00
1.179520e+00 1.068473e+00
1.179920e+00 1.066022e+00
1.180320e+00 1.063549e+00
1.180720e+00 1.060947e+00
1.181120e+00 1.058396e+00
1.181520e+00 1.055808e+00
1.181920e+00 1.053327e+00
1.182320e+00 1.050650e+00
1.182720e+00 1.047948e+00
1.183120e+00 1.045056e+00
1.183520e+00 1.042383e+00
1.183920e+00 1.039882e+00
1.184320e+00 1.037448e+00
1.184720e+00 1.035023e+00
1.185120e+00 1.032479e+00
1.185520e+00 1.030135e+00
1.185920e+00 1.027819e+00
1.186320e+00 1.025722e+00
1.186720e+00 1.023436e+00
1.187120e+00 1.021097e+00
1.187520e+00 1.018595e+00
1.187920e+00 1.016191e+00
1.188320e+00 1.014031e+00
1.188720e+00 1.011840e+00
1.189120e+00 1.009451e+00
1.189520e+00 1.006729e+00
1.189920e+00 1.004061e+00
1.190320e+00 1.001577e+00
1.190720e+00 9.990999e-01
1.191120e+00 9.964687e-01
1.191520e+00 9.936820e-01
1.191920e+00 9.908208e-01
1.192320e+00 9.880953e-01
1.192720e+00 9.856176e-01
1.193120e+00 9.832233e-01
1.193520e+00 9.807171e-01
1.193920e+00 9.781911e-01
1.194320e+00 9.756814e-01
1.194720e+00 9.733056e-01
1.195120e+00 9.712090e-01
1.195520e+00 9.694252e-01
1.195920e+00 9.677492e-01
1.196320e+00 9.657835e-01
1.196720e+00 9.635959e-01
1.197120e+00 9.612111e-01
1.197520e+00 9.587081e-01
1.197920e+00 9.562727e-01
1.198320e+00 9.536381e-01
1.198720e+00 9.506517e-01
1.199120e+00 9.476593e-01
1.199520e+00 9.448005e-01
1.199920e+00 9.423464e-01
1.200320e+00 9.401988e-01
1.200720e+00 9.382773e-01
1.201120e+00 9.362074e-01
1.201520e+00 9.341026e-01
1.201920e+00 9.320176e-01
1.202320e+00 9.298192e-01
1.202720e+00 9.277204e-01
1.203120e+00 9.254003e-01
1.203520e+00 9.230913e-01
1.203920e+00 9.206416e-01
1.204320e+00 9.180276e-01
1.204720e+00 9.154030e-01
1.205120e+00 9.130116e-01
1.205520e+00 9.107546e-01
1.205920e+00 9.086502e-01
1.206320e+00 9.065897e-01
1.206720e+00 9.046522e-01
1.207120e+00 9.028143e-01
1.207520e+00 9.013127e-01
1.207920e+00 8.998041e-01
1.208320e+00 8.980543e-01
1.208720e+00 8.961690e-01
1.209120e+00 8.940280e-01
1.209520e+00 8.917903e-01
1.209920e+00 8.894150e-01
1.210320e+00 8.870370e-01
1.210720e+00 8.847427e-01
1.211120e+00 8.825459e-01
1.211520e+00 8.806148e-01
1.211920e+00 8.789111e-01
1.212320e+00 8.773418e-01
1.212720e+00 8.756106e-01
1.213120e+00 8.737273e-01
1.213520e+00 8.718155e-01
1.213920e+00 8.696605e-01
1.214320e+00 8.674660e-01
1.214720e+00 8.651541e-01
1.215120e+00 8.626936e-01
1.215520e+00 8.602321e-01
1.215920e+00 8.579441e-01
1.216320e+00 8.556725e-01
1.216720e+00 8.535130e-01
1.217120e+00 8.515710e-01
1.217520e+00 8.496302e-01
1.217920e+00 8.474800e-01
1.218320e+00 8.452736e-01
1.218720e+00 8.429454e-01
1.219120e+00 8.404792e-01
1.219520e+00 8.381112e-01
1.219920e+00 8.356755e-01
1.220320e+00 8.331572e-01
1.220720e+00 8.308421e-01
1.221120e+00 8.285440e-01
1.221520e+00 8.261429e-01
1.221920e+00 8.237952e-01
1.222320e+00 8.216643e-01
1.222720e+00 8.195900e-01
1.223120e+00 8.177154e-01
1.223520e+00 8.158141e-01
1.223920e+00 8.134607e-01
1.224320e+00 8.111985e-01
1.224720e+00 8.090951e-01
1.225120e+00 8.071729e-01
1.225520e+00 8.054517e-01
1.225920e+00 8.037898e-01
1.226320e+00 8.020133e-01
1.226720e+00 8.000865e-01
1.227120e+00 7.982835e-01
1.227520e+00 7.962484e-01
1.227920e+00 7.942712e-01
1.228320e+00 7.922070e-01
1.228720e+00 7.900260e-01
1.229120e+00 7.878061e-01
1.229520e+00 7.854704e-01
1.229920e+00 7.830602e-01
1.230320e+00 7.806178e-01
1.230720e+00 7.782256e-01
1.231120e+00 7.758236e-01
1.231520e+00 7.735636e-01
1.231920e+00 7.714978e-01
1.232320e+00 7.695979e-01
1.232720e+00 7.676205e-01
1.233120e+00 7.657113e-01
1.233520e+00 7.638619e-01
1.233920e+00 7.623803e-01
1.234320e+00 7.609422e-01
1.234720e+00 7.592598e-01
1.235120e+00 7.571993e-01
1.235520e+00 7.549610e-01
1.235920e+00 7.528098e-01
1.236320e+00 7.506695e-01
1.236720e+00 7.485277e-01
1.237120e+00 7.463034e-01
1.237520e+00 7.441067e-01
1.237920e+00 7.420835e-01
1.238320e+00 7.401970e-01
1.238720e+00 7.382992e-01
1.239120e+00 7.365774e-01
1.239520e+00 7.349015e-01
1.239920e+00 7.334748e-01
1.240320e+00 7.320192e-01
1.240720e+00 7.304433e-01
1.241120e+00 7.286771e-01
1.241520e+00 7.268435e-01
1.241920e+00 7.248922e-01
1.242320e+00 7.227684e-01
1.242720e+00 7.203974e-01
1.243120e+00 7.178746e-01
1.243520e+00 7.154362e-01
1.243920e+00 7.133137e-01
1.244320e+00 7.113215e-01
1.244720e+00 7.093212e-01
1.245120e+00 7.072444e-01
1.245520e+00 7.050325e-01
1.245920e+00 7.031549e-01
1.246320e+00 7.014452e-01
1.246720e+00 6.997550e-01
1.247120e+00 6.978284e-01
1.247520e+00 6.958093e-01
1.247920e+00 6.939982e-01
1.248320e+00 6.924167e-01
1.248720e+00 6.911045e-01
1.249120e+00 6.897702e-01
1.249520e+00 6.883356e-01
1.249920e+00 6.868132e-01
1.250320e+00 6.851056e-01
1.250720e+00 6.832943e-01
1.251120e+00 6.813283e-01
1.251520e+00 6.793429e-01
1.251920e+00 6.771953e-01
1.252320e+00 6.750606e-01
1.252720e+00 6.730889e-01
1.253120e+00 6.711094e-01
1.253520e+00 6.692670e-01
1.253920e+00 6.675636e-01
1.254320e+00 6.659059e-01
1.254720e+00 6.642319e-01
1.255120e+00 6.628771e-01
1.255520e+00 6.615397e-01
1.255920e+00 6.601264e-01
1.256320e+00 6.588093e-01
1.256720e+00 6.575641e-01
1.257120e+00 6.562457e-01
1.257520e+00 6.546016e-01
1.257920e+00 6.529288e-01
1.258320e+00 6.510363e-01
1.258720e+00 6.491298e-01
1.259120e+00 6.472314e-01
1.259520e+00 6.453977e-01
1.259920e+00 6.436103e-01
1.260320e+00 6.419918e-01
1.260720e+00 6.404305e-01
1.261120e+00 6.387104e-01
1.261520e+00 6.370357e-01
1.261920e+00 6.355186e-01
1.262320e+00 6.341655e-01
1.262720e+00 6.327080e-01
1.263120e+00 6.311194e-01
1.263520e+00 6.293559e-01
1.263920e+00 6.277631e-01
1.264320e+00 6.262826e-01
1.264720e+00 6.248635e-01
1.265120e+00 6.233917e-01
1.265520e+00 6.217442e-01
1.265920e+00 6.200259e-01
1.266320e+00 6.184294e-01
1.266720e+00 6.169517e-01
1.267120e+00 6.155706e-01
1.267520e+00 6.142326e-01
1.267920e+00 6.128673e-01
1.268320e+00 6.114716e-01
1.268720e+00 6.100164e-01
1.269120e+00 6.085951e-01
1.269520e+00 6.071650e-01
1.269920e+00 6.057794e-01
1.270320e+00 6.044545e-01
1.270720e+00 6.032659e-01
1.271120e+00 6.020133e-01
1.271520e+00 6.006495e-01
1.271920e+00 5.993364e-01
1.272320e+00 5.979863e-01
1.272720e+00 5.966108e-01
1.273120e+00 5.952533e-01
1.273520e+00 5.937152e-01
1.273920e+00 5.920722e-01
1.274320e+00 5.905675e-01
1.274720e+00 5.892511e-01
1.275120e+00 5.879006e-01
1.275520e+00 5.866231e-01
1.275920e+00 5.853874e-01
1.276320e+00 5.840958e-01
1.276720e+00 5.829336e-01
1.277120e+00 5.819041e-01
1.277520e+00 5.807481e-01
1.277920e+00 5.796225e-01
1.278320e+00 5.784069e-01
1.278720e+00 5.771193e-01
1.279120e+00 5.757074e-01
1.279520e+00 5.743864e-01
1.279920e+00 5.731592e-01
1.280320e+00 5.720537e-01
1.280720e+00 5.708883e-01
1.281120e+00 5.695813e-01
1.281520e+00 5.684438e-01
1.281920e+00 5.674552e-01
1.282320e+00 5.666721e-01
1.282720e+00 5.660293e-01
1.283120e+00 5.653641e-01
1.283520e+00 5.645537e-01
1.283920e+00 5.637908e-01
1.284320e+00 5.628741e-01
1.284720e+00 5.617789e-01
1.285120e+00 5.607164e-01
1.285520e+00 5.595466e-01
1.285920e+00 5.583007e-01
1.286320e+00 5.568872e-01
1.286720e+00 5.554995e-01
1.287120e+00 5.541657e-01
1.287520e+00 5.530447e-01
1.287920e+00 5.520420e-01
1.288320e+00 5.508842e-01
1.288720e+00 5.498540e-01
1.289120e+00 5.487561e-01
1.289520e+00 5.477264e-01
1.289920e+00 5.467433e-01
1.290320e+00 5.459153e-01
1.290720e+00 5.451331e-01
1.291120e+00 5.443325e-01
1.291520e+00 5.434798e-01
1.291920e+00 5.425851e-01
1.292320e+00 5.418301e-01
1.292720e+00 5.411966e-01
1.293120e+00 5.405641e-01
1.293520e+00 5.397707e-01
1.293920e+00 5.389151e-01
1.294320e+00 5.378611e-01
1.294720e+00 5.367062e-01
1.295120e+00 5.352590e-01
1.295520e+00 5.337752e-01
1.295920e+00 5.326345e-01
1.296320e+00 5.315702e-01
1.296720e+00 5.306035e-01
1.297120e+00 5.294632e-01
1.297520e+00 5.285505e-01
1.297920e+00 5.279835e-01
1.298320e+00 5.277258e-01
1.298720e+00 5.274448e-01
1.299120e+00 5.267713e-01
1.299520e+00 5.259394e-01
1.299920e+00 5.250276e-01
1.300320e+00 5.242912e-01
1.300720e+00 5.235546e-01
1.301120e+00 5.227552e-01
1.301520e+00 5.219916e-01
1.301920e+00 5.214343e-01
1.302320e+00 5.209630e-01
1.302720e+00 5.204485e-01
1.303120e+00 5.198180e-01
1.303520e+00 5.190299e-01
1.303920e+00 5.181407e-01
1.304320e+00 5.171747e-01
1.304720e+00 5.160210e-01
1.305120e+00 5.148583e-01
1.305520e+00 5.139864e-01
1.305920e+00 5.133795e-01
1.306320e+00 5.127838e-01
1.306720e+00 5.121167e-01
1.307120e+00 5.114908e-01
1.307520e+00 5.110669e-01
1.307920e+00 5.108037e-01
1.308320e+00 5.105388e-01
1.308720e+00 5.099703e-01
1.309120e+00 5.091813e-01
1.309520e+00 5.085889e-01
1.309920e+00 5.083826e-01
1.310320e+00 5.082491e-01
1.310720e+00 5.077841e-01
1.311120e+00 5.071760e-01
1.311520e+00 5.063656e-01
1.311920e+00 5.054760e-01
1.312320e+00 5.047260e-01
1.312720e+00 5.037021e-01
1.313120e+00 5.024101e-01
1.313520e+00 5.011533e-01
1.313920e+00 5.002675e-01
1.314320e+00 4.995739e-01
1.314720e+00 4.989224e-01
1.315120e+00 4.983411e-01
1.315520e+00 4.978773e-01
1.315920e+00 4.979322e-01
1.316320e+00 4.983350e-01
1.316720e+00 4.986656e-01
1.317120e+00 4.985939e-01
1.317520e+00 4.981329e-01
1.317920e+00 4.972890e-01
1.318320e+00 4.963859e-01
1.318720e+00 4.954329e-01
1.319120e+00 4.941779e-01
1.319520e+00 4.927546e-01
1.319920e+00 4.913456e-01
1.320320e+00 4.902191e-01
1.320720e+00 4.895297e-01
1.321120e+00 4.894035e-01
1.321520e+00 4.893950e-01
1.321920e+00 4.893543e-01
1.322320e+00 4.892485e-01
1.322720e+00 4.890867e-01
1.323120e+00 4.889591e-01
1.323520e+00 4.888623e-01
1.323920e+00 4.886679e-01
1.324320e+00 4.881958e-01
1.324720e+00 4.875383e-01
1.325120e+00 4.866166e-01
1.325520e+00 4.857449e-01
1.325920e+00 4.850475e-01
1.326320e+00 4.845225e-01
1.326720e+00 4.840028e-01
1.327120e+00 4.834728e-01
1.327520e+00 4.829095e-01
1.327920e+00 4.821644e-01
1.328320e+00 4.814969e-01
1.328720e+00 4.808282e-01
1.329120e+00 4.800993e-01
1.329520e+00 4.795542e-01
1.329920e+00 4.791645e-01
1.330320e+00 4.787567e-01
1.330720e+00 4.782931e-01
1.331120e+00 4.780566e-01
1.331520e+00 4.778679e-01
1.331920e+00 4.778358e-01
1.332320e+00 4.778467e-01
1.332720e+00 4.774961e-01
1.333120e+00 4.769230e-01
1.333520e+00 4.766330e-01
1.333920e+00 4.766732e-01
1.334320e+00 4.767611e-01
1.334720e+00 4.767412e-01
1.335120e+00 4.765015e-01
1.335520e+00 4.759484e-01
1.335920e+00 4.754833e-01
1.336320e+00 4.751056e-01
1.336720e+00 4.742671e-01
1.337120e+00 4.731208e-01
1.337520e+00 4.719850e-01
1.337920e+00 4.711848e-01
1.338320e+00 4.707999e-01
1.338720e+00 4.708762e-01
1.339120e+00 4.709213e-01
1.339520e+00 4.708421e-01
1.339920e+00 4.710393e-01
1.340320e+00 4.713845e-01
1.340720e+00 4.716698e-01
1.341120e+00 4.716262e-01
1.341520e+00 4.712916e-01
1.341920e+00 4.707131e-01
1.342320e+00 4.701245e-01
1.342720e+00 4.696039e-01
1.343120e+00 4.691118e-01
1.343520e+00 4.689475e-01
1.343920e+00 4.690844e-01
1.344320e+00 4.693051e-01
1.344720e+00 4.691184e-01
1.345120e+00 4.687866e-01
1.345520e+00 4.686788e-01
1.345920e+00 4.688844e-01
1.346320e+00 4.691315e-01
1.346720e+00 4.689978e-01
1.347120e+00 4.686101e-01
1.347520e+00 4.685115e-01
1.347920e+00 4.691070e-01
1.348320e+00 4.698375e-01
1.348720e+00 4.698398e-01
1.349120e+00 4.689359e-01
1.349520e+00 4.679231e-01
1.349920e+00 4.674146e-01
1.350320e+00 4.674925e-01
1.350720e+00 4.675503e-01
1.351120e+00 4.673331e-01
1.351520e+00 4.666722e-01
1.351920e+00 4.659735e-01
1.352320e+00 4.658749e-01
1.352720e+00 4.662379e-01
1.353120e+00 4.666437e-01
1.353520e+00 4.668704e-01
1.353920e+00 4.667799e-01
1.354320e+00 4.664531e-01
1.354720e+00 4.664829e-01
1.355120e+00 4.672994e-01
1.355520e+00 4.682059e-01
1.355920e+00 4.683961e-01
1.356320e+00 4.678427e-01
1.356720e+00 4.667775e-01
1.357120e+00 4.661920e-01
1.357520e+00 4.663257e-01
1.357920e+00 4.667042e-01
1.358320e+00 4.669097e-01
1.358720e+00 4.669898e-01
1.359120e+00 4.672432e-01
1.359520e+00 4.676309e-01
1.359920e+00 4.679393e-01
1.360320e+00 4.674336e-01
1.360720e+00 4.660417e-01
1.361120e+00 4.643283e-01
1.361520e+00 4.627163e-01
