7.562400e-01 5.478666e-04
7.563600e-01 3.881555e-04
7.564800e-01 2.328177e-04
7.566000e-01 1.632998e-04
7.567200e-01 3.144008e-04
7.568400e-01 3.715073e-04
7.569600e-01 3.256746e-04
7.570800e-01 2.315411e-04
7.572000e-01 4.518093e-04
7.573200e-01 5.595954e-04
7.574400e-01 6.135271e-04
7.575600e-01 4.818532e-04
7.576800e-01 1.740962e-04
7.578000e-01 -5.276055e-05
7.579200e-01 -8.821615e-05
7.580400e-01 -1.933959e-04
7.581600e-01 -3.665172e-04
7.582800e-01 -2.858125e-04
7.584000e-01 -5.265505e-05
7.585200e-01 1.879062e-04
7.586400e-01 3.196855e-04
7.587600e-01 4.100608e-04
7.588800e-01 4.830882e-04
7.590000e-01 5.765135e-04
7.591200e-01 3.419457e-04
7.592400e-01 2.124385e-05
7.593600e-01 -6.559430e-05
7.594800e-01 4.116445e-05
7.596000e-01 7.734845e-05
7.597200e-01 -4.677045e-05
7.598400e-01 -1.284192e-04
7.599600e-01 -1.333445e-04
7.600800e-01 -1.670231e-04
7.602000e-01 -3.398466e-04
7.603200e-01 -4.445999e-04
7.604400e-01 -3.063658e-04
7.605600e-01 -4.952200e-06
7.606800e-01 1.019776e-04
7.608000e-01 -3.506765e-05
7.609200e-01 -8.738745e-05
7.610400e-01 -6.985210e-05
7.611600e-01 -1.155499e-04
7.612800e-01 -3.649431e-04
7.614000e-01 -4.991143e-04
7.615200e-01 -5.976339e-04
7.616400e-01 -4.451300e-04
7.617600e-01 -2.721623e-04
7.618800e-01 2.710010e-05
7.620000e-01 2.152851e-04
7.621200e-01 2.968087e-04
7.622400e-01 4.314091e-04
7.623600e-01 7.133125e-04
7.624800e-01 8.067775e-04
7.626000e-01 7.128180e-04
7.627200e-01 6.394157e-04
7.628400e-01 5.786140e-04
7.629600e-01 4.961710e-04
7.630800e-01 4.791372e-04
7.632000e-01 4.941032e-04
7.633200e-01 3.988225e-04
7.634400e-01 2.565060e-04
7.635600e-01 2.423244e-04
7.636800e-01 3.009345e-04
7.638000e-01 2.637040e-04
7.639200e-01 2.384197e-04
7.640400e-01 1.938427e-04
7.641600e-01 2.839232e-04
7.642800e-01 3.601153e-04
7.644000e-01 5.635130e-04
7.645200e-01 5.897504e-04
7.646400e-01 6.949725e-04
7.647600e-01 7.472119e-04
7.648800e-01 8.926828e-04
7.650000e-01 1.238799e-03
7.651200e-01 1.412259e-03
7.652400e-01 1.479679e-03
7.653600e-01 1.299180e-03
7.654800e-01 1.086414e-03
7.656000e-01 8.144810e-04
7.657200e-01 9.263330e-04
7.658400e-01 1.091428e-03
7.659600e-01 1.116607e-03
7.660800e-01 9.365428e-04
7.662000e-01 6.040523e-04
7.663200e-01 4.099414e-04
7.664400e-01 3.474600e-05
7.665600e-01 -5.526810e-05
7.666800e-01 1.147969e-04
7.668000e-01 1.761959e-04
7.669200e-01 -7.752630e-05
7.670400e-01 -1.807601e-04
7.671600e-01 -8.267005e-05
7.672800e-01 1.379956e-04
7.674000e-01 3.538814e-04
7.675200e-01 5.508421e-04
7.676400e-01 4.128474e-04
7.677600e-01 2.469196e-04
7.678800e-01 1.279875e-04
7.680000e-01 3.489976e-04
7.681200e-01 4.426054e-04
7.682400e-01 5.698658e-04
7.683600e-01 5.462269e-04
7.684800e-01 3.827772e-04
7.686000e-01 2.671216e-04
7.687200e-01 1.154615e-04
7.688400e-01 -4.740400e-05
7.689600e-01 -2.920220e-04
7.690800e-01 -4.757470e-04
7.692000e-01 -3.205010e-04
7.693200e-01 -2.005955e-04
7.694400e-01 -1.692100e-05
7.695600e-01 9.607850e-05
7.696800e-01 8.584975e-05
7.698000e-01 1.369073e-04
7.699200e-01 3.234774e-04
7.700400e-01 4.364793e-04
7.701600e-01 3.716453e-04
7.702800e-01 3.561177e-04
7.704000e-01 3.124891e-04
7.705200e-01 4.852288e-04
7.706400e-01 5.271056e-04
7.707600e-01 3.668838e-04
7.708800e-01 3.352649e-04
7.710000e-01 3.696083e-04
7.711200e-01 3.415016e-04
7.712400e-01 2.469600e-05
7.713600e-01 -2.110430e-04
7.714800e-01 -3.687307e-04
7.716000e-01 -5.131270e-04
7.717200e-01 -6.984203e-04
7.718400e-01 -9.896665e-04
7.719600e-01 -1.216566e-03
7.720800e-01 -1.230718e-03
7.722000e-01 -1.144337e-03
7.723200e-01 -9.826358e-04
7.724400e-01 -7.443088e-04
7.725600e-01 -5.644603e-04
7.726800e-01 -5.402376e-04
7.728000e-01 -5.766194e-04
7.729200e-01 -5.592964e-04
7.730400e-01 -3.138410e-04
7.731600e-01 1.203820e-04
7.732800e-01 4.044245e-04
7.734000e-01 4.262700e-04
7.735200e-01 2.654450e-04
7.736400e-01 1.042365e-04
7.737600e-01 -9.924850e-05
7.738800e-01 -1.454670e-04
7.740000e-01 -1.051662e-04
7.741200e-01 -1.217787e-04
7.742400e-01 -1.815520e-04
7.743600e-01 -1.593664e-04
7.744800e-01 -9.207625e-05
7.746000e-01 -1.099853e-04
7.747200e-01 1.170544e-04
7.748400e-01 2.967532e-04
7.749600e-01 3.885841e-04
7.750800e-01 3.417703e-04
7.752000e-01 4.818225e-05
7.753200e-01 -1.990145e-05
7.754400e-01 1.168542e-04
7.755600e-01 2.282718e-04
7.756800e-01 1.866696e-04
7.758000e-01 1.258081e-04
7.759200e-01 8.851735e-05
7.760400e-01 1.642782e-04
7.761600e-01 1.965373e-04
7.762800e-01 2.548679e-04
7.764000e-01 2.166090e-04
7.765200e-01 1.975104e-04
7.766400e-01 1.238810e-05
7.767600e-01 -1.020275e-04
7.768800e-01 -1.352890e-04
7.770000e-01 1.040405e-04
7.771200e-01 2.300714e-04
7.772400e-01 2.785124e-04
7.773600e-01 2.304835e-04
7.774800e-01 1.288364e-04
7.776000e-01 1.808825e-04
7.777200e-01 2.891226e-04
7.778400e-01 2.835325e-04
7.779600e-01 1.328538e-04
7.780800e-01 3.174325e-05
7.782000e-01 4.120690e-05
7.783200e-01 -1.028841e-04
7.784400e-01 -1.976926e-04
7.785600e-01 -2.244970e-04
7.786800e-01 -1.448188e-04
7.788000e-01 -2.796744e-04
7.789200e-01 -4.256385e-04
7.790400e-01 -4.667502e-04
7.791600e-01 -3.424535e-04
7.792800e-01 -2.194931e-04
7.794000e-01 -1.182042e-04
7.795200e-01 -6.922855e-05
7.796400e-01 -6.784750e-05
7.797600e-01 -8.657250e-05
7.798800e-01 -8.524820e-05
7.800000e-01 -9.365600e-06
7.801200e-01 6.628460e-05
7.802400e-01 1.961384e-04
7.803600e-01 3.928215e-04
7.804800e-01 4.894045e-04
7.806000e-01 6.564015e-04
7.807200e-01 7.887630e-04
7.808400e-01 9.335075e-04
7.809600e-01 8.942520e-04
7.810800e-01 7.468485e-04
7.812000e-01 6.273290e-04
7.813200e-01 3.117738e-04
7.814400e-01 -8.834020e-05
7.815600e-01 -3.759798e-04
7.816800e-01 -4.284386e-04
7.818000e-01 -5.377040e-04
7.819200e-01 -4.271775e-04
7.820400e-01 -4.343420e-04
7.821600e-01 -5.555325e-04
7.822800e-01 -5.630413e-04
7.824000e-01 -3.938657e-04
7.825200e-01 -1.541987e-04
7.826400e-01 -4.679255e-05
7.827600e-01 5.408220e-05
7.828800e-01 2.705747e-04
7.830000e-01 3.182019e-04
7.831200e-01 1.490986e-04
7.832400e-01 2.788600e-05
7.833600e-01 1.503605e-04
7.834800e-01 4.082715e-04
7.836000e-01 4.828984e-04
7.837200e-01 3.198136e-04
7.838400e-01 4.559355e-05
7.839600e-01 -8.872790e-05
7.840800e-01 -3.287490e-05
7.842000e-01 -1.248572e-05
7.843200e-01 3.990800e-06
7.844400e-01 -1.043661e-04
7.845600e-01 -3.004712e-04
7.846800e-01 -5.675482e-04
7.848000e-01 -5.704920e-04
7.849200e-01 -4.936855e-04
7.850400e-01 -4.184415e-04
7.851600e-01 -2.888663e-04
7.852800e-01 -6.370800e-05
7.854000e-01 2.041959e-04
7.855200e-01 6.443070e-04
7.856400e-01 1.042094e-03
7.857600e-01 1.195487e-03
7.858800e-01 1.230003e-03
7.860000e-01 1.208172e-03
7.861200e-01 1.218974e-03
7.862400e-01 1.221530e-03
7.863600e-01 1.169492e-03
7.864800e-01 9.965105e-04
7.866000e-01 1.009862e-03
7.867200e-01 1.101654e-03
7.868400e-01 1.048160e-03
7.869600e-01 7.986805e-04
7.870800e-01 7.562820e-04
7.872000e-01 7.250800e-04
7.873200e-01 6.740730e-04
7.874400e-01 5.844098e-04
7.875600e-01 5.894494e-04
7.876800e-01 3.861364e-04
7.878000e-01 2.073046e-04
7.879200e-01 6.933570e-05
7.880400e-01 -1.558116e-04
7.881600e-01 -4.320533e-04
7.882800e-01 -4.929543e-04
7.884000e-01 -3.456779e-04
7.885200e-01 -3.027501e-04
7.886400e-01 -3.410559e-04
7.887600e-01 -4.848124e-04
7.888800e-01 -4.797610e-04
7.890000e-01 -3.370831e-04
7.891200e-01 -3.406844e-04
7.892400e-01 -5.210397e-04
7.893600e-01 -5.938918e-04
7.894800e-01 -4.926231e-04
7.896000e-01 -5.803595e-04
7.897200e-01 -6.680653e-04
7.898400e-01 -6.888530e-04
7.899600e-01 -5.833603e-04
7.900800e-01 -4.240096e-04
7.902000e-01 -5.040147e-04
7.903200e-01 -6.240656e-04
7.904400e-01 -8.077781e-04
7.905600e-01 -8.522831e-04
7.906800e-01 -7.888610e-04
7.908000e-01 -6.858156e-04
7.909200e-01 -9.036340e-04
7.910400e-01 -1.155788e-03
7.911600e-01 -1.262183e-03
7.912800e-01 -1.054100e-03
7.914000e-01 -7.051899e-04
7.915200e-01 -4.239928e-04
7.916400e-01 -3.385734e-04
7.917600e-01 -3.482753e-04
7.918800e-01 -2.517630e-04
7.920000e-01 -1.079826e-04
7.921200e-01 4.701625e-05
7.922400e-01 3.520403e-04
7.923600e-01 7.504910e-04
7.924800e-01 9.563020e-04
7.926000e-01 1.000871e-03
7.927200e-01 9.138550e-04
7.928400e-01 8.589365e-04
7.929600e-01 1.030309e-03
7.930800e-01 1.153818e-03
7.932000e-01 1.193223e-03
7.933200e-01 1.086787e-03
7.934400e-01 1.006560e-03
7.935600e-01 8.584380e-04
7.936800e-01 8.658860e-04
7.938000e-01 9.401019e-04
7.939200e-01 7.665342e-04
7.940400e-01 4.959570e-04
7.941600e-01 3.190121e-04
7.942800e-01 1.698091e-04
7.944000e-01 -4.303950e-06
7.945200e-01 2.176692e-04
7.946400e-01 4.650040e-04
7.947600e-01 4.845601e-04
7.948800e-01 4.360508e-04
7.950000e-01 5.838075e-04
7.951200e-01 6.645643e-04
7.952400e-01 5.987279e-04
7.953600e-01 4.915939e-04
7.954800e-01 5.516164e-04
7.956000e-01 5.492183e-04
7.957200e-01 3.879796e-04
7.958400e-01 2.431218e-04
7.959600e-01 3.389998e-04
7.960800e-01 4.138500e-04
7.962000e-01 4.525365e-04
7.963200e-01 5.714482e-04
7.964400e-01 7.330467e-04
7.965600e-01 6.614583e-04
7.966800e-01 3.935203e-04
7.968000e-01 2.276979e-04
7.969200e-01 3.268987e-04
7.970400e-01 5.087323e-04
7.971600e-01 5.071776e-04
7.972800e-01 2.256074e-04
7.974000e-01 -1.235350e-04
7.975200e-01 -2.103331e-04
7.976400e-01 -9.724749e-05
7.977600e-01 1.425310e-04
7.978800e-01 3.328128e-04
7.980000e-01 3.000483e-04
7.981200e-01 1.219544e-04
7.982400e-01 2.053871e-04
7.983600e-01 4.986628e-04
7.984800e-01 6.611681e-04
7.986000e-01 5.929387e-04
7.987200e-01 4.543462e-04
7.988400e-01 3.791014e-04
7.989600e-01 1.697991e-04
7.990800e-01 -7.611235e-05
7.992000e-01 -1.233684e-04
7.993200e-01 4.562095e-05
7.994400e-01 8.988190e-05
7.995600e-01 1.470583e-04
7.996800e-01 2.110278e-04
7.998000e-01 2.244454e-04
7.999200e-01 3.589455e-04
8.000400e-01 4.240858e-04
8.001600e-01 3.587758e-04
8.002800e-01 2.363175e-04
8.004000e-01 -1.375902e-04
8.005200e-01 -2.917700e-04
8.006400e-01 -8.698190e-05
8.007600e-01 8.017700e-05
8.008800e-01 -1.283129e-04
8.010000e-01 -1.365197e-04
8.011200e-01 1.085247e-04
8.012400e-01 2.798863e-04
8.013600e-01 9.669950e-05
8.014800e-01 -1.443062e-04
8.016000e-01 -2.112122e-04
8.017200e-01 -1.308513e-04
8.018400e-01 6.410065e-05
8.019600e-01 2.705889e-04
8.020800e-01 1.758723e-04
8.022000e-01 3.911173e-04
8.023200e-01 6.470406e-04
8.024400e-01 8.098862e-04
8.025600e-01 6.889405e-04
8.026800e-01 7.217390e-04
8.028000e-01 8.953885e-04
8.029200e-01 9.267663e-04
8.030400e-01 6.925046e-04
8.031600e-01 5.546949e-04
8.032800e-01 4.535850e-04
8.034000e-01 3.320530e-04
8.035200e-01 2.144161e-04
8.036400e-01 1.828901e-04
8.037600e-01 8.559639e-05
8.038800e-01 -3.599075e-05
8.040000e-01 -4.287800e-05
8.041200e-01 -4.707873e-05
8.042400e-01 1.182931e-04
8.043600e-01 3.676251e-04
8.044800e-01 4.987951e-04
8.046000e-01 7.564025e-04
8.047200e-01 9.232070e-04
8.048400e-01 9.976395e-04
8.049600e-01 9.728035e-04
8.050800e-01 1.109259e-03
8.052000e-01 1.172027e-03
8.053200e-01 1.062119e-03
8.054400e-01 9.807240e-04
8.055600e-01 9.531760e-04
8.056800e-01 8.237395e-04
8.058000e-01 7.199478e-04
8.059200e-01 6.840547e-04
8.060400e-01 5.940282e-04
8.061600e-01 4.522285e-04
8.062800e-01 4.275194e-04
8.064000e-01 3.890761e-04
8.065200e-01 2.502511e-04
8.066400e-01 3.147817e-04
8.067600e-01 4.665433e-04
8.068800e-01 4.395455e-04
8.070000e-01 4.405499e-04
8.071200e-01 4.642544e-04
8.072400e-01 5.317748e-04
8.073600e-01 7.541044e-04
8.074800e-01 8.842646e-04
8.076000e-01 8.473612e-04
8.077200e-01 7.961060e-04
8.078400e-01 9.723170e-04
8.079600e-01 1.188629e-03
8.080800e-01 1.330007e-03
8.082000e-01 1.321464e-03
8.083200e-01 1.197384e-03
8.084400e-01 9.665025e-04
8.085600e-01 6.922995e-04
8.086800e-01 3.704014e-04
8.088000e-01 2.542801e-04
8.089200e-01 2.910290e-04
8.090400e-01 4.030609e-04
8.091600e-01 3.887086e-04
8.092800e-01 3.254748e-04
8.094000e-01 4.806241e-04
8.095200e-01 5.997257e-04
8.096400e-01 8.099561e-04
8.097600e-01 9.867151e-04
8.098800e-01 1.017306e-03
8.100000e-01 9.752095e-04
8.101200e-01 9.884670e-04
8.102400e-01 9.396155e-04
8.103600e-01 8.840685e-04
8.104800e-01 8.516095e-04
8.106000e-01 8.544620e-04
8.107200e-01 7.911870e-04
8.108400e-01 5.950015e-04
8.109600e-01 3.597260e-04
8.110800e-01 1.619543e-04
8.112000e-01 1.172848e-04
8.113200e-01 6.895260e-05
8.114400e-01 1.074035e-04
8.115600e-01 5.131315e-05
8.116800e-01 -2.993355e-05
8.118000e-01 1.841420e-05
8.119200e-01 1.828518e-04
8.120400e-01 1.675974e-04
8.121600e-01 5.958030e-05
8.122800e-01 -7.211045e-05
8.124000e-01 -8.017875e-05
8.125200e-01 -6.694900e-05
8.126400e-01 8.386915e-05
8.127600e-01 2.590970e-04
8.128800e-01 5.332565e-04
8.130000e-01 8.391130e-04
8.131200e-01 1.018985e-03
8.132400e-01 1.037882e-03
8.133600e-01 9.055555e-04
8.134800e-01 7.062890e-04
8.136000e-01 4.998140e-04
8.137200e-01 4.606930e-04
8.138400e-01 4.452663e-04
8.139600e-01 3.974549e-04
8.140800e-01 3.373577e-04
8.142000e-01 4.839250e-04
8.143200e-01 6.757898e-04
8.144400e-01 6.863621e-04
8.145600e-01 6.884890e-04
8.146800e-01 8.036219e-04
8.148000e-01 8.172007e-04
8.149200e-01 6.432492e-04
8.150400e-01 6.412126e-04
8.151600e-01 8.195349e-04
8.152800e-01 1.071173e-03
8.154000e-01 1.298410e-03
8.155200e-01 1.474554e-03
8.156400e-01 1.500055e-03
8.157600e-01 1.565884e-03
8.158800e-01 1.783232e-03
8.160000e-01 1.981898e-03
8.161200e-01 2.178475e-03
8.162400e-01 2.293567e-03
8.163600e-01 2.367061e-03
8.164800e-01 2.581955e-03
8.166000e-01 2.555103e-03
8.167200e-01 2.431349e-03
8.168400e-01 2.225139e-03
8.169600e-01 2.193238e-03
8.170800e-01 2.251558e-03
8.172000e-01 2.241036e-03
8.173200e-01 2.038264e-03
8.174400e-01 1.987835e-03
8.175600e-01 1.951252e-03
8.176800e-01 1.871651e-03
8.178000e-01 2.060262e-03
8.179200e-01 2.247836e-03
8.180400e-01 2.346078e-03
8.181600e-01 2.253632e-03
8.182800e-01 2.172335e-03
8.184000e-01 1.997537e-03
8.185200e-01 2.046330e-03
8.186400e-01 2.025548e-03
8.187600e-01 2.011099e-03
8.188800e-01 1.912246e-03
8.190000e-01 1.859156e-03
8.191200e-01 1.836118e-03
8.192400e-01 1.975742e-03
8.193600e-01 2.285295e-03
8.194800e-01 2.613068e-03
8.196000e-01 2.692575e-03
8.197200e-01 2.740656e-03
8.198400e-01 2.855314e-03
8.199600e-01 2.850158e-03
8.200800e-01 2.597402e-03
8.202000e-01 2.366977e-03
8.203200e-01 2.373904e-03
8.204400e-01 2.477402e-03
8.205600e-01 2.469042e-03
8.206800e-01 2.490426e-03
8.208000e-01 2.472053e-03
8.209200e-01 2.487816e-03
8.210400e-01 2.506451e-03
8.211600e-01 2.545627e-03
8.212800e-01 2.492888e-03
8.214000e-01 2.641683e-03
8.215200e-01 2.815851e-03
8.216400e-01 2.872111e-03
8.217600e-01 2.769535e-03
8.218800e-01 2.895410e-03
8.220000e-01 3.109328e-03
8.221200e-01 3.120748e-03
8.222400e-01 2.925164e-03
8.223600e-01 2.798997e-03
8.224800e-01 2.915081e-03
8.226000e-01 3.265838e-03
8.227200e-01 3.473449e-03
8.228400e-01 3.395170e-03
8.229600e-01 3.171933e-03
8.230800e-01 3.007773e-03
8.232000e-01 2.821847e-03
8.233200e-01 2.803093e-03
8.234400e-01 2.882247e-03
8.235600e-01 2.976842e-03
8.236800e-01 2.829115e-03
8.238000e-01 2.403590e-03
8.239200e-01 2.136160e-03
8.240400e-01 2.080553e-03
8.241600e-01 2.432044e-03
8.242800e-01 2.839710e-03
8.244000e-01 2.985783e-03
8.245200e-01 3.086720e-03
8.246400e-01 3.240448e-03
8.247600e-01 3.438545e-03
8.248800e-01 3.692203e-03
8.250000e-01 3.725725e-03
8.251200e-01 3.689292e-03
8.252400e-01 3.571779e-03
8.253600e-01 3.512200e-03
8.254800e-01 3.497159e-03
8.256000e-01 3.554786e-03
8.257200e-01 3.557571e-03
8.258400e-01 3.624110e-03
8.259600e-01 3.697250e-03
8.260800e-01 3.664818e-03
8.262000e-01 3.735472e-03
8.263200e-01 3.802829e-03
8.264400e-01 3.817869e-03
8.265600e-01 3.911009e-03
8.266800e-01 4.092151e-03
8.268000e-01 4.152587e-03
8.269200e-01 3.957722e-03
8.270400e-01 3.852097e-03
8.271600e-01 3.869981e-03
8.272800e-01 4.006042e-03
8.274000e-01 4.244964e-03
8.275200e-01 4.223042e-03
8.276400e-01 4.150416e-03
8.277600e-01 4.096405e-03
8.278800e-01 4.155442e-03
8.280000e-01 4.181768e-03
8.281200e-01 4.343560e-03
8.282400e-01 4.648244e-03
8.283600e-01 4.999035e-03
8.284800e-01 5.182068e-03
8.286000e-01 5.164911e-03
8.287200e-01 5.218851e-03
8.288400e-01 5.091605e-03
8.289600e-01 4.873954e-03
8.290800e-01 4.986868e-03
8.292000e-01 5.176863e-03
8.293200e-01 5.280873e-03
8.294400e-01 5.129275e-03
8.295600e-01 5.053335e-03
8.296800e-01 5.110741e-03
8.298000e-01 5.293427e-03
8.299200e-01 5.441532e-03
8.300400e-01 5.474362e-03
8.301600e-01 5.328945e-03
8.302800e-01 5.309571e-03
8.304000e-01 5.532901e-03
8.305200e-01 5.610815e-03
8.306400e-01 5.509581e-03
8.307600e-01 5.466005e-03
8.308800e-01 5.659972e-03
8.310000e-01 5.683224e-03
8.311200e-01 5.549943e-03
8.312400e-01 5.394225e-03
8.313600e-01 5.493961e-03
8.314800e-01 5.652817e-03
8.316000e-01 5.620590e-03
8.317200e-01 5.589697e-03
8.318400e-01 5.396736e-03
8.319600e-01 5.082267e-03
8.320800e-01 4.863418e-03
8.322000e-01 5.074294e-03
8.323200e-01 5.259266e-03
8.324400e-01 5.276204e-03
8.325600e-01 5.180340e-03
8.326800e-01 5.063688e-03
8.328000e-01 4.987123e-03
8.329200e-01 4.779116e-03
8.330400e-01 4.618924e-03
8.331600e-01 4.582347e-03
8.332800e-01 4.642196e-03
8.334000e-01 4.716863e-03
8.335200e-01 4.804545e-03
8.336400e-01 4.792852e-03
8.337600e-01 4.856659e-03
8.338800e-01 4.966686e-03
8.340000e-01 5.216017e-03
8.341200e-01 5.293189e-03
8.342400e-01 5.409973e-03
8.343600e-01 5.525320e-03
8.344800e-01 5.753352e-03
8.346000e-01 5.766198e-03
8.347200e-01 5.619266e-03
8.348400e-01 5.612788e-03
8.349600e-01 5.868763e-03
8.350800e-01 6.212160e-03
8.352000e-01 6.177621e-03
8.353200e-01 6.176046e-03
8.354400e-01 6.294277e-03
8.355600e-01 6.497700e-03
8.356800e-01 6.625282e-03
8.358000e-01 6.508614e-03
8.359200e-01 6.387803e-03
8.360400e-01 6.246955e-03
8.361600e-01 6.294092e-03
8.362800e-01 6.504633e-03
8.364000e-01 6.456503e-03
8.365200e-01 6.485295e-03
8.366400e-01 6.449753e-03
8.367600e-01 6.559012e-03
8.368800e-01 6.732316e-03
8.370000e-01 6.750476e-03
8.371200e-01 6.773518e-03
8.372400e-01 6.835551e-03
8.373600e-01 7.018367e-03
8.374800e-01 7.194518e-03
8.376000e-01 7.203711e-03
8.377200e-01 7.457903e-03
8.378400e-01 7.951806e-03
8.379600e-01 8.123708e-03
8.380800e-01 7.989360e-03
8.382000e-01 8.000487e-03
8.383200e-01 8.211477e-03
8.384400e-01 8.245325e-03
8.385600e-01 8.132138e-03
8.386800e-01 8.266190e-03
8.388000e-01 8.345310e-03
8.389200e-01 8.247683e-03
8.390400e-01 8.063292e-03
8.391600e-01 8.076909e-03
8.392800e-01 8.139542e-03
8.394000e-01 8.081312e-03
8.395200e-01 8.305828e-03
8.396400e-01 8.520478e-03
8.397600e-01 8.570181e-03
8.398800e-01 8.488276e-03
8.400000e-01 8.517935e-03
8.401200e-01 8.629130e-03
8.402400e-01 8.876590e-03
8.403600e-01 9.186015e-03
8.404800e-01 9.411330e-03
8.406000e-01 9.465360e-03
8.407200e-01 9.628650e-03
8.408400e-01 9.907420e-03
8.409600e-01 1.007825e-02
8.410800e-01 1.008586e-02
8.412000e-01 9.951425e-03
8.413200e-01 9.921005e-03
8.414400e-01 9.859890e-03
8.415600e-01 9.956415e-03
8.416800e-01 1.019717e-02
8.418000e-01 1.032009e-02
8.419200e-01 1.036383e-02
8.420400e-01 1.038148e-02
8.421600e-01 1.034149e-02
8.422800e-01 1.030404e-02
8.424000e-01 1.043148e-02
8.425200e-01 1.063044e-02
8.426400e-01 1.061730e-02
8.427600e-01 1.059373e-02
8.428800e-01 1.068375e-02
8.430000e-01 1.081343e-02
8.431200e-01 1.097082e-02
8.432400e-01 1.106926e-02
8.433600e-01 1.110323e-02
8.434800e-01 1.121739e-02
8.436000e-01 1.133668e-02
8.437200e-01 1.147030e-02
8.438400e-01 1.164325e-02
8.439600e-01 1.175752e-02
8.440800e-01 1.173411e-02
8.442000e-01 1.176567e-02
8.443200e-01 1.226048e-02
8.444400e-01 1.253648e-02
8.445600e-01 1.252600e-02
8.446800e-01 1.250786e-02
8.448000e-01 1.252308e-02
8.449200e-01 1.250727e-02
8.450400e-01 1.256703e-02
8.451600e-01 1.264856e-02
8.452800e-01 1.248233e-02
8.454000e-01 1.231815e-02
8.455200e-01 1.222489e-02
8.456400e-01 1.223667e-02
8.457600e-01 1.225554e-02
8.458800e-01 1.231288e-02
8.460000e-01 1.241993e-02
8.461200e-01 1.260018e-02
8.462400e-01 1.277067e-02
8.463600e-01 1.292052e-02
8.464800e-01 1.311535e-02
8.466000e-01 1.318185e-02
8.467200e-01 1.322446e-02
8.468400e-01 1.330278e-02
8.469600e-01 1.333421e-02
8.470800e-01 1.334433e-02
8.472000e-01 1.319935e-02
8.473200e-01 1.309882e-02
8.474400e-01 1.304350e-02
8.475600e-01 1.297624e-02
8.476800e-01 1.291783e-02
8.478000e-01 1.266630e-02
8.479200e-01 1.258907e-02
8.480400e-01 1.247596e-02
8.481600e-01 1.254182e-02
8.482800e-01 1.273999e-02
8.484000e-01 1.294606e-02
8.485200e-01 1.289855e-02
8.486400e-01 1.294445e-02
8.487600e-01 1.322498e-02
8.488800e-01 1.353297e-02
8.490000e-01 1.371906e-02
8.491200e-01 1.372744e-02
8.492400e-01 1.379081e-02
8.493600e-01 1.382785e-02
8.494800e-01 1.393820e-02
8.496000e-01 1.428772e-02
8.497200e-01 1.463557e-02
8.498400e-01 1.478916e-02
8.499600e-01 1.480767e-02
8.500800e-01 1.470957e-02
8.502000e-01 1.466494e-02
8.503200e-01 1.441901e-02
8.504400e-01 1.423273e-02
8.505600e-01 1.425629e-02
8.506800e-01 1.427585e-02
8.508000e-01 1.432613e-02
8.509200e-01 1.431592e-02
8.510400e-01 1.431973e-02
8.511600e-01 1.429630e-02
8.512800e-01 1.441397e-02
8.514000e-01 1.440262e-02
8.515200e-01 1.447167e-02
8.516400e-01 1.456127e-02
8.517600e-01 1.471801e-02
8.518800e-01 1.482325e-02
8.520000e-01 1.485651e-02
8.521200e-01 1.491510e-02
8.522400e-01 1.490662e-02
8.523600e-01 1.478863e-02
8.524800e-01 1.457458e-02
8.526000e-01 1.441153e-02
8.527200e-01 1.439281e-02
8.528400e-01 1.425253e-02
8.529600e-01 1.397472e-02
8.530800e-01 1.386888e-02
8.532000e-01 1.399737e-02
8.533200e-01 1.410705e-02
8.534400e-01 1.414302e-02
8.535600e-01 1.428280e-02
8.536800e-01 1.435185e-02
8.538000e-01 1.438656e-02
8.539200e-01 1.439161e-02
8.540400e-01 1.449731e-02
8.541600e-01 1.456405e-02
8.542800e-01 1.453597e-02
8.544000e-01 1.440310e-02
8.545200e-01 1.445113e-02
8.546400e-01 1.453264e-02
8.547600e-01 1.461152e-02
8.548800e-01 1.462937e-02
8.550000e-01 1.465110e-02
8.551200e-01 1.460945e-02
8.552400e-01 1.443390e-02
8.553600e-01 1.432774e-02
8.554800e-01 1.442809e-02
8.556000e-01 1.442195e-02
8.557200e-01 1.443087e-02
8.558400e-01 1.455788e-02
8.559600e-01 1.472084e-02
8.560800e-01 1.483226e-02
8.562000e-01 1.493281e-02
8.563200e-01 1.499606e-02
8.564400e-01 1.511962e-02
8.565600e-01 1.525187e-02
8.566800e-01 1.544171e-02
8.568000e-01 1.558594e-02
8.569200e-01 1.569337e-02
8.570400e-01 1.585974e-02
8.571600e-01 1.610037e-02
8.572800e-01 1.631028e-02
8.574000e-01 1.639768e-02
8.575200e-01 1.620794e-02
8.576400e-01 1.594555e-02
8.577600e-01 1.595340e-02
8.578800e-01 1.624970e-02
8.580000e-01 1.638940e-02
8.581200e-01 1.643063e-02
8.582400e-01 1.642825e-02
8.583600e-01 1.649341e-02
8.584800e-01 1.668769e-02
8.586000e-01 1.713631e-02
8.587200e-01 1.750687e-02
8.588400e-01 1.767202e-02
8.589600e-01 1.754382e-02
8.590800e-01 1.746297e-02
8.592000e-01 1.750116e-02
8.593200e-01 1.741447e-02
8.594400e-01 1.734579e-02
8.595600e-01 1.746644e-02
8.596800e-01 1.756712e-02
8.598000e-01 1.761548e-02
8.599200e-01 1.776264e-02
8.600400e-01 1.799201e-02
8.601600e-01 1.807924e-02
8.602800e-01 1.817775e-02
8.604000e-01 1.835479e-02
8.605200e-01 1.850511e-02
8.606400e-01 1.850406e-02
8.607600e-01 1.843561e-02
8.608800e-01 1.838550e-02
8.610000e-01 1.835934e-02
8.611200e-01 1.837640e-02
8.612400e-01 1.844786e-02
8.613600e-01 1.847053e-02
8.614800e-01 1.842274e-02
8.616000e-01 1.844539e-02
8.617200e-01 1.852761e-02
8.618400e-01 1.872357e-02
8.619600e-01 1.889352e-02
8.620800e-01 1.899420e-02
8.622000e-01 1.913864e-02
8.623200e-01 1.940506e-02
8.624400e-01 1.948974e-02
8.625600e-01 1.940168e-02
8.626800e-01 1.918585e-02
8.628000e-01 1.911628e-02
8.629200e-01 1.920949e-02
8.630400e-01 1.933649e-02
8.631600e-01 1.940912e-02
8.632800e-01 1.957829e-02
8.634000e-01 1.987905e-02
8.635200e-01 2.008625e-02
8.636400e-01 2.026861e-02
8.637600e-01 2.036879e-02
8.638800e-01 2.041118e-02
8.640000e-01 2.045392e-02
8.641200e-01 2.045391e-02
8.642400e-01 2.030017e-02
8.643600e-01 2.009891e-02
8.644800e-01 1.999047e-02
8.646000e-01 2.011725e-02
8.647200e-01 2.033321e-02
8.648400e-01 2.045190e-02
8.649600e-01 2.056065e-02
8.650800e-01 2.082115e-02
8.652000e-01 2.107148e-02
8.653200e-01 2.115166e-02
8.654400e-01 2.129008e-02
8.655600e-01 2.141225e-02
8.656800e-01 2.164100e-02
8.658000e-01 2.185263e-02
8.659200e-01 2.217006e-02
8.660400e-01 2.215845e-02
8.661600e-01 2.217312e-02
8.662800e-01 2.237676e-02
8.664000e-01 2.264004e-02
8.665200e-01 2.293431e-02
8.666400e-01 2.325883e-02
8.667600e-01 2.359012e-02
8.668800e-01 2.369740e-02
8.670000e-01 2.360134e-02
8.671200e-01 2.360350e-02
8.672400e-01 2.373991e-02
8.673600e-01 2.401053e-02
8.674800e-01 2.432767e-02
8.676000e-01 2.458744e-02
8.677200e-01 2.465407e-02
8.678400e-01 2.477212e-02
8.679600e-01 2.485852e-02
8.680800e-01 2.499058e-02
8.682000e-01 2.505176e-02
8.683200e-01 2.519489e-02
8.684400e-01 2.534205e-02
8.685600e-01 2.554586e-02
8.686800e-01 2.567106e-02
8.688000e-01 2.560694e-02
8.689200e-01 2.568321e-02
8.690400e-01 2.588608e-02
8.691600e-01 2.604687e-02
8.692800e-01 2.607336e-02
8.694000e-01 2.631375e-02
8.695200e-01 2.651585e-02
8.696400e-01 2.681160e-02
8.697600e-01 2.715827e-02
8.698800e-01 2.749349e-02
8.700000e-01 2.787654e-02
8.701200e-01 2.834576e-02
8.702400e-01 2.857450e-02
8.703600e-01 2.861163e-02
8.704800e-01 2.868272e-02
8.706000e-01 2.875194e-02
8.707200e-01 2.891615e-02
8.708400e-01 2.908508e-02
8.709600e-01 2.913571e-02
8.710800e-01 2.916431e-02
8.712000e-01 2.928753e-02
8.713200e-01 2.924563e-02
8.714400e-01 2.905722e-02
8.715600e-01 2.908004e-02
8.716800e-01 2.918691e-02
8.718000e-01 2.917956e-02
8.719200e-01 2.921605e-02
8.720400e-01 2.937959e-02
8.721600e-01 2.954692e-02
8.722800e-01 2.963587e-02
8.724000e-01 2.971174e-02
8.725200e-01 2.969383e-02
8.726400e-01 2.967949e-02
8.727600e-01 2.978170e-02
8.728800e-01 3.006937e-02
8.730000e-01 3.042673e-02
8.731200e-01 3.081827e-02
8.732400e-01 3.113403e-02
8.733600e-01 3.132897e-02
8.734800e-01 3.155618e-02
8.736000e-01 3.175965e-02
8.737200e-01 3.194754e-02
8.738400e-01 3.211144e-02
8.739600e-01 3.211607e-02
8.740800e-01 3.194770e-02
8.742000e-01 3.161409e-02
8.743200e-01 3.149002e-02
8.744400e-01 3.147318e-02
8.745600e-01 3.161123e-02
8.746800e-01 3.196472e-02
8.748000e-01 3.217715e-02
8.749200e-01 3.230726e-02
8.750400e-01 3.239580e-02
8.751600e-01 3.255004e-02
8.752800e-01 3.291331e-02
8.754000e-01 3.324758e-02
8.755200e-01 3.370143e-02
8.756400e-01 3.395915e-02
8.757600e-01 3.408446e-02
8.758800e-01 3.403920e-02
8.760000e-01 3.408022e-02
8.761200e-01 3.427889e-02
8.762400e-01 3.442800e-02
8.763600e-01 3.457048e-02
8.764800e-01 3.486198e-02
8.766000e-01 3.513188e-02
8.767200e-01 3.530904e-02
8.768400e-01 3.555303e-02
8.769600e-01 3.584670e-02
8.770800e-01 3.593037e-02
8.772000e-01 3.599923e-02
8.773200e-01 3.611118e-02
8.774400e-01 3.630938e-02
8.775600e-01 3.651444e-02
8.776800e-01 3.662998e-02
8.778000e-01 3.672553e-02
8.779200e-01 3.700953e-02
8.780400e-01 3.726801e-02
8.781600e-01 3.743468e-02
8.782800e-01 3.774808e-02
8.784000e-01 3.826030e-02
8.785200e-01 3.860980e-02
8.786400e-01 3.883624e-02
8.787600e-01 3.909519e-02
8.788800e-01 3.914621e-02
8.790000e-01 3.891723e-02
8.791200e-01 3.887246e-02
8.792400e-01 3.907278e-02
8.793600e-01 3.927664e-02
8.794800e-01 3.938924e-02
8.796000e-01 3.948494e-02
8.797200e-01 3.973179e-02
8.798400e-01 3.980794e-02
8.799600e-01 3.981399e-02
8.800800e-01 4.006887e-02
8.802000e-01 4.047711e-02
8.803200e-01 4.074787e-02
8.804400e-01 4.106003e-02
8.805600e-01 4.137484e-02
8.806800e-01 4.177760e-02
8.808000e-01 4.198776e-02
8.809200e-01 4.240474e-02
8.810400e-01 4.272051e-02
8.811600e-01 4.292211e-02
8.812800e-01 4.300583e-02
8.814000e-01 4.300918e-02
8.815200e-01 4.333648e-02
8.816400e-01 4.337836e-02
8.817600e-01 4.335193e-02
8.818800e-01 4.343638e-02
8.820000e-01 4.344913e-02
8.821200e-01 4.349097e-02
8.822400e-01 4.362805e-02
8.823600e-01 4.375293e-02
8.824800e-01 4.393621e-02
8.826000e-01 4.403265e-02
8.827200e-01 4.446022e-02
8.828400e-01 4.498070e-02
8.829600e-01 4.536812e-02
8.830800e-01 4.554256e-02
8.832000e-01 4.607780e-02
8.833200e-01 4.685451e-02
8.834400e-01 4.767902e-02
8.835600e-01 4.838706e-02
8.836800e-01 4.894219e-02
8.838000e-01 4.946635e-02
8.839200e-01 5.001210e-02
8.840400e-01 5.057446e-02
8.841600e-01 5.100780e-02
8.842800e-01 5.146736e-02
8.844000e-01 5.210560e-02
8.845200e-01 5.276514e-02
8.846400e-01 5.341041e-02
8.847600e-01 5.403477e-02
8.848800e-01 5.467786e-02
8.850000e-01 5.511396e-02
8.851200e-01 5.564325e-02
8.852400e-01 5.618034e-02
8.853600e-01 5.661877e-02
8.854800e-01 5.699117e-02
8.856000e-01 5.720532e-02
8.857200e-01 5.755409e-02
8.858400e-01 5.796445e-02
8.859600e-01 5.856660e-02
8.860800e-01 5.923921e-02
8.862000e-01 5.987319e-02
8.863200e-01 6.044708e-02
8.864400e-01 6.088234e-02
8.865600e-01 6.119972e-02
8.866800e-01 6.145834e-02
8.868000e-01 6.194924e-02
8.869200e-01 6.231796e-02
8.870400e-01 6.246318e-02
8.871600e-01 6.265037e-02
8.872800e-01 6.304132e-02
8.874000e-01 6.320961e-02
8.875200e-01 6.340229e-02
8.876400e-01 6.353943e-02
8.877600e-01 6.369490e-02
8.878800e-01 6.391469e-02
8.880000e-01 6.426272e-02
8.881200e-01 6.467279e-02
8.882400e-01 6.518929e-02
8.883600e-01 6.563410e-02
8.884800e-01 6.599763e-02
8.886000e-01 6.619380e-02
8.887200e-01 6.661302e-02
8.888400e-01 6.684793e-02
8.889600e-01 6.705361e-02
8.890800e-01 6.731812e-02
8.892000e-01 6.762534e-02
8.893200e-01 6.796093e-02
8.894400e-01 6.824172e-02
8.895600e-01 6.856585e-02
8.896800e-01 6.905736e-02
8.898000e-01 6.918935e-02
8.899200e-01 6.943584e-02
8.900400e-01 6.988650e-02
8.901600e-01 7.029312e-02
8.902800e-01 7.056877e-02
8.904000e-01 7.080129e-02
8.905200e-01 7.111756e-02
8.906400e-01 7.146646e-02
8.907600e-01 7.189991e-02
8.908800e-01 7.239426e-02
8.910000e-01 7.292382e-02
8.911200e-01 7.347054e-02
8.912400e-01 7.377137e-02
8.913600e-01 7.413594e-02
8.914800e-01 7.473899e-02
8.916000e-01 7.532303e-02
8.917200e-01 7.585539e-02
8.918400e-01 7.615510e-02
8.919600e-01 7.630651e-02
8.920800e-01 7.672993e-02
8.922000e-01 7.742613e-02
8.923200e-01 7.816567e-02
8.924400e-01 7.871825e-02
8.925600e-01 7.917283e-02
8.926800e-01 7.969524e-02
8.928000e-01 8.042800e-02
8.929200e-01 8.134753e-02
8.930400e-01 8.202934e-02
8.931600e-01 8.272274e-02
8.932800e-01 8.355630e-02
8.934000e-01 8.412873e-02
8.935200e-01 8.478432e-02
8.936400e-01 8.561595e-02
8.937600e-01 8.647611e-02
8.938800e-01 8.711951e-02
8.940000e-01 8.778640e-02
8.941200e-01 8.848893e-02
8.942400e-01 8.911887e-02
8.943600e-01 8.983406e-02
8.944800e-01 9.065553e-02
8.946000e-01 9.152389e-02
8.947200e-01 9.230773e-02
8.948400e-01 9.296011e-02
8.949600e-01 9.339404e-02
8.950800e-01 9.391993e-02
8.952000e-01 9.468163e-02
8.953200e-01 9.536329e-02
8.954400e-01 9.571334e-02
8.955600e-01 9.600741e-02
8.956800e-01 9.632516e-02
8.958000e-01 9.659417e-02
8.959200e-01 9.712772e-02
8.960400e-01 9.760407e-02
8.961600e-01 9.785108e-02
8.962800e-01 9.819834e-02
8.964000e-01 9.870728e-02
8.965200e-01 9.915949e-02
8.966400e-01 9.945433e-02
8.967600e-01 9.966590e-02
8.968800e-01 9.989881e-02
8.970000e-01 1.002698e-01
8.971200e-01 1.006487e-01
8.972400e-01 1.010050e-01
8.973600e-01 1.013662e-01
8.974800e-01 1.016038e-01
8.976000e-01 1.017027e-01
8.977200e-01 1.020409e-01
8.978400e-01 1.025623e-01
8.979600e-01 1.030959e-01
8.980800e-01 1.037239e-01
8.982000e-01 1.042758e-01
8.983200e-01 1.051171e-01
8.984400e-01 1.059925e-01
8.985600e-01 1.066183e-01
8.986800e-01 1.070476e-01
8.988000e-01 1.077063e-01
8.989200e-01 1.088206e-01
8.990400e-01 1.098376e-01
8.991600e-01 1.107791e-01
8.992800e-01 1.118057e-01
8.994000e-01 1.129264e-01
8.995200e-01 1.137374e-01
8.996400e-01 1.146960e-01
8.997600e-01 1.158660e-01
8.998800e-01 1.169708e-01
9.000000e-01 1.181385e-01
9.001200e-01 1.192873e-01
9.002400e-01 1.202564e-01
9.003600e-01 1.210421e-01
9.004800e-01 1.219100e-01
9.006000e-01 1.226869e-01
9.007200e-01 1.233895e-01
9.008400e-01 1.239281e-01
9.009600e-01 1.243734e-01
9.010800e-01 1.250809e-01
9.012000e-01 1.258513e-01
9.013200e-01 1.265781e-01
9.014400e-01 1.270478e-01
9.015600e-01 1.277258e-01
9.016800e-01 1.285406e-01
9.018000e-01 1.292846e-01
9.019200e-01 1.298082e-01
9.020400e-01 1.306637e-01
9.021600e-01 1.316166e-01
9.022800e-01 1.323563e-01
9.024000e-01 1.330969e-01
9.025200e-01 1.337666e-01
9.026400e-01 1.344003e-01
9.027600e-01 1.351001e-01
9.028800e-01 1.358306e-01
9.030000e-01 1.364481e-01
9.031200e-01 1.368870e-01
9.032400e-01 1.374767e-01
9.033600e-01 1.380441e-01
9.034800e-01 1.384768e-01
9.036000e-01 1.390091e-01
9.037200e-01 1.397739e-01
9.038400e-01 1.404979e-01
9.039600e-01 1.410793e-01
9.040800e-01 1.416438e-01
9.042000e-01 1.425087e-01
9.043200e-01 1.433311e-01
9.044400e-01 1.441632e-01
9.045600e-01 1.451307e-01
9.046800e-01 1.460460e-01
9.048000e-01 1.470901e-01
9.049200e-01 1.479328e-01
9.050400e-01 1.486888e-01
9.051600e-01 1.491470e-01
9.052800e-01 1.497891e-01
9.054000e-01 1.508562e-01
9.055200e-01 1.518413e-01
9.056400e-01 1.525215e-01
9.057600e-01 1.529442e-01
9.058800e-01 1.532907e-01
9.060000e-01 1.539773e-01
9.061200e-01 1.546046e-01
9.062400e-01 1.551795e-01
9.063600e-01 1.559077e-01
9.064800e-01 1.566704e-01
9.066000e-01 1.574751e-01
9.067200e-01 1.582200e-01
9.068400e-01 1.591073e-01
9.069600e-01 1.601590e-01
9.070800e-01 1.614099e-01
9.072000e-01 1.625720e-01
9.073200e-01 1.636221e-01
9.074400e-01 1.646948e-01
9.075600e-01 1.659051e-01
9.076800e-01 1.671670e-01
9.078000e-01 1.684796e-01
9.079200e-01 1.693040e-01
9.080400e-01 1.700712e-01
9.081600e-01 1.709807e-01
9.082800e-01 1.718242e-01
9.084000e-01 1.722246e-01
9.085200e-01 1.726810e-01
9.086400e-01 1.732525e-01
9.087600e-01 1.739098e-01
9.088800e-01 1.745632e-01
9.090000e-01 1.752745e-01
9.091200e-01 1.760157e-01
9.092400e-01 1.767959e-01
9.093600e-01 1.776880e-01
9.094800e-01 1.786975e-01
9.096000e-01 1.799155e-01
9.097200e-01 1.812155e-01
9.098400e-01 1.825331e-01
9.099600e-01 1.838643e-01
9.100800e-01 1.852098e-01
9.102000e-01 1.865461e-01
9.103200e-01 1.877555e-01
9.104400e-01 1.889401e-01
9.105600e-01 1.899879e-01
9.106800e-01 1.911787e-01
9.108000e-01 1.926620e-01
9.109200e-01 1.940442e-01
9.110400e-01 1.951739e-01
9.111600e-01 1.961301e-01
9.112800e-01 1.969773e-01
9.114000e-01 1.977633e-01
9.115200e-01 1.984334e-01
9.116400e-01 1.986397e-01
9.117600e-01 1.988647e-01
9.118800e-01 1.992747e-01
9.120000e-01 1.997669e-01
9.121200e-01 2.000529e-01
9.122400e-01 2.006880e-01
9.123600e-01 2.015796e-01
9.124800e-01 2.026523e-01
9.126000e-01 2.040354e-01
9.127200e-01 2.053897e-01
9.128400e-01 2.066454e-01
9.129600e-01 2.078982e-01
9.130800e-01 2.094045e-01
9.132000e-01 2.108355e-01
9.133200e-01 2.121993e-01
9.134400e-01 2.137091e-01
9.135600e-01 2.151838e-01
9.136800e-01 2.164924e-01
9.138000e-01 2.176944e-01
9.139200e-01 2.189851e-01
9.140400e-01 2.201178e-01
9.141600e-01 2.212828e-01
9.142800e-01 2.226171e-01
9.144000e-01 2.237467e-01
9.145200e-01 2.244204e-01
9.146400e-01 2.249419e-01
9.147600e-01 2.254335e-01
9.148800e-01 2.258270e-01
9.150000e-01 2.262023e-01
9.151200e-01 2.266314e-01
9.152400e-01 2.272656e-01
9.153600e-01 2.280427e-01
9.154800e-01 2.290143e-01
9.156000e-01 2.300187e-01
9.157200e-01 2.310088e-01
9.158400e-01 2.321597e-01
9.159600e-01 2.336534e-01
9.160800e-01 2.353629e-01
9.162000e-01 2.371516e-01
9.163200e-01 2.387415e-01
9.164400e-01 2.403357e-01
9.165600e-01 2.417541e-01
9.166800e-01 2.429568e-01
9.168000e-01 2.437134e-01
9.169200e-01 2.443267e-01
9.170400e-01 2.448298e-01
9.171600e-01 2.453449e-01
9.172800e-01 2.458599e-01
9.174000e-01 2.463515e-01
9.175200e-01 2.471563e-01
9.176400e-01 2.479154e-01
9.177600e-01 2.486556e-01
9.178800e-01 2.494737e-01
9.180000e-01 2.505110e-01
9.181200e-01 2.514659e-01
9.182400e-01 2.525924e-01
9.183600e-01 2.538677e-01
9.184800e-01 2.551572e-01
9.186000e-01 2.567248e-01
9.187200e-01 2.585945e-01
9.188400e-01 2.604391e-01
9.189600e-01 2.620668e-01
9.190800e-01 2.634578e-01
9.192000e-01 2.647052e-01
9.193200e-01 2.657525e-01
9.194400e-01 2.665782e-01
9.195600e-01 2.673217e-01
9.196800e-01 2.681031e-01
9.198000e-01 2.688313e-01
9.199200e-01 2.698089e-01
9.200400e-01 2.708413e-01
9.201600e-01 2.717596e-01
9.202800e-01 2.725342e-01
9.204000e-01 2.733097e-01
9.205200e-01 2.741429e-01
9.206400e-01 2.749972e-01
9.207600e-01 2.759742e-01
9.208800e-01 2.771664e-01
9.210000e-01 2.784090e-01
9.211200e-01 2.795697e-01
9.212400e-01 2.807476e-01
9.213600e-01 2.819585e-01
9.214800e-01 2.832452e-01
9.216000e-01 2.844101e-01
9.217200e-01 2.854938e-01
9.218400e-01 2.863950e-01
9.219600e-01 2.871751e-01
9.220800e-01 2.879902e-01
9.222000e-01 2.888824e-01
9.223200e-01 2.900739e-01
9.224400e-01 2.912029e-01
9.225600e-01 2.923057e-01
9.226800e-01 2.934541e-01
9.228000e-01 2.944593e-01
9.229200e-01 2.954656e-01
9.230400e-01 2.965842e-01
9.231600e-01 2.977943e-01
9.232800e-01 2.990191e-01
9.234000e-01 3.002922e-01
9.235200e-01 3.017475e-01
9.236400e-01 3.031042e-01
9.237600e-01 3.042886e-01
9.238800e-01 3.055909e-01
9.240000e-01 3.067665e-01
9.241200e-01 3.079116e-01
9.242400e-01 3.090153e-01
9.243600e-01 3.103255e-01
9.244800e-01 3.115685e-01
9.246000e-01 3.126683e-01
9.247200e-01 3.138590e-01
9.248400e-01 3.151506e-01
9.249600e-01 3.165239e-01
9.250800e-01 3.178015e-01
9.252000e-01 3.188740e-01
9.253200e-01 3.196922e-01
9.254400e-01 3.204754e-01
9.255600e-01 3.213571e-01
9.256800e-01 3.222595e-01
9.258000e-01 3.235225e-01
9.259200e-01 3.250119e-01
9.260400e-01 3.266326e-01
9.261600e-01 3.282746e-01
9.262800e-01 3.300332e-01
9.264000e-01 3.315589e-01
9.265200e-01 3.330501e-01
9.266400e-01 3.343753e-01
9.267600e-01 3.356953e-01
9.268800e-01 3.370721e-01
9.270000e-01 3.382981e-01
9.271200e-01 3.390603e-01
9.272400e-01 3.398576e-01
9.273600e-01 3.407279e-01
9.274800e-01 3.415952e-01
9.276000e-01 3.423876e-01
9.277200e-01 3.437184e-01
9.278400e-01 3.451838e-01
9.279600e-01 3.468609e-01
9.280800e-01 3.485359e-01
9.282000e-01 3.502225e-01
9.283200e-01 3.520137e-01
9.284400e-01 3.539829e-01
9.285600e-01 3.556052e-01
9.286800e-01 3.568439e-01
9.288000e-01 3.577590e-01
9.289200e-01 3.587282e-01
9.290400e-01 3.596920e-01
9.291600e-01 3.605496e-01
9.292800e-01 3.615078e-01
9.294000e-01 3.627073e-01
9.295200e-01 3.641679e-01
9.296400e-01 3.658130e-01
9.297600e-01 3.677647e-01
9.298800e-01 3.697453e-01
9.300000e-01 3.716605e-01
9.301200e-01 3.734576e-01
9.302400e-01 3.750025e-01
9.303600e-01 3.762482e-01
9.304800e-01 3.774866e-01
9.306000e-01 3.787533e-01
9.307200e-01 3.799065e-01
9.308400e-01 3.810462e-01
9.309600e-01 3.823525e-01
9.310800e-01 3.837844e-01
9.312000e-01 3.853977e-01
9.313200e-01 3.871409e-01
9.314400e-01 3.893524e-01
9.315600e-01 3.916897e-01
9.316800e-01 3.940261e-01
9.318000e-01 3.963439e-01
9.319200e-01 3.983724e-01
9.320400e-01 4.000986e-01
9.321600e-01 4.015974e-01
9.322800e-01 4.030132e-01
9.324000e-01 4.046870e-01
9.325200e-01 4.064682e-01
9.326400e-01 4.082691e-01
9.327600e-01 4.101413e-01
9.328800e-01 4.120892e-01
9.330000e-01 4.143241e-01
9.331200e-01 4.167766e-01
9.332400e-01 4.193141e-01
9.333600e-01 4.216477e-01
9.334800e-01 4.236904e-01
9.336000e-01 4.256736e-01
9.337200e-01 4.277535e-01
9.338400e-01 4.298626e-01
9.339600e-01 4.317279e-01
9.340800e-01 4.335227e-01
9.342000e-01 4.356132e-01
9.343200e-01 4.378663e-01
9.344400e-01 4.400582e-01
9.345600e-01 4.423208e-01
9.346800e-01 4.446810e-01
9.348000e-01 4.470707e-01
9.349200e-01 4.491959e-01
9.350400e-01 4.513372e-01
9.351600e-01 4.534113e-01
9.352800e-01 4.553325e-01
9.354000e-01 4.572021e-01
9.355200e-01 4.592573e-01
9.356400e-01 4.611012e-01
9.357600e-01 4.629573e-01
9.358800e-01 4.650668e-01
9.360000e-01 4.675642e-01
9.361200e-01 4.701391e-01
9.362400e-01 4.729410e-01
9.363600e-01 4.758008e-01
9.364800e-01 4.785201e-01
9.366000e-01 4.811620e-01
9.367200e-01 4.839033e-01
9.368400e-01 4.865956e-01
9.369600e-01 4.890829e-01
9.370800e-01 4.914211e-01
9.372000e-01 4.935728e-01
9.373200e-01 4.956908e-01
9.374400e-01 4.979606e-01
9.375600e-01 5.005591e-01
9.376800e-01 5.032840e-01
9.378000e-01 5.061222e-01
9.379200e-01 5.088242e-01
9.380400e-01 5.113223e-01
9.381600e-01 5.135519e-01
9.382800e-01 5.158297e-01
9.384000e-01 5.180902e-01
9.385200e-01 5.204795e-01
9.386400e-01 5.228464e-01
9.387600e-01 5.254273e-01
9.388800e-01 5.281157e-01
9.390000e-01 5.309331e-01
9.391200e-01 5.339508e-01
9.392400e-01 5.369459e-01
9.393600e-01 5.398878e-01
9.394800e-01 5.427500e-01
9.396000e-01 5.454436e-01
9.397200e-01 5.479394e-01
9.398400e-01 5.504054e-01
9.399600e-01 5.530185e-01
9.400800e-01 5.557849e-01
9.402000e-01 5.583893e-01
9.403200e-01 5.611148e-01
9.404400e-01 5.637679e-01
9.405600e-01 5.662117e-01
9.406800e-01 5.685274e-01
9.408000e-01 5.709932e-01
9.409200e-01 5.736849e-01
9.410400e-01 5.763250e-01
9.411600e-01 5.790642e-01
9.412800e-01 5.819775e-01
9.414000e-01 5.850949e-01
9.415200e-01 5.881300e-01
9.416400e-01 5.909724e-01
9.417600e-01 5.937007e-01
9.418800e-01 5.965836e-01
9.420000e-01 5.993837e-01
9.421200e-01 6.021580e-01
9.422400e-01 6.049354e-01
9.423600e-01 6.078781e-01
9.424800e-01 6.108746e-01
9.426000e-01 6.140983e-01
9.427200e-01 6.171611e-01
9.428400e-01 6.201680e-01
9.429600e-01 6.231481e-01
9.430800e-01 6.261447e-01
9.432000e-01 6.291186e-01
9.433200e-01 6.319491e-01
9.434400e-01 6.346943e-01
9.435600e-01 6.376254e-01
9.436800e-01 6.408713e-01
9.438000e-01 6.444162e-01
9.439200e-01 6.477135e-01
9.440400e-01 6.510681e-01
9.441600e-01 6.544578e-01
9.442800e-01 6.579343e-01
9.444000e-01 6.615554e-01
9.445200e-01 6.655763e-01
9.446400e-01 6.694801e-01
9.447600e-01 6.730065e-01
9.448800e-01 6.764562e-01
9.450000e-01 6.801300e-01
9.451200e-01 6.838248e-01
9.452400e-01 6.875001e-01
9.453600e-01 6.912223e-01
9.454800e-01 6.949481e-01
9.456000e-01 6.986232e-01
9.457200e-01 7.023417e-01
9.458400e-01 7.063914e-01
9.459600e-01 7.104457e-01
9.460800e-01 7.144105e-01
9.462000e-01 7.184379e-01
9.463200e-01 7.224152e-01
9.464400e-01 7.263681e-01
9.465600e-01 7.304889e-01
9.466800e-01 7.346601e-01
9.468000e-01 7.386620e-01
9.469200e-01 7.428076e-01
9.470400e-01 7.469180e-01
9.471600e-01 7.510420e-01
9.472800e-01 7.551905e-01
9.474000e-01 7.594761e-01
9.475200e-01 7.636166e-01
9.476400e-01 7.678327e-01
9.477600e-01 7.720623e-01
9.478800e-01 7.764873e-01
9.480000e-01 7.810449e-01
9.481200e-01 7.856740e-01
9.482400e-01 7.900551e-01
9.483600e-01 7.947162e-01
9.484800e-01 7.998124e-01
9.486000e-01 8.047310e-01
9.487200e-01 8.096923e-01
9.488400e-01 8.147452e-01
9.489600e-01 8.200305e-01
9.490800e-01 8.251266e-01
9.492000e-01 8.302565e-01
9.493200e-01 8.354603e-01
9.494400e-01 8.407515e-01
9.495600e-01 8.459823e-01
9.496800e-01 8.510705e-01
9.498000e-01 8.562871e-01
9.499200e-01 8.613608e-01
9.500400e-01 8.665890e-01
9.501600e-01 8.719131e-01
9.502800e-01 8.772291e-01
9.504000e-01 8.824903e-01
9.505200e-01 8.878241e-01
9.506400e-01 8.933087e-01
9.507600e-01 8.988457e-01
9.508800e-01 9.045100e-01
9.510000e-01 9.103027e-01
9.511200e-01 9.160691e-01
9.512400e-01 9.216815e-01
9.513600e-01 9.271512e-01
9.514800e-01 9.327636e-01
9.516000e-01 9.384248e-01
9.517200e-01 9.439722e-01
9.518400e-01 9.495737e-01
9.519600e-01 9.553740e-01
9.520800e-01 9.613783e-01
9.522000e-01 9.671944e-01
9.523200e-01 9.729398e-01
9.524400e-01 9.785401e-01
9.525600e-01 9.842152e-01
9.526800e-01 9.899711e-01
9.528000e-01 9.958418e-01
9.529200e-01 1.001859e+00
9.530400e-01 1.008103e+00
9.531600e-01 1.014495e+00
9.532800e-01 1.020778e+00
9.534000e-01 1.027221e+00
9.535200e-01 1.033751e+00
9.536400e-01 1.040373e+00
9.537600e-01 1.046690e+00
9.538800e-01 1.052785e+00
9.540000e-01 1.058900e+00
9.541200e-01 1.065350e+00
9.542400e-01 1.071545e+00
9.543600e-01 1.077513e+00
9.544800e-01 1.083534e+00
9.546000e-01 1.089264e+00
9.547200e-01 1.095083e+00
9.548400e-01 1.100878e+00
9.549600e-01 1.106746e+00
9.550800e-01 1.112726e+00
9.552000e-01 1.118830e+00
9.553200e-01 1.124704e+00
9.554400e-01 1.130794e+00
9.555600e-01 1.137287e+00
9.556800e-01 1.144205e+00
9.558000e-01 1.150987e+00
9.559200e-01 1.157664e+00
9.560400e-01 1.164393e+00
9.561600e-01 1.171268e+00
9.562800e-01 1.177970e+00
9.564000e-01 1.184818e+00
9.565200e-01 1.191382e+00
9.566400e-01 1.198074e+00
9.567600e-01 1.204793e+00
9.568800e-01 1.211283e+00
9.570000e-01 1.217490e+00
9.571200e-01 1.223697e+00
9.572400e-01 1.229949e+00
9.573600e-01 1.236128e+00
9.574800e-01 1.242368e+00
9.576000e-01 1.248232e+00
9.577200e-01 1.254182e+00
9.578400e-01 1.260171e+00
9.579600e-01 1.266364e+00
9.580800e-01 1.272626e+00
9.582000e-01 1.278685e+00
9.583200e-01 1.284728e+00
9.584400e-01 1.290818e+00
9.585600e-01 1.297025e+00
9.586800e-01 1.303132e+00
9.588000e-01 1.309137e+00
9.589200e-01 1.315171e+00
9.590400e-01 1.321160e+00
9.591600e-01 1.327264e+00
9.592800e-01 1.333559e+00
9.594000e-01 1.339868e+00
9.595200e-01 1.346235e+00
9.596400e-01 1.352839e+00
9.597600e-01 1.359670e+00
9.598800e-01 1.366395e+00
9.600000e-01 1.372846e+00
9.601200e-01 1.379269e+00
9.602400e-01 1.385816e+00
9.603600e-01 1.392422e+00
9.604800e-01 1.398995e+00
9.606000e-01 1.405695e+00
9.607200e-01 1.412098e+00
9.608400e-01 1.418401e+00
9.609600e-01 1.424579e+00
9.610800e-01 1.430753e+00
9.612000e-01 1.436701e+00
9.613200e-01 1.442162e+00
9.614400e-01 1.447815e+00
9.615600e-01 1.453455e+00
9.616800e-01 1.458748e+00
9.618000e-01 1.464094e+00
9.619200e-01 1.469445e+00
9.620400e-01 1.474884e+00
9.621600e-01 1.480276e+00
9.622800e-01 1.485806e+00
9.624000e-01 1.491440e+00
9.625200e-01 1.497063e+00
9.626400e-01 1.502579e+00
9.627600e-01 1.508171e+00
9.628800e-01 1.513915e+00
9.630000e-01 1.519514e+00
9.631200e-01 1.525146e+00
9.632400e-01 1.530778e+00
9.633600e-01 1.536468e+00
9.634800e-01 1.542047e+00
9.636000e-01 1.547444e+00
9.637200e-01 1.552743e+00
9.638400e-01 1.557860e+00
9.639600e-01 1.562757e+00
9.640800e-01 1.567587e+00
9.642000e-01 1.572446e+00
9.643200e-01 1.577214e+00
9.644400e-01 1.581894e+00
9.645600e-01 1.586600e+00
9.646800e-01 1.591285e+00
9.648000e-01 1.596024e+00
9.649200e-01 1.600505e+00
9.650400e-01 1.605056e+00
9.651600e-01 1.609744e+00
9.652800e-01 1.614567e+00
9.654000e-01 1.619439e+00
9.655200e-01 1.623980e+00
9.656400e-01 1.628398e+00
9.657600e-01 1.632962e+00
9.658800e-01 1.637605e+00
9.660000e-01 1.642378e+00
9.661200e-01 1.647016e+00
9.662400e-01 1.651710e+00
9.663600e-01 1.656315e+00
9.664800e-01 1.660614e+00
9.666000e-01 1.664945e+00
9.667200e-01 1.669541e+00
9.668400e-01 1.674121e+00
9.669600e-01 1.678516e+00
9.670800e-01 1.682662e+00
9.672000e-01 1.686571e+00
9.673200e-01 1.690469e+00
9.674400e-01 1.694520e+00
9.675600e-01 1.698443e+00
9.676800e-01 1.702356e+00
9.678000e-01 1.706287e+00
9.679200e-01 1.710198e+00
9.680400e-01 1.713961e+00
9.681600e-01 1.717669e+00
9.682800e-01 1.721568e+00
9.684000e-01 1.725575e+00
9.685200e-01 1.729347e+00
9.686400e-01 1.733021e+00
9.687600e-01 1.736912e+00
9.688800e-01 1.740819e+00
9.690000e-01 1.744557e+00
9.691200e-01 1.748070e+00
9.692400e-01 1.751411e+00
9.693600e-01 1.754776e+00
9.694800e-01 1.758088e+00
9.696000e-01 1.761374e+00
9.697200e-01 1.764615e+00
9.698400e-01 1.767962e+00
9.699600e-01 1.771156e+00
9.700800e-01 1.774327e+00
9.702000e-01 1.777461e+00
9.703200e-01 1.780635e+00
9.704400e-01 1.783776e+00
9.705600e-01 1.786868e+00
9.706800e-01 1.789908e+00
9.708000e-01 1.792872e+00
9.709200e-01 1.795793e+00
9.710400e-01 1.798659e+00
9.711600e-01 1.801601e+00
9.712800e-01 1.804669e+00
9.714000e-01 1.807674e+00
9.715200e-01 1.810501e+00
9.716400e-01 1.813247e+00
9.717600e-01 1.816083e+00
9.718800e-01 1.818918e+00
9.720000e-01 1.821651e+00
9.721200e-01 1.824265e+00
9.722400e-01 1.826818e+00
9.723600e-01 1.829345e+00
9.724800e-01 1.831820e+00
9.726000e-01 1.834328e+00
9.727200e-01 1.836840e+00
9.728400e-01 1.839291e+00
9.729600e-01 1.841600e+00
9.730800e-01 1.843800e+00
9.732000e-01 1.846113e+00
9.733200e-01 1.848370e+00
9.734400e-01 1.850740e+00
9.735600e-01 1.853081e+00
9.736800e-01 1.855426e+00
9.738000e-01 1.857723e+00
9.739200e-01 1.859828e+00
9.740400e-01 1.861912e+00
9.741600e-01 1.864152e+00
9.742800e-01 1.866289e+00
9.744000e-01 1.868503e+00
9.745200e-01 1.870566e+00
9.746400e-01 1.872633e+00
9.747600e-01 1.874714e+00
9.748800e-01 1.876851e+00
9.750000e-01 1.878911e+00
9.751200e-01 1.880775e+00
9.752400e-01 1.882717e+00
9.753600e-01 1.884739e+00
9.754800e-01 1.886671e+00
9.756000e-01 1.888433e+00
9.757200e-01 1.890255e+00
9.758400e-01 1.892112e+00
9.759600e-01 1.894116e+00
9.760800e-01 1.896047e+00
9.762000e-01 1.898030e+00
9.763200e-01 1.899927e+00
9.764400e-01 1.901878e+00
9.765600e-01 1.903749e+00
9.766800e-01 1.905641e+00
9.768000e-01 1.907474e+00
9.769200e-01 1.909045e+00
9.770400e-01 1.910513e+00
9.771600e-01 1.912215e+00
9.772800e-01 1.914086e+00
9.774000e-01 1.915904e+00
9.775200e-01 1.917440e+00
9.776400e-01 1.919065e+00
9.777600e-01 1.920773e+00
9.778800e-01 1.922483e+00
9.780000e-01 1.924210e+00
9.781200e-01 1.925944e+00
9.782400e-01 1.927667e+00
9.783600e-01 1.929346e+00
9.784800e-01 1.930883e+00
9.786000e-01 1.932259e+00
9.787200e-01 1.933565e+00
9.788400e-01 1.935023e+00
9.789600e-01 1.936642e+00
9.790800e-01 1.938221e+00
9.792000e-01 1.939760e+00
9.793200e-01 1.941105e+00
9.794400e-01 1.942650e+00
9.795600e-01 1.944231e+00
9.796800e-01 1.945695e+00
9.798000e-01 1.947184e+00
9.799200e-01 1.948748e+00
9.800400e-01 1.950211e+00
9.801600e-01 1.951659e+00
9.802800e-01 1.953104e+00
9.804000e-01 1.954484e+00
9.805200e-01 1.955840e+00
9.806400e-01 1.957339e+00
9.807600e-01 1.958676e+00
9.808800e-01 1.959992e+00
9.810000e-01 1.961377e+00
9.811200e-01 1.962794e+00
9.812400e-01 1.964198e+00
9.813600e-01 1.965687e+00
9.814800e-01 1.967052e+00
9.816000e-01 1.968399e+00
9.817200e-01 1.969693e+00
9.818400e-01 1.971117e+00
9.819600e-01 1.972418e+00
9.820800e-01 1.973500e+00
9.822000e-01 1.974622e+00
9.823200e-01 1.975918e+00
9.824400e-01 1.977277e+00
9.825600e-01 1.978426e+00
9.826800e-01 1.979597e+00
9.828000e-01 1.980824e+00
9.829200e-01 1.982010e+00
9.830400e-01 1.983176e+00
9.831600e-01 1.984430e+00
9.832800e-01 1.985670e+00
9.834000e-01 1.986862e+00
9.835200e-01 1.988061e+00
9.836400e-01 1.989282e+00
9.837600e-01 1.990409e+00
9.838800e-01 1.991584e+00
9.840000e-01 1.992643e+00
9.841200e-01 1.993612e+00
9.842400e-01 1.994568e+00
9.843600e-01 1.995552e+00
9.844800e-01 1.996477e+00
9.846000e-01 1.997486e+00
9.847200e-01 1.998756e+00
9.848400e-01 2.000093e+00
9.849600e-01 2.001390e+00
9.850800e-01 2.002586e+00
9.852000e-01 2.003631e+00
9.853200e-01 2.004470e+00
9.854400e-01 2.005446e+00
9.855600e-01 2.006590e+00
9.856800e-01 2.007602e+00
9.858000e-01 2.008530e+00
9.859200e-01 2.009394e+00
9.860400e-01 2.010306e+00
9.861600e-01 2.011385e+00
9.862800e-01 2.012623e+00
9.864000e-01 2.013740e+00
9.865200e-01 2.014732e+00
9.866400e-01 2.015685e+00
9.867600e-01 2.016633e+00
9.868800e-01 2.017463e+00
9.870000e-01 2.018330e+00
9.871200e-01 2.019315e+00
9.872400e-01 2.020331e+00
9.873600e-01 2.021438e+00
9.874800e-01 2.022578e+00
9.876000e-01 2.023496e+00
9.877200e-01 2.024165e+00
9.878400e-01 2.024999e+00
9.879600e-01 2.026015e+00
9.880800e-01 2.027058e+00
9.882000e-01 2.028178e+00
9.883200e-01 2.029279e+00
9.884400e-01 2.030252e+00
9.885600e-01 2.031124e+00
9.886800e-01 2.032107e+00
9.888000e-01 2.033101e+00
9.889200e-01 2.034025e+00
9.890400e-01 2.034787e+00
9.891600e-01 2.035576e+00
9.892800e-01 2.036427e+00
9.894000e-01 2.037282e+00
9.895200e-01 2.038285e+00
9.896400e-01 2.039291e+00
9.897600e-01 2.040229e+00
9.898800e-01 2.041143e+00
9.900000e-01 2.042097e+00
9.901200e-01 2.042954e+00
9.902400e-01 2.043665e+00
9.903600e-01 2.044287e+00
9.904800e-01 2.044991e+00
9.906000e-01 2.045770e+00
9.907200e-01 2.046545e+00
9.908400e-01 2.047466e+00
9.909600e-01 2.048468e+00
9.910800e-01 2.049425e+00
9.912000e-01 2.050273e+00
9.913200e-01 2.051153e+00
9.914400e-01 2.052072e+00
9.915600e-01 2.052994e+00
9.916800e-01 2.053775e+00
9.918000e-01 2.054463e+00
9.919200e-01 2.055289e+00
9.920400e-01 2.056143e+00
9.921600e-01 2.056925e+00
9.922800e-01 2.057642e+00
9.924000e-01 2.058374e+00
9.925200e-01 2.059229e+00
9.926400e-01 2.060087e+00
9.927600e-01 2.060883e+00
9.928800e-01 2.061694e+00
9.930000e-01 2.062453e+00
9.931200e-01 2.063383e+00
9.932400e-01 2.064274e+00
9.933600e-01 2.065158e+00
9.934800e-01 2.066081e+00
9.936000e-01 2.066923e+00
9.937200e-01 2.067735e+00
9.938400e-01 2.068520e+00
9.939600e-01 2.069468e+00
9.940800e-01 2.070500e+00
9.942000e-01 2.071298e+00
9.943200e-01 2.072237e+00
9.944400e-01 2.073225e+00
9.945600e-01 2.074174e+00
9.946800e-01 2.075066e+00
9.948000e-01 2.076011e+00
9.949200e-01 2.076767e+00
9.950400e-01 2.077379e+00
9.951600e-01 2.078056e+00
9.952800e-01 2.078857e+00
9.954000e-01 2.079563e+00
9.955200e-01 2.080160e+00
9.956400e-01 2.080839e+00
9.957600e-01 2.081608e+00
9.958800e-01 2.082464e+00
9.960000e-01 2.083299e+00
9.961200e-01 2.084174e+00
9.962400e-01 2.084847e+00
9.963600e-01 2.085488e+00
9.964800e-01 2.086235e+00
9.966000e-01 2.087068e+00
9.967200e-01 2.087858e+00
9.968400e-01 2.088638e+00
9.969600e-01 2.089474e+00
9.970800e-01 2.090350e+00
9.972000e-01 2.091172e+00
9.973200e-01 2.091833e+00
9.974400e-01 2.092452e+00
9.975600e-01 2.093111e+00
9.976800e-01 2.093783e+00
9.978000e-01 2.094341e+00
9.979200e-01 2.094910e+00
9.980400e-01 2.095506e+00
9.981600e-01 2.096059e+00
9.982800e-01 2.096544e+00
9.984000e-01 2.097161e+00
9.985200e-01 2.097855e+00
9.986400e-01 2.098517e+00
9.987600e-01 2.099130e+00
9.988800e-01 2.099713e+00
9.990000e-01 2.100191e+00
9.991200e-01 2.100840e+00
9.992400e-01 2.101559e+00
9.993600e-01 2.102266e+00
9.994800e-01 2.103037e+00
9.996000e-01 2.103866e+00
9.997200e-01 2.104611e+00
9.998400e-01 2.105308e+00
9.999600e-01 2.105993e+00
1.000080e+00 2.106770e+00
1.000200e+00 2.107612e+00
1.000320e+00 2.108411e+00
1.000440e+00 2.109245e+00
1.000560e+00 2.110044e+00
1.000680e+00 2.110788e+00
1.000800e+00 2.111508e+00
1.000920e+00 2.112127e+00
1.001040e+00 2.112671e+00
1.001160e+00 2.113182e+00
1.001280e+00 2.113767e+00
1.001400e+00 2.114238e+00
1.001520e+00 2.114738e+00
1.001640e+00 2.115198e+00
1.001760e+00 2.115763e+00
1.001880e+00 2.116344e+00
1.002000e+00 2.116882e+00
1.002120e+00 2.117437e+00
1.002240e+00 2.117911e+00
1.002360e+00 2.118354e+00
1.002480e+00 2.118859e+00
1.002600e+00 2.119379e+00
1.002720e+00 2.119845e+00
1.002840e+00 2.120267e+00
1.002960e+00 2.120854e+00
1.003080e+00 2.121602e+00
1.003200e+00 2.122415e+00
1.003320e+00 2.123212e+00
1.003440e+00 2.123948e+00
1.003560e+00 2.124561e+00
1.003680e+00 2.125117e+00
1.003800e+00 2.125629e+00
1.003920e+00 2.126007e+00
1.004040e+00 2.126423e+00
1.004160e+00 2.126813e+00
1.004280e+00 2.127137e+00
1.004400e+00 2.127529e+00
1.004520e+00 2.127907e+00
1.004640e+00 2.128381e+00
1.004760e+00 2.128923e+00
1.004880e+00 2.129439e+00
1.005000e+00 2.130056e+00
1.005120e+00 2.130656e+00
1.005240e+00 2.131346e+00
1.005360e+00 2.132074e+00
1.005480e+00 2.132768e+00
1.005600e+00 2.133326e+00
1.005720e+00 2.133766e+00
1.005840e+00 2.134212e+00
1.005960e+00 2.134726e+00
1.006080e+00 2.135310e+00
1.006200e+00 2.135932e+00
1.006320e+00 2.136552e+00
1.006440e+00 2.137305e+00
1.006560e+00 2.138074e+00
1.006680e+00 2.138718e+00
1.006800e+00 2.139385e+00
1.006920e+00 2.140047e+00
1.007040e+00 2.140540e+00
1.007160e+00 2.140885e+00
1.007280e+00 2.141251e+00
1.007400e+00 2.141557e+00
1.007520e+00 2.141726e+00
1.007640e+00 2.141950e+00
1.007760e+00 2.142198e+00
1.007880e+00 2.142312e+00
1.008000e+00 2.142513e+00
1.008120e+00 2.142982e+00
1.008240e+00 2.143543e+00
1.008360e+00 2.144139e+00
1.008480e+00 2.144653e+00
1.008600e+00 2.145169e+00
1.008720e+00 2.145579e+00
1.008840e+00 2.146009e+00
1.008960e+00 2.146401e+00
1.009080e+00 2.146766e+00
1.009200e+00 2.147019e+00
1.009320e+00 2.147268e+00
1.009440e+00 2.147556e+00
1.009560e+00 2.147910e+00
1.009680e+00 2.148347e+00
1.009800e+00 2.148809e+00
1.009920e+00 2.149258e+00
1.010040e+00 2.149740e+00
1.010160e+00 2.150219e+00
1.010280e+00 2.150582e+00
1.010400e+00 2.150896e+00
1.010520e+00 2.151218e+00
1.010640e+00 2.151452e+00
1.010760e+00 2.151707e+00
1.010880e+00 2.152124e+00
1.011000e+00 2.152574e+00
1.011120e+00 2.152867e+00
1.011240e+00 2.153236e+00
1.011360e+00 2.153660e+00
1.011480e+00 2.154005e+00
1.011600e+00 2.154390e+00
1.011720e+00 2.154873e+00
1.011840e+00 2.155371e+00
1.011960e+00 2.155725e+00
1.012080e+00 2.155992e+00
1.012200e+00 2.156298e+00
1.012320e+00 2.156664e+00
1.012440e+00 2.157030e+00
1.012560e+00 2.157317e+00
1.012680e+00 2.157450e+00
1.012800e+00 2.157580e+00
1.012920e+00 2.157752e+00
1.013040e+00 2.157961e+00
1.013160e+00 2.158164e+00
1.013280e+00 2.158339e+00
1.013400e+00 2.158729e+00
1.013520e+00 2.159021e+00
1.013640e+00 2.159289e+00
1.013760e+00 2.159574e+00
1.013880e+00 2.159854e+00
1.014000e+00 2.160102e+00
1.014120e+00 2.160364e+00
1.014240e+00 2.160618e+00
1.014360e+00 2.160764e+00
1.014480e+00 2.160772e+00
1.014600e+00 2.160719e+00
1.014720e+00 2.160820e+00
1.014840e+00 2.161221e+00
1.014960e+00 2.161831e+00
1.015080e+00 2.162327e+00
1.015200e+00 2.162645e+00
1.015320e+00 2.163025e+00
1.015440e+00 2.163361e+00
1.015560e+00 2.163584e+00
1.015680e+00 2.163731e+00
1.015800e+00 2.164025e+00
1.015920e+00 2.164239e+00
1.016040e+00 2.164524e+00
1.016160e+00 2.164759e+00
1.016280e+00 2.164887e+00
1.016400e+00 2.165140e+00
1.016520e+00 2.165633e+00
1.016640e+00 2.166242e+00
1.016760e+00 2.166676e+00
1.016880e+00 2.166903e+00
1.017000e+00 2.167220e+00
1.017120e+00 2.167501e+00
1.017240e+00 2.167734e+00
1.017360e+00 2.167926e+00
1.017480e+00 2.168120e+00
1.017600e+00 2.168379e+00
1.017720e+00 2.168691e+00
1.017840e+00 2.169129e+00
1.017960e+00 2.169513e+00
1.018080e+00 2.169840e+00
1.018200e+00 2.170219e+00
1.018320e+00 2.170477e+00
1.018440e+00 2.170804e+00
1.018560e+00 2.171225e+00
1.018680e+00 2.171577e+00
1.018800e+00 2.171967e+00
1.018920e+00 2.172229e+00
1.019040e+00 2.172359e+00
1.019160e+00 2.172387e+00
1.019280e+00 2.172466e+00
1.019400e+00 2.172584e+00
1.019520e+00 2.172627e+00
1.019640e+00 2.172754e+00
1.019760e+00 2.172885e+00
1.019880e+00 2.173028e+00
1.020000e+00 2.173331e+00
1.020120e+00 2.173609e+00
1.020240e+00 2.173861e+00
1.020360e+00 2.173955e+00
1.020480e+00 2.173968e+00
1.020600e+00 2.174242e+00
1.020720e+00 2.174615e+00
1.020840e+00 2.174918e+00
1.020960e+00 2.175181e+00
1.021080e+00 2.175489e+00
1.021200e+00 2.175885e+00
1.021320e+00 2.176335e+00
1.021440e+00 2.176729e+00
1.021560e+00 2.176924e+00
1.021680e+00 2.176823e+00
1.021800e+00 2.176744e+00
1.021920e+00 2.176728e+00
1.022040e+00 2.176831e+00
1.022160e+00 2.176984e+00
1.022280e+00 2.177166e+00
1.022400e+00 2.177291e+00
1.022520e+00 2.177448e+00
1.022640e+00 2.177622e+00
1.022760e+00 2.177715e+00
1.022880e+00 2.177856e+00
1.023000e+00 2.178289e+00
1.023120e+00 2.178595e+00
1.023240e+00 2.178724e+00
1.023360e+00 2.178709e+00
1.023480e+00 2.178777e+00
1.023600e+00 2.179148e+00
1.023720e+00 2.179538e+00
1.023840e+00 2.179766e+00
1.023960e+00 2.179873e+00
1.024080e+00 2.180043e+00
1.024200e+00 2.180396e+00
1.024320e+00 2.180746e+00
1.024440e+00 2.181119e+00
1.024560e+00 2.181537e+00
1.024680e+00 2.181763e+00
1.024800e+00 2.181738e+00
1.024920e+00 2.181574e+00
1.025040e+00 2.181602e+00
1.025160e+00 2.181695e+00
1.025280e+00 2.181676e+00
1.025400e+00 2.181536e+00
1.025520e+00 2.181390e+00
1.025640e+00 2.181487e+00
1.025760e+00 2.181840e+00
1.025880e+00 2.182224e+00
1.026000e+00 2.182537e+00
1.026120e+00 2.182844e+00
1.026240e+00 2.183130e+00
1.026360e+00 2.183164e+00
1.026480e+00 2.182914e+00
1.026600e+00 2.182796e+00
1.026720e+00 2.182889e+00
1.026840e+00 2.183017e+00
1.026960e+00 2.182910e+00
1.027080e+00 2.182596e+00
1.027200e+00 2.182496e+00
1.027320e+00 2.182320e+00
1.027440e+00 2.182214e+00
1.027560e+00 2.182164e+00
1.027680e+00 2.182167e+00
1.027800e+00 2.182348e+00
1.027920e+00 2.182205e+00
1.028040e+00 2.181990e+00
1.028160e+00 2.181754e+00
1.028280e+00 2.181666e+00
1.028400e+00 2.181565e+00
1.028520e+00 2.181525e+00
1.028640e+00 2.181517e+00
1.028760e+00 2.181593e+00
1.028880e+00 2.181528e+00
1.029000e+00 2.181631e+00
1.029120e+00 2.181746e+00
1.029240e+00 2.181926e+00
1.029360e+00 2.182052e+00
1.029480e+00 2.182069e+00
1.029600e+00 2.182343e+00
1.029720e+00 2.182749e+00
1.029840e+00 2.183135e+00
1.029960e+00 2.183221e+00
1.030080e+00 2.183126e+00
1.030200e+00 2.183430e+00
1.030320e+00 2.183598e+00
1.030440e+00 2.183753e+00
1.030560e+00 2.183854e+00
1.030680e+00 2.183828e+00
1.030800e+00 2.183787e+00
1.030920e+00 2.183846e+00
1.031040e+00 2.183932e+00
1.031160e+00 2.183836e+00
1.031280e+00 2.183750e+00
1.031400e+00 2.183887e+00
1.031520e+00 2.183752e+00
1.031640e+00 2.183734e+00
1.031760e+00 2.183883e+00
1.031880e+00 2.183921e+00
1.032000e+00 2.183720e+00
1.032120e+00 2.183807e+00
1.032240e+00 2.183853e+00
1.032360e+00 2.183756e+00
1.032480e+00 2.183696e+00
1.032600e+00 2.183716e+00
1.032720e+00 2.183565e+00
1.032840e+00 2.183380e+00
1.032960e+00 2.183246e+00
1.033080e+00 2.183037e+00
1.033200e+00 2.182918e+00
1.033320e+00 2.182912e+00
1.033440e+00 2.182925e+00
1.033560e+00 2.182851e+00
1.033680e+00 2.182746e+00
1.033800e+00 2.182815e+00
1.033920e+00 2.182736e+00
1.034040e+00 2.182523e+00
1.034160e+00 2.182286e+00
1.034280e+00 2.182049e+00
1.034400e+00 2.182048e+00
1.034520e+00 2.182136e+00
1.034640e+00 2.182479e+00
1.034760e+00 2.182550e+00
1.034880e+00 2.182417e+00
1.035000e+00 2.182258e+00
1.035120e+00 2.182345e+00
1.035240e+00 2.182372e+00
1.035360e+00 2.182296e+00
1.035480e+00 2.182085e+00
1.035600e+00 2.181891e+00
1.035720e+00 2.181960e+00
1.035840e+00 2.182016e+00
1.035960e+00 2.182027e+00
1.036080e+00 2.182015e+00
1.036200e+00 2.182048e+00
1.036320e+00 2.181728e+00
1.036440e+00 2.181350e+00
1.036560e+00 2.181107e+00
1.036680e+00 2.180970e+00
1.036800e+00 2.181087e+00
1.036920e+00 2.181054e+00
1.037040e+00 2.181123e+00
1.037160e+00 2.181097e+00
1.037280e+00 2.180994e+00
1.037400e+00 2.181017e+00
1.037520e+00 2.180962e+00
1.037640e+00 2.180900e+00
1.037760e+00 2.180561e+00
1.037880e+00 2.180129e+00
1.038000e+00 2.179940e+00
1.038120e+00 2.179951e+00
1.038240e+00 2.180159e+00
1.038360e+00 2.180405e+00
1.038480e+00 2.180501e+00
1.038600e+00 2.180491e+00
1.038720e+00 2.180393e+00
1.038840e+00 2.180344e+00
1.038960e+00 2.180202e+00
1.039080e+00 2.179838e+00
1.039200e+00 2.179439e+00
1.039320e+00 2.179101e+00
1.039440e+00 2.178924e+00
1.039560e+00 2.178854e+00
1.039680e+00 2.178836e+00
1.039800e+00 2.178838e+00
1.039920e+00 2.178664e+00
1.040040e+00 2.178542e+00
1.040160e+00 2.178456e+00
1.040280e+00 2.178281e+00
1.040400e+00 2.178160e+00
1.040520e+00 2.178142e+00
1.040640e+00 2.178160e+00
1.040760e+00 2.178145e+00
1.040880e+00 2.178049e+00
1.041000e+00 2.177872e+00
1.041120e+00 2.177637e+00
1.041240e+00 2.177236e+00
1.041360e+00 2.176965e+00
1.041480e+00 2.176861e+00
1.041600e+00 2.176908e+00
1.041720e+00 2.176923e+00
1.041840e+00 2.177230e+00
1.041960e+00 2.177372e+00
1.042080e+00 2.177228e+00
1.042200e+00 2.177254e+00
1.042320e+00 2.177066e+00
1.042440e+00 2.176845e+00
1.042560e+00 2.176696e+00
1.042680e+00 2.176629e+00
1.042800e+00 2.176499e+00
1.042920e+00 2.176221e+00
1.043040e+00 2.176015e+00
1.043160e+00 2.175909e+00
1.043280e+00 2.175751e+00
1.043400e+00 2.175669e+00
1.043520e+00 2.175629e+00
1.043640e+00 2.175514e+00
1.043760e+00 2.175275e+00
1.043880e+00 2.174989e+00
1.044000e+00 2.174894e+00
1.044120e+00 2.174769e+00
1.044240e+00 2.174690e+00
1.044360e+00 2.174523e+00
1.044480e+00 2.174232e+00
1.044600e+00 2.173651e+00
1.044720e+00 2.173126e+00
1.044840e+00 2.172870e+00
1.044960e+00 2.172856e+00
1.045080e+00 2.172836e+00
1.045200e+00 2.172821e+00
1.045320e+00 2.172893e+00
1.045440e+00 2.172958e+00
1.045560e+00 2.172911e+00
1.045680e+00 2.172836e+00
1.045800e+00 2.172613e+00
1.045920e+00 2.172307e+00
1.046040e+00 2.172009e+00
1.046160e+00 2.171876e+00
1.046280e+00 2.171618e+00
1.046400e+00 2.171262e+00
1.046520e+00 2.170999e+00
1.046640e+00 2.170909e+00
1.046760e+00 2.170779e+00
1.046880e+00 2.170640e+00
1.047000e+00 2.170549e+00
1.047120e+00 2.170468e+00
1.047240e+00 2.170293e+00
1.047360e+00 2.170196e+00
1.047480e+00 2.170110e+00
1.047600e+00 2.170034e+00
1.047720e+00 2.169893e+00
1.047840e+00 2.169785e+00
1.047960e+00 2.169596e+00
1.048080e+00 2.169363e+00
1.048200e+00 2.169115e+00
1.048320e+00 2.168715e+00
1.048440e+00 2.168340e+00
1.048560e+00 2.168117e+00
1.048680e+00 2.168036e+00
1.048800e+00 2.168050e+00
1.048920e+00 2.168108e+00
1.049040e+00 2.168114e+00
1.049160e+00 2.168095e+00
1.049280e+00 2.168171e+00
1.049400e+00 2.168138e+00
1.049520e+00 2.167673e+00
1.049640e+00 2.167250e+00
1.049760e+00 2.166935e+00
1.049880e+00 2.166359e+00
1.050000e+00 2.165714e+00
1.050120e+00 2.165384e+00
1.050240e+00 2.165331e+00
1.050360e+00 2.165266e+00
1.050480e+00 2.165089e+00
1.050600e+00 2.165019e+00
1.050720e+00 2.164798e+00
1.050840e+00 2.164521e+00
1.050960e+00 2.164152e+00
1.051080e+00 2.163784e+00
1.051200e+00 2.163515e+00
1.051320e+00 2.163318e+00
1.051440e+00 2.163288e+00
1.051560e+00 2.163248e+00
1.051680e+00 2.163194e+00
1.051800e+00 2.163128e+00
1.051920e+00 2.163142e+00
1.052040e+00 2.162885e+00
1.052160e+00 2.162492e+00
1.052280e+00 2.162022e+00
1.052400e+00 2.161658e+00
1.052520e+00 2.161433e+00
1.052640e+00 2.161344e+00
1.052760e+00 2.161257e+00
1.052880e+00 2.161067e+00
1.053000e+00 2.160831e+00
1.053120e+00 2.160478e+00
1.053240e+00 2.160231e+00
1.053360e+00 2.160043e+00
1.053480e+00 2.159846e+00
1.053600e+00 2.159918e+00
1.053720e+00 2.160019e+00
1.053840e+00 2.160095e+00
1.053960e+00 2.160148e+00
1.054080e+00 2.160268e+00
1.054200e+00 2.160510e+00
1.054320e+00 2.160589e+00
1.054440e+00 2.160514e+00
1.054560e+00 2.160288e+00
1.054680e+00 2.160081e+00
1.054800e+00 2.159939e+00
1.054920e+00 2.160000e+00
1.055040e+00 2.160160e+00
1.055160e+00 2.160168e+00
1.055280e+00 2.159959e+00
1.055400e+00 2.159652e+00
1.055520e+00 2.159253e+00
1.055640e+00 2.158875e+00
1.055760e+00 2.158460e+00
1.055880e+00 2.157935e+00
1.056000e+00 2.157499e+00
1.056120e+00 2.157160e+00
1.056240e+00 2.156988e+00
1.056360e+00 2.156872e+00
1.056480e+00 2.156805e+00
1.056600e+00 2.156769e+00
1.056720e+00 2.156681e+00
1.056840e+00 2.156591e+00
1.056960e+00 2.156438e+00
1.057080e+00 2.156156e+00
1.057200e+00 2.155799e+00
1.057320e+00 2.155419e+00
1.057440e+00 2.154903e+00
1.057560e+00 2.154187e+00
1.057680e+00 2.153376e+00
1.057800e+00 2.152665e+00
1.057920e+00 2.151917e+00
1.058040e+00 2.151158e+00
1.058160e+00 2.150450e+00
1.058280e+00 2.149753e+00
1.058400e+00 2.149088e+00
1.058520e+00 2.148423e+00
1.058640e+00 2.147902e+00
1.058760e+00 2.147511e+00
1.058880e+00 2.147177e+00
1.059000e+00 2.146792e+00
1.059120e+00 2.146304e+00
1.059240e+00 2.145849e+00
1.059360e+00 2.145428e+00
1.059480e+00 2.144967e+00
1.059600e+00 2.144448e+00
1.059720e+00 2.144069e+00
1.059840e+00 2.143662e+00
1.059960e+00 2.143134e+00
1.060080e+00 2.142527e+00
1.060200e+00 2.141937e+00
1.060320e+00 2.141520e+00
1.060440e+00 2.141186e+00
1.060560e+00 2.140926e+00
1.060680e+00 2.140714e+00
1.060800e+00 2.140500e+00
1.060920e+00 2.140256e+00
1.061040e+00 2.140050e+00
1.061160e+00 2.139894e+00
1.061280e+00 2.139850e+00
1.061400e+00 2.140049e+00
1.061520e+00 2.140116e+00
1.061640e+00 2.140145e+00
1.061760e+00 2.140184e+00
1.061880e+00 2.140175e+00
1.062000e+00 2.140066e+00
1.062120e+00 2.140020e+00
1.062240e+00 2.139979e+00
1.062360e+00 2.139895e+00
1.062480e+00 2.139759e+00
1.062600e+00 2.139636e+00
1.062720e+00 2.139416e+00
1.062840e+00 2.139239e+00
1.062960e+00 2.139077e+00
1.063080e+00 2.138857e+00
1.063200e+00 2.138545e+00
1.063320e+00 2.138383e+00
1.063440e+00 2.138210e+00
1.063560e+00 2.137819e+00
1.063680e+00 2.137308e+00
1.063800e+00 2.136881e+00
1.063920e+00 2.136574e+00
1.064040e+00 2.136308e+00
1.064160e+00 2.136176e+00
1.064280e+00 2.136074e+00
1.064400e+00 2.135955e+00
1.064520e+00 2.135777e+00
1.064640e+00 2.135689e+00
1.064760e+00 2.135567e+00
1.064880e+00 2.135195e+00
1.065000e+00 2.134744e+00
1.065120e+00 2.134201e+00
1.065240e+00 2.133599e+00
1.065360e+00 2.132977e+00
1.065480e+00 2.132357e+00
1.065600e+00 2.131911e+00
1.065720e+00 2.131485e+00
1.065840e+00 2.131093e+00
1.065960e+00 2.130742e+00
1.066080e+00 2.130477e+00
1.066200e+00 2.130229e+00
1.066320e+00 2.129823e+00
1.066440e+00 2.129361e+00
1.066560e+00 2.128928e+00
1.066680e+00 2.128490e+00
1.066800e+00 2.127923e+00
1.066920e+00 2.127459e+00
1.067040e+00 2.126934e+00
1.067160e+00 2.126407e+00
1.067280e+00 2.126084e+00
1.067400e+00 2.125717e+00
1.067520e+00 2.125343e+00
1.067640e+00 2.125145e+00
1.067760e+00 2.125117e+00
1.067880e+00 2.125048e+00
1.068000e+00 2.124954e+00
1.068120e+00 2.125095e+00
1.068240e+00 2.125317e+00
1.068360e+00 2.125438e+00
1.068480e+00 2.125351e+00
1.068600e+00 2.125062e+00
1.068720e+00 2.124651e+00
1.068840e+00 2.124312e+00
1.068960e+00 2.123899e+00
1.069080e+00 2.123448e+00
1.069200e+00 2.123180e+00
1.069320e+00 2.123096e+00
1.069440e+00 2.122912e+00
1.069560e+00 2.122785e+00
1.069680e+00 2.122806e+00
1.069800e+00 2.122746e+00
1.069920e+00 2.122296e+00
1.070040e+00 2.121722e+00
1.070160e+00 2.121137e+00
1.070280e+00 2.120559e+00
1.070400e+00 2.120147e+00
1.070520e+00 2.119940e+00
1.070640e+00 2.119915e+00
1.070760e+00 2.119842e+00
1.070880e+00 2.119764e+00
1.071000e+00 2.119635e+00
1.071120e+00 2.119413e+00
1.071240e+00 2.119227e+00
1.071360e+00 2.119117e+00
1.071480e+00 2.119066e+00
1.071600e+00 2.118872e+00
1.071720e+00 2.118689e+00
1.071840e+00 2.118401e+00
1.071960e+00 2.118087e+00
1.072080e+00 2.117750e+00
1.072200e+00 2.117232e+00
1.072320e+00 2.116547e+00
1.072440e+00 2.115926e+00
1.072560e+00 2.115450e+00
1.072680e+00 2.114943e+00
1.072800e+00 2.114219e+00
1.072920e+00 2.113165e+00
1.073040e+00 2.112241e+00
1.073160e+00 2.111606e+00
1.073280e+00 2.111073e+00
1.073400e+00 2.110705e+00
1.073520e+00 2.110438e+00
1.073640e+00 2.110188e+00
1.073760e+00 2.109722e+00
1.073880e+00 2.109052e+00
1.074000e+00 2.108220e+00
1.074120e+00 2.107406e+00
1.074240e+00 2.106559e+00
1.074360e+00 2.105932e+00
1.074480e+00 2.105581e+00
1.074600e+00 2.105240e+00
1.074720e+00 2.104837e+00
1.074840e+00 2.104466e+00
1.074960e+00 2.104134e+00
1.075080e+00 2.103693e+00
1.075200e+00 2.103124e+00
1.075320e+00 2.102543e+00
1.075440e+00 2.102008e+00
1.075560e+00 2.101635e+00
1.075680e+00 2.101209e+00
1.075800e+00 2.100755e+00
1.075920e+00 2.100310e+00
1.076040e+00 2.099937e+00
1.076160e+00 2.099541e+00
1.076280e+00 2.099190e+00
1.076400e+00 2.099062e+00
1.076520e+00 2.099004e+00
1.076640e+00 2.098575e+00
1.076760e+00 2.098044e+00
1.076880e+00 2.097708e+00
1.077000e+00 2.097482e+00
1.077120e+00 2.097228e+00
1.077240e+00 2.097066e+00
1.077360e+00 2.096913e+00
1.077480e+00 2.096621e+00
1.077600e+00 2.096158e+00
1.077720e+00 2.095383e+00
1.077840e+00 2.094511e+00
1.077960e+00 2.093806e+00
1.078080e+00 2.093356e+00
1.078200e+00 2.093103e+00
1.078320e+00 2.093074e+00
1.078440e+00 2.093186e+00
1.078560e+00 2.093247e+00
1.078680e+00 2.093072e+00
1.078800e+00 2.092733e+00
1.078920e+00 2.092228e+00
1.079040e+00 2.091716e+00
1.079160e+00 2.091179e+00
1.079280e+00 2.090650e+00
1.079400e+00 2.090021e+00
1.079520e+00 2.089389e+00
1.079640e+00 2.088924e+00
1.079760e+00 2.088432e+00
1.079880e+00 2.087816e+00
1.080000e+00 2.087114e+00
1.080120e+00 2.086409e+00
1.080240e+00 2.085742e+00
1.080360e+00 2.085210e+00
1.080480e+00 2.084572e+00
1.080600e+00 2.083756e+00
1.080720e+00 2.083039e+00
1.080840e+00 2.082441e+00
1.080960e+00 2.081787e+00
1.081080e+00 2.081167e+00
1.081200e+00 2.080734e+00
1.081320e+00 2.080507e+00
1.081440e+00 2.080315e+00
1.081560e+00 2.080008e+00
1.081680e+00 2.079674e+00
1.081800e+00 2.079257e+00
1.081920e+00 2.078710e+00
1.082040e+00 2.078088e+00
1.082160e+00 2.077465e+00
1.082280e+00 2.076921e+00
1.082400e+00 2.076250e+00
1.082520e+00 2.075652e+00
1.082640e+00 2.074963e+00
1.082760e+00 2.074303e+00
1.082880e+00 2.073671e+00
1.083000e+00 2.073003e+00
1.083120e+00 2.072450e+00
1.083240e+00 2.071948e+00
1.083360e+00 2.071383e+00
1.083480e+00 2.070670e+00
1.083600e+00 2.069833e+00
1.083720e+00 2.068970e+00
1.083840e+00 2.068264e+00
1.083960e+00 2.067697e+00
1.084080e+00 2.067224e+00
1.084200e+00 2.066716e+00
1.084320e+00 2.066255e+00
1.084440e+00 2.065694e+00
1.084560e+00 2.065002e+00
1.084680e+00 2.064388e+00
1.084800e+00 2.064066e+00
1.084920e+00 2.063795e+00
1.085040e+00 2.063457e+00
1.085160e+00 2.063108e+00
1.085280e+00 2.062803e+00
1.085400e+00 2.062377e+00
1.085520e+00 2.061877e+00
1.085640e+00 2.061026e+00
1.085760e+00 2.060072e+00
1.085880e+00 2.059178e+00
1.086000e+00 2.058157e+00
1.086120e+00 2.057264e+00
1.086240e+00 2.056477e+00
1.086360e+00 2.055878e+00
1.086480e+00 2.055559e+00
1.086600e+00 2.055350e+00
1.086720e+00 2.055101e+00
1.086840e+00 2.054615e+00
1.086960e+00 2.053921e+00
1.087080e+00 2.053022e+00
1.087200e+00 2.052080e+00
1.087320e+00 2.051050e+00
1.087440e+00 2.050129e+00
1.087560e+00 2.049447e+00
1.087680e+00 2.048873e+00
1.087800e+00 2.048199e+00
1.087920e+00 2.047830e+00
1.088040e+00 2.047335e+00
1.088160e+00 2.046560e+00
1.088280e+00 2.045795e+00
1.088400e+00 2.045033e+00
1.088520e+00 2.044520e+00
1.088640e+00 2.044232e+00
1.088760e+00 2.044180e+00
1.088880e+00 2.044113e+00
1.089000e+00 2.043792e+00
1.089120e+00 2.043473e+00
1.089240e+00 2.043161e+00
1.089360e+00 2.042741e+00
1.089480e+00 2.042093e+00
1.089600e+00 2.041282e+00
1.089720e+00 2.040379e+00
1.089840e+00 2.039398e+00
1.089960e+00 2.038464e+00
1.090080e+00 2.037809e+00
1.090200e+00 2.037159e+00
1.090320e+00 2.036673e+00
1.090440e+00 2.036164e+00
1.090560e+00 2.035621e+00
1.090680e+00 2.035020e+00
1.090800e+00 2.034362e+00
1.090920e+00 2.033688e+00
1.091040e+00 2.032968e+00
1.091160e+00 2.032422e+00
1.091280e+00 2.032038e+00
1.091400e+00 2.031791e+00
1.091520e+00 2.031803e+00
1.091640e+00 2.031969e+00
1.091760e+00 2.032053e+00
1.091880e+00 2.032022e+00
1.092000e+00 2.031778e+00
1.092120e+00 2.031402e+00
1.092240e+00 2.030879e+00
1.092360e+00 2.030377e+00
1.092480e+00 2.029834e+00
1.092600e+00 2.029006e+00
1.092720e+00 2.028027e+00
1.092840e+00 2.026748e+00
1.092960e+00 2.025421e+00
1.093080e+00 2.024374e+00
1.093200e+00 2.023607e+00
1.093320e+00 2.022947e+00
1.093440e+00 2.022588e+00
1.093560e+00 2.022642e+00
1.093680e+00 2.022833e+00
1.093800e+00 2.022944e+00
1.093920e+00 2.022880e+00
1.094040e+00 2.022675e+00
1.094160e+00 2.022305e+00
1.094280e+00 2.021977e+00
1.094400e+00 2.021969e+00
1.094520e+00 2.022310e+00
1.094640e+00 2.022567e+00
1.094760e+00 2.022723e+00
1.094880e+00 2.022669e+00
1.095000e+00 2.022201e+00
1.095120e+00 2.021589e+00
1.095240e+00 2.020666e+00
1.095360e+00 2.019471e+00
1.095480e+00 2.018467e+00
1.095600e+00 2.017754e+00
1.095720e+00 2.017232e+00
1.095840e+00 2.016804e+00
1.095960e+00 2.016437e+00
1.096080e+00 2.016033e+00
1.096200e+00 2.015168e+00
1.096320e+00 2.014018e+00
1.096440e+00 2.012708e+00
1.096560e+00 2.011449e+00
1.096680e+00 2.010377e+00
1.096800e+00 2.009873e+00
1.096920e+00 2.009942e+00
1.097040e+00 2.010180e+00
1.097160e+00 2.010198e+00
1.097280e+00 2.009926e+00
1.097400e+00 2.009304e+00
1.097520e+00 2.008322e+00
1.097640e+00 2.007046e+00
1.097760e+00 2.005916e+00
1.097880e+00 2.005209e+00
1.098000e+00 2.004798e+00
1.098120e+00 2.004627e+00
1.098240e+00 2.004552e+00
1.098360e+00 2.004688e+00
1.098480e+00 2.004883e+00
1.098600e+00 2.004778e+00
1.098720e+00 2.004397e+00
1.098840e+00 2.003994e+00
1.098960e+00 2.003482e+00
1.099080e+00 2.002830e+00
1.099200e+00 2.002066e+00
1.099320e+00 2.001120e+00
1.099440e+00 2.000247e+00
1.099560e+00 1.999594e+00
1.099680e+00 1.998941e+00
1.099800e+00 1.998171e+00
1.099920e+00 1.997146e+00
1.100040e+00 1.995995e+00
1.100160e+00 1.994992e+00
1.100280e+00 1.994098e+00
1.100400e+00 1.993770e+00
1.100520e+00 1.993838e+00
1.100640e+00 1.994580e+00
1.100760e+00 1.995412e+00
1.100880e+00 1.995734e+00
1.101000e+00 1.995465e+00
1.101120e+00 1.994492e+00
1.101240e+00 1.993059e+00
1.101360e+00 1.991332e+00
1.101480e+00 1.989801e+00
1.101600e+00 1.988441e+00
1.101720e+00 1.987269e+00
1.101840e+00 1.986216e+00
1.101960e+00 1.985201e+00
1.102080e+00 1.984165e+00
1.102200e+00 1.983083e+00
1.102320e+00 1.982046e+00
1.102440e+00 1.980995e+00
1.102560e+00 1.979920e+00
1.102680e+00 1.978687e+00
1.102800e+00 1.977180e+00
1.102920e+00 1.975450e+00
1.103040e+00 1.973714e+00
1.103160e+00 1.972329e+00
1.103280e+00 1.971448e+00
1.103400e+00 1.971338e+00
1.103520e+00 1.971807e+00
1.103640e+00 1.972546e+00
1.103760e+00 1.973150e+00
1.103880e+00 1.973339e+00
1.104000e+00 1.972842e+00
1.104120e+00 1.971610e+00
1.104240e+00 1.970212e+00
1.104360e+00 1.968791e+00
1.104480e+00 1.967397e+00
1.104600e+00 1.966168e+00
1.104720e+00 1.965158e+00
1.104840e+00 1.964240e+00
1.104960e+00 1.963530e+00
1.105080e+00 1.963046e+00
1.105200e+00 1.962617e+00
1.105320e+00 1.962223e+00
1.105440e+00 1.962042e+00
1.105560e+00 1.962005e+00
1.105680e+00 1.961829e+00
1.105800e+00 1.961701e+00
1.105920e+00 1.961681e+00
1.106040e+00 1.961613e+00
1.106160e+00 1.961187e+00
1.106280e+00 1.960374e+00
1.106400e+00 1.959353e+00
1.106520e+00 1.957846e+00
1.106640e+00 1.956334e+00
1.106760e+00 1.955134e+00
1.106880e+00 1.954386e+00
1.107000e+00 1.954304e+00
1.107120e+00 1.954538e+00
1.107240e+00 1.954826e+00
1.107360e+00 1.954703e+00
1.107480e+00 1.953958e+00
1.107600e+00 1.952785e+00
1.107720e+00 1.951560e+00
1.107840e+00 1.950167e+00
1.107960e+00 1.948728e+00
1.108080e+00 1.947641e+00
1.108200e+00 1.947175e+00
1.108320e+00 1.947083e+00
1.108440e+00 1.947116e+00
1.108560e+00 1.947037e+00
1.108680e+00 1.946826e+00
1.108800e+00 1.946434e+00
1.108920e+00 1.945767e+00
1.109040e+00 1.945063e+00
1.109160e+00 1.944209e+00
1.109280e+00 1.943218e+00
1.109400e+00 1.942411e+00
1.109520e+00 1.941648e+00
1.109640e+00 1.941029e+00
1.109760e+00 1.940562e+00
1.109880e+00 1.940137e+00
1.110000e+00 1.939650e+00
1.110120e+00 1.939186e+00
1.110240e+00 1.938874e+00
1.110360e+00 1.938506e+00
1.110480e+00 1.938063e+00
1.110600e+00 1.937703e+00
1.110720e+00 1.937502e+00
1.110840e+00 1.937271e+00
1.110960e+00 1.936875e+00
1.111080e+00 1.936143e+00
1.111200e+00 1.935028e+00
1.111320e+00 1.933427e+00
1.111440e+00 1.931867e+00
1.111560e+00 1.930580e+00
1.111680e+00 1.929760e+00
1.111800e+00 1.929372e+00
1.111920e+00 1.929188e+00
1.112040e+00 1.929038e+00
1.112160e+00 1.928941e+00
1.112280e+00 1.928677e+00
1.112400e+00 1.928235e+00
1.112520e+00 1.927630e+00
1.112640e+00 1.926940e+00
1.112760e+00 1.926165e+00
1.112880e+00 1.925486e+00
1.113000e+00 1.924919e+00
1.113120e+00 1.924421e+00
1.113240e+00 1.923888e+00
1.113360e+00 1.923215e+00
1.113480e+00 1.922470e+00
1.113600e+00 1.921813e+00
1.113720e+00 1.921066e+00
1.113840e+00 1.920506e+00
1.113960e+00 1.920097e+00
1.114080e+00 1.919493e+00
1.114200e+00 1.918547e+00
1.114320e+00 1.917563e+00
1.114440e+00 1.916656e+00
1.114560e+00 1.915752e+00
1.114680e+00 1.914919e+00
1.114800e+00 1.914349e+00
1.114920e+00 1.913978e+00
1.115040e+00 1.913554e+00
1.115160e+00 1.913127e+00
1.115280e+00 1.912716e+00
1.115400e+00 1.912273e+00
1.115520e+00 1.911827e+00
1.115640e+00 1.911510e+00
1.115760e+00 1.911310e+00
1.115880e+00 1.911002e+00
1.116000e+00 1.910500e+00
1.116120e+00 1.909763e+00
1.116240e+00 1.908864e+00
1.116360e+00 1.907874e+00
1.116480e+00 1.906908e+00
1.116600e+00 1.905983e+00
1.116720e+00 1.905124e+00
1.116840e+00 1.904196e+00
1.116960e+00 1.903194e+00
1.117080e+00 1.902103e+00
1.117200e+00 1.900973e+00
1.117320e+00 1.899857e+00
1.117440e+00 1.898850e+00
1.117560e+00 1.898019e+00
1.117680e+00 1.897354e+00
1.117800e+00 1.896800e+00
1.117920e+00 1.896448e+00
1.118040e+00 1.896001e+00
1.118160e+00 1.895575e+00
1.118280e+00 1.895094e+00
1.118400e+00 1.894438e+00
1.118520e+00 1.893838e+00
1.118640e+00 1.893444e+00
1.118760e+00 1.893063e+00
1.118880e+00 1.892599e+00
1.119000e+00 1.892462e+00
1.119120e+00 1.892297e+00
1.119240e+00 1.892029e+00
1.119360e+00 1.891728e+00
1.119480e+00 1.891656e+00
1.119600e+00 1.891459e+00
1.119720e+00 1.891084e+00
1.119840e+00 1.890547e+00
1.119960e+00 1.889727e+00
1.120080e+00 1.888726e+00
1.120200e+00 1.887898e+00
1.120320e+00 1.887140e+00
1.120440e+00 1.886502e+00
1.120560e+00 1.885867e+00
1.120680e+00 1.885117e+00
1.120800e+00 1.884487e+00
1.120920e+00 1.883816e+00
1.121040e+00 1.883284e+00
1.121160e+00 1.882808e+00
1.121280e+00 1.882478e+00
1.121400e+00 1.882351e+00
1.121520e+00 1.882237e+00
1.121640e+00 1.881952e+00
1.121760e+00 1.881484e+00
1.121880e+00 1.880791e+00
1.122000e+00 1.880094e+00
1.122120e+00 1.879256e+00
1.122240e+00 1.878482e+00
1.122360e+00 1.877781e+00
1.122480e+00 1.877191e+00
1.122600e+00 1.876741e+00
1.122720e+00 1.876369e+00
1.122840e+00 1.875945e+00
1.122960e+00 1.875331e+00
1.123080e+00 1.874562e+00
1.123200e+00 1.873633e+00
1.123320e+00 1.872623e+00
1.123440e+00 1.871268e+00
1.123560e+00 1.869809e+00
1.123680e+00 1.868616e+00
1.123800e+00 1.867613e+00
1.123920e+00 1.866847e+00
1.124040e+00 1.866350e+00
1.124160e+00 1.866280e+00
1.124280e+00 1.866603e+00
1.124400e+00 1.867110e+00
1.124520e+00 1.867553e+00
1.124640e+00 1.867864e+00
1.124760e+00 1.868124e+00
1.124880e+00 1.868443e+00
1.125000e+00 1.868785e+00
1.125120e+00 1.868877e+00
1.125240e+00 1.868939e+00
1.125360e+00 1.869120e+00
1.125480e+00 1.869492e+00
1.125600e+00 1.869685e+00
1.125720e+00 1.869680e+00
1.125840e+00 1.869305e+00
1.125960e+00 1.868430e+00
1.126080e+00 1.866236e+00
1.126200e+00 1.863832e+00
1.126320e+00 1.861599e+00
1.126440e+00 1.859948e+00
1.126560e+00 1.858658e+00
1.126680e+00 1.857583e+00
1.126800e+00 1.856593e+00
1.126920e+00 1.855930e+00
1.127040e+00 1.855526e+00
1.127160e+00 1.855199e+00
1.127280e+00 1.854891e+00
1.127400e+00 1.854768e+00
1.127520e+00 1.855133e+00
1.127640e+00 1.855828e+00
1.127760e+00 1.856638e+00
1.127880e+00 1.857227e+00
1.128000e+00 1.857136e+00
1.128120e+00 1.856357e+00
1.128240e+00 1.854776e+00
1.128360e+00 1.852765e+00
1.128480e+00 1.850470e+00
1.128600e+00 1.848119e+00
1.128720e+00 1.846028e+00
1.128840e+00 1.844588e+00
1.128960e+00 1.843662e+00
1.129080e+00 1.842881e+00
1.129200e+00 1.842262e+00
1.129320e+00 1.842029e+00
1.129440e+00 1.841591e+00
1.129560e+00 1.840823e+00
1.129680e+00 1.839927e+00
1.129800e+00 1.838754e+00
1.129920e+00 1.837522e+00
1.130040e+00 1.836519e+00
1.130160e+00 1.835887e+00
1.130280e+00 1.836456e+00
1.130400e+00 1.837371e+00
1.130520e+00 1.838572e+00
1.130640e+00 1.839465e+00
1.130760e+00 1.840129e+00
1.130880e+00 1.840524e+00
1.131000e+00 1.840593e+00
1.131120e+00 1.840221e+00
1.131240e+00 1.839466e+00
1.131360e+00 1.838474e+00
1.131480e+00 1.837223e+00
1.131600e+00 1.835771e+00
1.131720e+00 1.834425e+00
1.131840e+00 1.832951e+00
1.131960e+00 1.831299e+00
1.132080e+00 1.829720e+00
1.132200e+00 1.828503e+00
1.132320e+00 1.827875e+00
1.132440e+00 1.827639e+00
1.132560e+00 1.827843e+00
1.132680e+00 1.828420e+00
1.132800e+00 1.828880e+00
1.132920e+00 1.829200e+00
1.133040e+00 1.828985e+00
1.133160e+00 1.828243e+00
1.133280e+00 1.827088e+00
1.133400e+00 1.825670e+00
1.133520e+00 1.824418e+00
1.133640e+00 1.823302e+00
1.133760e+00 1.822303e+00
1.133880e+00 1.821566e+00
1.134000e+00 1.821227e+00
1.134120e+00 1.821063e+00
1.134240e+00 1.821114e+00
1.134360e+00 1.821228e+00
1.134480e+00 1.821340e+00
1.134600e+00 1.821269e+00
1.134720e+00 1.821332e+00
1.134840e+00 1.821141e+00
1.134960e+00 1.820594e+00
1.135080e+00 1.819711e+00
1.135200e+00 1.818449e+00
1.135320e+00 1.817327e+00
1.135440e+00 1.816627e+00
1.135560e+00 1.816322e+00
1.135680e+00 1.816313e+00
1.135800e+00 1.816421e+00
1.135920e+00 1.816576e+00
1.136040e+00 1.816524e+00
1.136160e+00 1.816335e+00
1.136280e+00 1.815926e+00
1.136400e+00 1.815116e+00
1.136520e+00 1.814000e+00
1.136640e+00 1.812887e+00
1.136760e+00 1.811762e+00
1.136880e+00 1.810596e+00
1.137000e+00 1.809414e+00
1.137120e+00 1.808371e+00
1.137240e+00 1.807723e+00
1.137360e+00 1.807428e+00
1.137480e+00 1.807258e+00
1.137600e+00 1.806955e+00
1.137720e+00 1.806524e+00
1.137840e+00 1.805631e+00
1.137960e+00 1.804312e+00
1.138080e+00 1.802881e+00
1.138200e+00 1.801385e+00
1.138320e+00 1.800213e+00
1.138440e+00 1.799259e+00
1.138560e+00 1.798683e+00
1.138680e+00 1.798351e+00
1.138800e+00 1.798102e+00
1.138920e+00 1.797608e+00
1.139040e+00 1.796965e+00
1.139160e+00 1.796276e+00
1.139280e+00 1.795656e+00
1.139400e+00 1.795338e+00
1.139520e+00 1.795350e+00
1.139640e+00 1.795243e+00
1.139760e+00 1.794847e+00
1.139880e+00 1.794350e+00
1.140000e+00 1.793500e+00
1.140120e+00 1.792398e+00
1.140240e+00 1.791232e+00
1.140360e+00 1.790320e+00
1.140480e+00 1.789692e+00
1.140600e+00 1.789227e+00
1.140720e+00 1.789279e+00
1.140840e+00 1.789506e+00
1.140960e+00 1.789731e+00
1.141080e+00 1.789706e+00
1.141200e+00 1.789250e+00
1.141320e+00 1.788471e+00
1.141440e+00 1.787610e+00
1.141560e+00 1.786634e+00
1.141680e+00 1.785905e+00
1.141800e+00 1.785407e+00
1.141920e+00 1.785333e+00
1.142040e+00 1.785329e+00
1.142160e+00 1.785430e+00
1.142280e+00 1.785586e+00
1.142400e+00 1.785452e+00
1.142520e+00 1.785035e+00
1.142640e+00 1.784223e+00
1.142760e+00 1.783115e+00
1.142880e+00 1.781835e+00
1.143000e+00 1.780443e+00
1.143120e+00 1.779134e+00
1.143240e+00 1.777997e+00
1.143360e+00 1.777129e+00
1.143480e+00 1.776351e+00
1.143600e+00 1.775563e+00
1.143720e+00 1.774640e+00
1.143840e+00 1.773496e+00
1.143960e+00 1.772090e+00
1.144080e+00 1.770710e+00
1.144200e+00 1.769662e+00
1.144320e+00 1.769057e+00
1.144440e+00 1.768670e+00
1.144560e+00 1.768591e+00
1.144680e+00 1.768881e+00
1.144800e+00 1.769354e+00
1.144920e+00 1.769883e+00
1.145040e+00 1.770014e+00
1.145160e+00 1.769516e+00
1.145280e+00 1.768656e+00
1.145400e+00 1.767713e+00
1.145520e+00 1.766610e+00
1.145640e+00 1.765271e+00
1.145760e+00 1.763981e+00
1.145880e+00 1.762924e+00
1.146000e+00 1.761868e+00
1.146120e+00 1.760761e+00
1.146240e+00 1.759914e+00
1.146360e+00 1.759439e+00
1.146480e+00 1.759095e+00
1.146600e+00 1.758703e+00
1.146720e+00 1.758410e+00
1.146840e+00 1.758151e+00
1.146960e+00 1.757902e+00
1.147080e+00 1.757574e+00
1.147200e+00 1.756952e+00
1.147320e+00 1.756225e+00
1.147440e+00 1.755465e+00
1.147560e+00 1.754588e+00
1.147680e+00 1.753748e+00
1.147800e+00 1.753242e+00
1.147920e+00 1.753285e+00
1.148040e+00 1.753418e+00
1.148160e+00 1.753344e+00
1.148280e+00 1.753243e+00
1.148400e+00 1.752879e+00
1.148520e+00 1.752168e+00
1.148640e+00 1.750810e+00
1.148760e+00 1.749153e+00
1.148880e+00 1.747229e+00
1.149000e+00 1.745222e+00
1.149120e+00 1.743313e+00
1.149240e+00 1.741777e+00
1.149360e+00 1.740866e+00
1.149480e+00 1.740567e+00
1.149600e+00 1.740865e+00
1.149720e+00 1.741057e+00
1.149840e+00 1.741265e+00
1.149960e+00 1.740879e+00
1.150080e+00 1.739438e+00
1.150200e+00 1.736904e+00
1.150320e+00 1.733630e+00
1.150440e+00 1.730261e+00
1.150560e+00 1.725993e+00
1.150680e+00 1.720863e+00
1.150800e+00 1.715066e+00
1.150920e+00 1.708621e+00
1.151040e+00 1.699367e+00
1.151160e+00 1.690370e+00
1.151280e+00 1.682846e+00
1.151400e+00 1.678898e+00
1.151520e+00 1.677698e+00
1.151640e+00 1.676850e+00
1.151760e+00 1.676236e+00
1.151880e+00 1.675601e+00
1.152000e+00 1.674870e+00
1.152120e+00 1.674418e+00
1.152240e+00 1.674163e+00
1.152360e+00 1.673617e+00
1.152480e+00 1.672876e+00
1.152600e+00 1.672220e+00
1.152720e+00 1.671616e+00
1.152840e+00 1.671136e+00
1.152960e+00 1.670952e+00
1.153080e+00 1.671087e+00
1.153200e+00 1.671595e+00
1.153320e+00 1.672466e+00
1.153440e+00 1.673106e+00
1.153560e+00 1.673148e+00
1.153680e+00 1.672543e+00
1.153800e+00 1.671804e+00
1.153920e+00 1.670718e+00
1.154040e+00 1.669710e+00
1.154160e+00 1.669193e+00
1.154280e+00 1.669400e+00
1.154400e+00 1.670583e+00
1.154520e+00 1.672715e+00
1.154640e+00 1.674968e+00
1.154760e+00 1.678091e+00
1.154880e+00 1.682170e+00
1.155000e+00 1.686973e+00
1.155120e+00 1.692561e+00
1.155240e+00 1.701018e+00
1.155360e+00 1.709338e+00
1.155480e+00 1.716363e+00
1.155600e+00 1.720083e+00
1.155720e+00 1.720495e+00
1.155840e+00 1.720409e+00
1.155960e+00 1.720230e+00
1.156080e+00 1.719853e+00
1.156200e+00 1.719305e+00
1.156320e+00 1.718276e+00
1.156440e+00 1.717209e+00
1.156560e+00 1.716370e+00
1.156680e+00 1.715867e+00
1.156800e+00 1.715724e+00
1.156920e+00 1.715933e+00
1.157040e+00 1.716478e+00
1.157160e+00 1.716906e+00
1.157280e+00 1.717149e+00
1.157400e+00 1.717398e+00
1.157520e+00 1.717025e+00
1.157640e+00 1.716115e+00
1.157760e+00 1.715171e+00
1.157880e+00 1.714639e+00
1.158000e+00 1.714315e+00
1.158120e+00 1.714013e+00
1.158240e+00 1.714011e+00
1.158360e+00 1.713969e+00
1.158480e+00 1.713505e+00
1.158600e+00 1.712988e+00
1.158720e+00 1.712520e+00
1.158840e+00 1.712031e+00
1.158960e+00 1.711407e+00
1.159080e+00 1.710675e+00
1.159200e+00 1.709919e+00
1.159320e+00 1.709076e+00
1.159440e+00 1.708438e+00
1.159560e+00 1.707782e+00
1.159680e+00 1.707080e+00
1.159800e+00 1.706691e+00
1.159920e+00 1.706321e+00
1.160040e+00 1.705820e+00
1.160160e+00 1.705200e+00
1.160280e+00 1.704632e+00
1.160400e+00 1.704128e+00
1.160520e+00 1.703601e+00
1.160640e+00 1.702990e+00
1.160760e+00 1.702414e+00
1.160880e+00 1.701905e+00
1.161000e+00 1.701217e+00
1.161120e+00 1.700427e+00
1.161240e+00 1.699496e+00
1.161360e+00 1.698454e+00
1.161480e+00 1.697289e+00
1.161600e+00 1.696052e+00
1.161720e+00 1.694802e+00
1.161840e+00 1.693734e+00
1.161960e+00 1.692868e+00
1.162080e+00 1.692129e+00
1.162200e+00 1.691537e+00
1.162320e+00 1.691364e+00
1.162440e+00 1.691345e+00
1.162560e+00 1.691598e+00
1.162680e+00 1.691784e+00
1.162800e+00 1.691875e+00
1.162920e+00 1.691582e+00
1.163040e+00 1.691060e+00
1.163160e+00 1.690197e+00
1.163280e+00 1.689303e+00
1.163400e+00 1.688404e+00
1.163520e+00 1.687589e+00
1.163640e+00 1.686807e+00
1.163760e+00 1.686207e+00
1.163880e+00 1.685576e+00
1.164000e+00 1.685113e+00
1.164120e+00 1.684672e+00
1.164240e+00 1.684552e+00
1.164360e+00 1.684467e+00
1.164480e+00 1.684193e+00
1.164600e+00 1.683904e+00
1.164720e+00 1.683482e+00
1.164840e+00 1.683074e+00
1.164960e+00 1.682585e+00
1.165080e+00 1.681883e+00
1.165200e+00 1.681299e+00
1.165320e+00 1.680768e+00
1.165440e+00 1.680350e+00
1.165560e+00 1.679738e+00
1.165680e+00 1.678944e+00
1.165800e+00 1.678484e+00
1.165920e+00 1.678160e+00
1.166040e+00 1.678017e+00
1.166160e+00 1.677868e+00
1.166280e+00 1.677795e+00
1.166400e+00 1.677675e+00
1.166520e+00 1.677226e+00
1.166640e+00 1.676630e+00
1.166760e+00 1.676017e+00
1.166880e+00 1.675699e+00
1.167000e+00 1.675638e+00
1.167120e+00 1.675591e+00
1.167240e+00 1.675406e+00
1.167360e+00 1.675149e+00
1.167480e+00 1.674829e+00
1.167600e+00 1.674498e+00
1.167720e+00 1.674224e+00
1.167840e+00 1.673959e+00
1.167960e+00 1.673646e+00
1.168080e+00 1.673223e+00
1.168200e+00 1.672721e+00
1.168320e+00 1.672004e+00
1.168440e+00 1.671141e+00
1.168560e+00 1.670120e+00
1.168680e+00 1.669047e+00
1.168800e+00 1.668237e+00
1.168920e+00 1.667667e+00
1.169040e+00 1.667295e+00
1.169160e+00 1.667272e+00
1.169280e+00 1.667392e+00
1.169400e+00 1.667490e+00
1.169520e+00 1.667451e+00
1.169640e+00 1.667245e+00
1.169760e+00 1.667094e+00
1.169880e+00 1.666992e+00
1.170000e+00 1.666804e+00
1.170120e+00 1.666549e+00
1.170240e+00 1.666156e+00
1.170360e+00 1.665559e+00
1.170480e+00 1.665001e+00
1.170600e+00 1.664810e+00
1.170720e+00 1.664391e+00
1.170840e+00 1.663881e+00
1.170960e+00 1.663128e+00
1.171080e+00 1.662197e+00
1.171200e+00 1.661290e+00
1.171320e+00 1.660658e+00
1.171440e+00 1.660126e+00
1.171560e+00 1.659703e+00
1.171680e+00 1.659327e+00
1.171800e+00 1.659076e+00
1.171920e+00 1.658737e+00
1.172040e+00 1.658330e+00
1.172160e+00 1.657925e+00
1.172280e+00 1.657463e+00
1.172400e+00 1.656856e+00
1.172520e+00 1.656391e+00
1.172640e+00 1.656178e+00
1.172760e+00 1.656140e+00
1.172880e+00 1.656135e+00
1.173000e+00 1.656347e+00
1.173120e+00 1.656550e+00
1.173240e+00 1.656761e+00
1.173360e+00 1.656630e+00
1.173480e+00 1.656048e+00
1.173600e+00 1.655376e+00
1.173720e+00 1.654873e+00
1.173840e+00 1.654735e+00
1.173960e+00 1.654828e+00
1.174080e+00 1.655128e+00
1.174200e+00 1.655425e+00
1.174320e+00 1.655493e+00
1.174440e+00 1.655299e+00
1.174560e+00 1.654794e+00
1.174680e+00 1.653925e+00
1.174800e+00 1.653180e+00
1.174920e+00 1.652766e+00
1.175040e+00 1.652510e+00
1.175160e+00 1.652142e+00
1.175280e+00 1.651721e+00
1.175400e+00 1.651210e+00
1.175520e+00 1.650823e+00
1.175640e+00 1.650539e+00
1.175760e+00 1.650277e+00
1.175880e+00 1.650011e+00
