1.950000e-01 1.184901e-03
1.960000e-01 1.775842e-03
1.970000e-01 1.522822e-03
1.980000e-01 1.364628e-03
1.990000e-01 1.530851e-03
2.000000e-01 8.182644e-04
2.010000e-01 -5.786205e-04
2.020000e-01 -7.038637e-05
2.030000e-01 -4.818364e-04
2.040000e-01 3.755771e-04
2.050000e-01 8.901979e-05
2.060000e-01 7.522816e-05
2.070000e-01 5.670412e-04
2.080000e-01 -4.062001e-04
2.090000e-01 -1.533634e-04
2.100000e-01 9.953276e-04
2.110000e-01 2.945470e-04
2.120000e-01 6.937684e-04
2.130000e-01 -1.318926e-03
2.140000e-01 -1.271530e-03
2.150000e-01 1.974256e-04
2.160000e-01 -8.176510e-04
2.170000e-01 -1.142924e-04
2.180000e-01 -1.588523e-03
2.190000e-01 -3.114012e-03
2.200000e-01 -2.042603e-03
2.210000e-01 6.869875e-05
2.220000e-01 -3.532917e-04
2.230000e-01 -1.745634e-04
2.240000e-01 2.473773e-06
2.250000e-01 -1.235571e-03
2.260000e-01 -1.348326e-04
2.270000e-01 3.514407e-06
2.280000e-01 2.936438e-04
2.290000e-01 9.435930e-04
2.300000e-01 -1.341891e-03
2.310000e-01 1.948721e-04
2.320000e-01 -1.273194e-03
2.330000e-01 5.569280e-04
2.340000e-01 7.242193e-05
2.350000e-01 -1.730379e-03
2.360000e-01 -2.157523e-03
2.370000e-01 -1.488436e-03
2.380000e-01 1.054902e-03
2.390000e-01 1.777751e-03
2.400000e-01 1.737053e-03
2.410000e-01 -6.643237e-05
2.420000e-01 1.498255e-04
2.430000e-01 9.508196e-04
2.440000e-01 4.024443e-05
2.450000e-01 -6.306802e-04
2.460000e-01 -2.163058e-06
2.470000e-01 8.815638e-04
2.480000e-01 1.705072e-03
2.490000e-01 -8.689048e-04
2.500000e-01 -5.384665e-04
2.510000e-01 1.149397e-03
2.520000e-01 1.636864e-03
2.530000e-01 -5.904989e-04
2.540000e-01 5.776258e-04
2.550000e-01 -4.153785e-04
2.560000e-01 -3.258970e-04
2.570000e-01 -2.423525e-04
2.580000e-01 2.988877e-04
2.590000e-01 1.371900e-03
2.600000e-01 8.110547e-04
2.610000e-01 -5.026559e-04
2.620000e-01 -8.458393e-04
2.630000e-01 2.903258e-04
2.640000e-01 -3.205266e-04
2.650000e-01 2.757398e-04
2.660000e-01 -4.425303e-04
2.670000e-01 -8.430317e-04
2.680000e-01 7.077831e-04
2.690000e-01 1.295880e-04
2.700000e-01 -2.393615e-04
2.710000e-01 -3.794819e-04
2.720000e-01 -9.946645e-04
2.730000e-01 -7.196324e-04
2.740000e-01 1.526242e-05
2.750000e-01 9.997225e-04
2.760000e-01 1.197966e-03
2.770000e-01 1.008863e-03
2.780000e-01 -5.153920e-04
2.790000e-01 -6.985284e-04
2.800000e-01 -1.115968e-03
2.810000e-01 6.090157e-04
2.820000e-01 1.649969e-03
2.830000e-01 7.296259e-05
2.840000e-01 8.685072e-05
2.850000e-01 -8.186549e-05
2.860000e-01 4.106293e-04
2.870000e-01 2.105834e-04
2.880000e-01 8.604179e-04
2.890000e-01 -9.827003e-04
2.900000e-01 -1.498802e-03
2.910000e-01 -3.874768e-05
2.920000e-01 -2.975766e-04
2.930000e-01 -1.020981e-03
2.940000e-01 -2.368644e-03
2.950000e-01 -1.184932e-03
2.960000e-01 -1.654952e-03
2.970000e-01 -5.300074e-04
2.980000e-01 -8.026505e-04
2.990000e-01 9.892053e-04
3.000000e-01 1.525666e-03
3.010000e-01 1.143748e-03
3.020000e-01 2.926801e-04
3.030000e-01 -9.412468e-04
3.040000e-01 -3.321717e-04
3.050000e-01 1.363089e-04
3.060000e-01 1.388229e-04
3.070000e-01 -2.843662e-04
3.080000e-01 -6.697339e-04
3.090000e-01 -6.390058e-04
3.100000e-01 6.233338e-04
3.110000e-01 2.364419e-04
3.120000e-01 4.320730e-04
3.130000e-01 2.015396e-04
3.140000e-01 1.347618e-03
3.150000e-01 1.555326e-03
3.160000e-01 1.332980e-04
3.170000e-01 5.035226e-04
3.180000e-01 2.520285e-04
3.190000e-01 1.300370e-03
3.200000e-01 4.247140e-04
3.210000e-01 -1.233672e-03
3.220000e-01 -3.237947e-04
3.230000e-01 2.331379e-04
3.240000e-01 -7.194754e-04
3.250000e-01 -5.074999e-04
3.260000e-01 -1.009790e-03
3.270000e-01 2.278186e-04
3.280000e-01 -3.595945e-04
3.290000e-01 2.569821e-04
3.300000e-01 9.622155e-04
3.310000e-01 1.885163e-03
3.320000e-01 7.662092e-04
3.330000e-01 -2.972871e-04
3.340000e-01 1.041350e-03
3.350000e-01 1.914307e-03
3.360000e-01 1.973386e-03
3.370000e-01 -4.460242e-04
3.380000e-01 -1.041682e-03
3.390000e-01 -1.446968e-03
3.400000e-01 -1.413441e-03
3.410000e-01 5.423425e-04
3.420000e-01 4.154022e-04
3.430000e-01 3.075798e-04
3.440000e-01 1.403061e-03
3.450000e-01 2.412942e-04
3.460000e-01 8.393014e-04
3.470000e-01 9.483999e-04
3.480000e-01 -1.226204e-04
3.490000e-01 -2.268903e-03
3.500000e-01 -2.301413e-03
3.510000e-01 -4.392474e-04
3.520000e-01 1.403621e-04
3.530000e-01 1.208921e-03
3.540000e-01 4.019363e-04
3.550000e-01 1.056666e-05
3.560000e-01 -7.263141e-04
3.570000e-01 -1.436587e-03
3.580000e-01 1.376110e-03
3.590000e-01 1.705505e-03
3.600000e-01 2.762338e-04
3.610000e-01 -4.380201e-04
3.620000e-01 -7.084137e-04
3.630000e-01 -6.972459e-04
3.640000e-01 8.587085e-05
3.650000e-01 -1.297493e-03
3.660000e-01 -6.462752e-04
3.670000e-01 -4.593487e-04
3.680000e-01 3.007375e-06
3.690000e-01 2.391897e-04
3.700000e-01 6.920971e-04
3.710000e-01 1.272135e-03
3.720000e-01 8.673892e-04
3.730000e-01 -4.877154e-04
3.740000e-01 -5.552699e-04
3.750000e-01 2.149864e-04
3.760000e-01 1.312039e-03
3.770000e-01 -2.571628e-04
3.780000e-01 3.212619e-04
3.790000e-01 6.032725e-04
3.800000e-01 1.080172e-03
3.810000e-01 9.143819e-04
3.820000e-01 4.690817e-04
3.830000e-01 -2.808289e-04
3.840000e-01 -1.489066e-03
3.850000e-01 -1.674625e-03
3.860000e-01 1.151751e-04
3.870000e-01 -3.614215e-04
3.880000e-01 9.197120e-04
3.890000e-01 -1.904674e-05
3.900000e-01 6.175364e-04
3.910000e-01 1.268947e-03
3.920000e-01 1.775858e-03
3.930000e-01 -2.151459e-04
3.940000e-01 -2.728426e-04
3.950000e-01 4.201378e-04
3.960000e-01 8.533285e-04
3.970000e-01 7.212772e-04
3.980000e-01 1.600944e-03
3.990000e-01 2.354812e-04
4.000000e-01 9.317466e-04
4.010000e-01 3.332055e-05
4.020000e-01 2.501526e-04
4.030000e-01 1.149168e-03
4.040000e-01 2.701073e-03
4.050000e-01 2.811069e-03
4.060000e-01 4.830941e-03
4.070000e-01 6.363719e-03
4.080000e-01 7.776162e-03
4.090000e-01 9.081720e-03
4.100000e-01 1.069726e-02
4.110000e-01 1.249455e-02
4.120000e-01 1.540228e-02
4.130000e-01 1.536482e-02
4.140000e-01 1.687161e-02
4.150000e-01 2.087289e-02
4.160000e-01 2.652332e-02
4.170000e-01 3.002378e-02
4.180000e-01 3.304040e-02
4.190000e-01 3.830779e-02
4.200000e-01 4.509227e-02
4.210000e-01 4.937703e-02
4.220000e-01 5.126527e-02
4.230000e-01 5.031425e-02
4.240000e-01 5.257550e-02
4.250000e-01 5.386517e-02
4.260000e-01 5.461752e-02
4.270000e-01 5.340384e-02
4.280000e-01 5.076438e-02
4.290000e-01 5.158229e-02
4.300000e-01 5.327069e-02
4.310000e-01 5.579376e-02
4.320000e-01 5.689744e-02
4.330000e-01 5.899911e-02
4.340000e-01 5.700066e-02
4.350000e-01 5.686633e-02
4.360000e-01 6.055501e-02
4.370000e-01 6.138732e-02
4.380000e-01 6.809581e-02
4.390000e-01 7.605482e-02
4.400000e-01 8.185095e-02
4.410000e-01 8.728590e-02
4.420000e-01 9.251591e-02
4.430000e-01 9.822239e-02
4.440000e-01 1.092377e-01
4.450000e-01 1.183690e-01
4.460000e-01 1.288029e-01
4.470000e-01 1.424973e-01
4.480000e-01 1.628989e-01
4.490000e-01 1.929385e-01
4.500000e-01 2.468025e-01
4.510000e-01 2.997297e-01
4.520000e-01 3.327345e-01
4.530000e-01 3.592410e-01
4.540000e-01 3.785369e-01
4.550000e-01 3.922387e-01
4.560000e-01 4.072133e-01
4.570000e-01 4.239817e-01
4.580000e-01 4.592933e-01
4.590000e-01 5.837198e-01
4.600000e-01 7.241350e-01
4.610000e-01 7.788387e-01
4.620000e-01 8.221654e-01
4.630000e-01 8.558476e-01
4.640000e-01 8.974572e-01
4.650000e-01 9.302903e-01
4.660000e-01 9.631640e-01
4.670000e-01 9.994590e-01
4.680000e-01 1.033177e+00
4.690000e-01 1.056069e+00
4.700000e-01 1.054631e+00
4.710000e-01 1.034328e+00
4.720000e-01 1.021897e+00
4.730000e-01 1.054666e+00
4.740000e-01 1.154728e+00
4.750000e-01 1.198139e+00
4.760000e-01 1.224865e+00
4.770000e-01 1.237899e+00
4.780000e-01 1.248050e+00
4.790000e-01 1.261059e+00
4.800000e-01 1.277579e+00
4.810000e-01 1.299740e+00
4.820000e-01 1.318385e+00
4.830000e-01 1.337014e+00
4.840000e-01 1.354192e+00
4.850000e-01 1.370620e+00
4.860000e-01 1.384411e+00
4.870000e-01 1.395210e+00
4.880000e-01 1.406410e+00
4.890000e-01 1.416676e+00
4.900000e-01 1.424349e+00
4.910000e-01 1.429134e+00
4.920000e-01 1.435700e+00
4.930000e-01 1.443028e+00
4.940000e-01 1.447943e+00
4.950000e-01 1.452134e+00
4.960000e-01 1.456619e+00
4.970000e-01 1.462937e+00
4.980000e-01 1.466082e+00
4.990000e-01 1.471312e+00
5.000000e-01 1.478026e+00
5.010000e-01 1.485353e+00
5.020000e-01 1.490824e+00
5.030000e-01 1.494629e+00
5.040000e-01 1.497959e+00
5.050000e-01 1.501720e+00
5.060000e-01 1.504952e+00
5.070000e-01 1.508717e+00
5.080000e-01 1.509812e+00
5.090000e-01 1.508212e+00
5.100000e-01 1.506941e+00
5.110000e-01 1.505726e+00
5.120000e-01 1.501655e+00
5.130000e-01 1.499082e+00
5.140000e-01 1.495473e+00
5.150000e-01 1.496051e+00
5.160000e-01 1.495821e+00
5.170000e-01 1.493856e+00
5.180000e-01 1.492869e+00
5.190000e-01 1.494268e+00
5.200000e-01 1.492461e+00
5.210000e-01 1.490394e+00
5.220000e-01 1.488092e+00
5.230000e-01 1.488396e+00
5.240000e-01 1.487909e+00
5.250000e-01 1.486718e+00
5.260000e-01 1.485519e+00
5.270000e-01 1.484337e+00
5.280000e-01 1.484049e+00
5.290000e-01 1.484094e+00
5.300000e-01 1.481772e+00
5.310000e-01 1.480679e+00
5.320000e-01 1.477743e+00
5.330000e-01 1.475376e+00
5.340000e-01 1.476159e+00
5.350000e-01 1.475244e+00
5.360000e-01 1.471096e+00
5.370000e-01 1.470334e+00
5.380000e-01 1.467985e+00
5.390000e-01 1.468143e+00
5.400000e-01 1.462310e+00
5.410000e-01 1.460171e+00
5.420000e-01 1.456429e+00
5.430000e-01 1.457019e+00
5.440000e-01 1.452227e+00
5.450000e-01 1.451532e+00
5.460000e-01 1.451616e+00
5.470000e-01 1.451028e+00
5.480000e-01 1.450339e+00
5.490000e-01 1.448662e+00
5.500000e-01 1.447694e+00
5.510000e-01 1.444066e+00
5.520000e-01 1.443562e+00
5.530000e-01 1.441330e+00
5.540000e-01 1.437398e+00
5.550000e-01 1.433062e+00
5.560000e-01 1.428156e+00
5.570000e-01 1.426204e+00
5.580000e-01 1.424763e+00
5.590000e-01 1.419801e+00
5.600000e-01 1.413049e+00
5.610000e-01 1.407249e+00
5.620000e-01 1.404153e+00
5.630000e-01 1.400255e+00
5.640000e-01 1.394999e+00
5.650000e-01 1.390203e+00
5.660000e-01 1.384621e+00
5.670000e-01 1.375401e+00
5.680000e-01 1.369008e+00
5.690000e-01 1.362660e+00
5.700000e-01 1.355950e+00
5.710000e-01 1.349683e+00
5.720000e-01 1.344880e+00
5.730000e-01 1.339006e+00
5.740000e-01 1.334136e+00
5.750000e-01 1.329299e+00
5.760000e-01 1.322993e+00
5.770000e-01 1.316959e+00
5.780000e-01 1.311892e+00
5.790000e-01 1.308342e+00
5.800000e-01 1.301746e+00
5.810000e-01 1.297122e+00
5.820000e-01 1.289998e+00
5.830000e-01 1.285896e+00
5.840000e-01 1.281899e+00
5.850000e-01 1.277560e+00
5.860000e-01 1.273431e+00
5.870000e-01 1.265749e+00
5.880000e-01 1.262932e+00
5.890000e-01 1.257174e+00
5.900000e-01 1.252018e+00
5.910000e-01 1.246594e+00
5.920000e-01 1.242148e+00
5.930000e-01 1.237956e+00
5.940000e-01 1.231346e+00
5.950000e-01 1.227879e+00
5.960000e-01 1.220941e+00
5.970000e-01 1.217117e+00
5.980000e-01 1.212876e+00
5.990000e-01 1.207408e+00
6.000000e-01 1.202007e+00
6.010000e-01 1.196894e+00
6.020000e-01 1.192954e+00
6.030000e-01 1.189272e+00
6.040000e-01 1.182640e+00
6.050000e-01 1.176905e+00
6.060000e-01 1.173816e+00
6.070000e-01 1.169301e+00
6.080000e-01 1.165060e+00
6.090000e-01 1.161060e+00
6.100000e-01 1.154469e+00
6.110000e-01 1.150376e+00
6.120000e-01 1.146452e+00
6.130000e-01 1.140361e+00
6.140000e-01 1.136040e+00
6.150000e-01 1.133387e+00
6.160000e-01 1.129388e+00
6.170000e-01 1.124630e+00
6.180000e-01 1.116472e+00
6.190000e-01 1.112192e+00
6.200000e-01 1.107392e+00
6.210000e-01 1.104215e+00
6.220000e-01 1.099112e+00
6.230000e-01 1.094833e+00
6.240000e-01 1.091697e+00
6.250000e-01 1.084978e+00
6.260000e-01 1.080397e+00
6.270000e-01 1.074415e+00
6.280000e-01 1.069226e+00
6.290000e-01 1.063132e+00
6.300000e-01 1.058989e+00
6.310000e-01 1.053856e+00
6.320000e-01 1.051909e+00
6.330000e-01 1.045489e+00
6.340000e-01 1.042117e+00
6.350000e-01 1.037048e+00
6.360000e-01 1.029979e+00
6.370000e-01 1.028636e+00
6.380000e-01 1.023947e+00
6.390000e-01 1.019273e+00
6.400000e-01 1.015008e+00
6.410000e-01 1.010041e+00
6.420000e-01 1.005729e+00
6.430000e-01 1.000216e+00
6.440000e-01 9.948199e-01
6.450000e-01 9.913813e-01
6.460000e-01 9.870603e-01
6.470000e-01 9.819098e-01
6.480000e-01 9.795530e-01
6.490000e-01 9.761650e-01
6.500000e-01 9.698046e-01
6.510000e-01 9.660813e-01
6.520000e-01 9.602342e-01
6.530000e-01 9.564440e-01
6.540000e-01 9.529387e-01
6.550000e-01 9.500901e-01
6.560000e-01 9.463389e-01
6.570000e-01 9.431178e-01
6.580000e-01 9.384766e-01
6.590000e-01 9.352365e-01
6.600000e-01 9.310027e-01
6.610000e-01 9.269623e-01
6.620000e-01 9.239936e-01
6.630000e-01 9.203431e-01
6.640000e-01 9.162308e-01
6.650000e-01 9.122707e-01
6.660000e-01 9.091188e-01
6.670000e-01 9.058322e-01
6.680000e-01 9.028907e-01
6.690000e-01 8.993068e-01
6.700000e-01 8.947763e-01
6.710000e-01 8.899634e-01
6.720000e-01 8.878098e-01
6.730000e-01 8.851035e-01
6.740000e-01 8.816036e-01
6.750000e-01 8.784143e-01
6.760000e-01 8.731706e-01
6.770000e-01 8.707470e-01
6.780000e-01 8.685411e-01
6.790000e-01 8.640233e-01
6.800000e-01 8.591095e-01
6.810000e-01 8.544800e-01
6.820000e-01 8.531995e-01
6.830000e-01 8.485630e-01
6.840000e-01 8.443634e-01
6.850000e-01 8.422946e-01
6.860000e-01 8.351792e-01
6.870000e-01 8.325542e-01
6.880000e-01 8.299592e-01
6.890000e-01 8.267113e-01
6.900000e-01 8.197484e-01
6.910000e-01 8.171935e-01
6.920000e-01 8.131104e-01
6.930000e-01 8.112412e-01
6.940000e-01 8.053815e-01
6.950000e-01 8.005358e-01
6.960000e-01 7.978778e-01
6.970000e-01 7.950296e-01
6.980000e-01 7.907377e-01
6.990000e-01 7.850485e-01
7.000000e-01 7.802296e-01
7.010000e-01 7.762924e-01
7.020000e-01 7.717293e-01
7.030000e-01 7.679971e-01
7.040000e-01 7.640989e-01
7.050000e-01 7.597000e-01
7.060000e-01 7.543374e-01
7.070000e-01 7.509879e-01
7.080000e-01 7.474468e-01
7.090000e-01 7.422804e-01
7.100000e-01 7.380232e-01
7.110000e-01 7.338482e-01
7.120000e-01 7.303852e-01
7.130000e-01 7.263884e-01
7.140000e-01 7.225853e-01
7.150000e-01 7.173092e-01
7.160000e-01 7.131176e-01
7.170000e-01 7.105044e-01
7.180000e-01 7.049964e-01
7.190000e-01 7.002893e-01
7.200000e-01 6.957705e-01
7.210000e-01 6.913346e-01
7.220000e-01 6.883773e-01
7.230000e-01 6.847018e-01
7.240000e-01 6.811673e-01
7.250000e-01 6.770903e-01
7.260000e-01 6.726040e-01
7.270000e-01 6.694124e-01
7.280000e-01 6.658218e-01
7.290000e-01 6.624771e-01
7.300000e-01 6.587214e-01
7.310000e-01 6.542271e-01
7.320000e-01 6.500072e-01
7.330000e-01 6.442828e-01
7.340000e-01 6.406470e-01
7.350000e-01 6.379437e-01
7.360000e-01 6.356502e-01
7.370000e-01 6.316881e-01
7.380000e-01 6.284228e-01
7.390000e-01 6.250599e-01
7.400000e-01 6.190932e-01
7.410000e-01 6.154138e-01
7.420000e-01 6.143553e-01
7.430000e-01 6.108063e-01
7.440000e-01 6.059994e-01
7.450000e-01 6.018845e-01
7.460000e-01 5.993112e-01
7.470000e-01 5.956542e-01
7.480000e-01 5.917744e-01
7.490000e-01 5.885873e-01
7.500000e-01 5.862489e-01
7.510000e-01 5.813138e-01
7.520000e-01 5.779622e-01
7.530000e-01 5.740977e-01
7.540000e-01 5.705100e-01
7.550000e-01 5.664711e-01
7.560000e-01 5.640344e-01
7.570000e-01 5.605358e-01
7.580000e-01 5.557059e-01
7.590000e-01 5.527078e-01
7.600000e-01 5.498038e-01
7.610000e-01 5.466347e-01
7.620000e-01 5.436732e-01
7.630000e-01 5.403297e-01
7.640000e-01 5.361106e-01
7.650000e-01 5.328099e-01
7.660000e-01 5.301604e-01
7.670000e-01 5.265989e-01
7.680000e-01 5.241146e-01
7.690000e-01 5.202785e-01
7.700000e-01 5.192595e-01
7.710000e-01 5.140857e-01
7.720000e-01 5.103741e-01
7.730000e-01 5.075036e-01
7.740000e-01 5.047165e-01
7.750000e-01 5.024229e-01
7.760000e-01 4.988778e-01
7.770000e-01 4.961618e-01
7.780000e-01 4.927146e-01
7.790000e-01 4.898820e-01
7.800000e-01 4.864889e-01
7.810000e-01 4.846724e-01
7.820000e-01 4.816531e-01
7.830000e-01 4.785124e-01
7.840000e-01 4.757102e-01
7.850000e-01 4.724391e-01
7.860000e-01 4.687614e-01
7.870000e-01 4.675433e-01
7.880000e-01 4.647517e-01
7.890000e-01 4.614360e-01
7.900000e-01 4.589365e-01
7.910000e-01 4.563522e-01
7.920000e-01 4.533061e-01
7.930000e-01 4.515972e-01
7.940000e-01 4.474483e-01
7.950000e-01 4.446291e-01
7.960000e-01 4.435847e-01
7.970000e-01 4.407406e-01
7.980000e-01 4.377699e-01
7.990000e-01 4.344498e-01
8.000000e-01 4.326278e-01
8.010000e-01 4.319233e-01
8.020000e-01 4.299840e-01
8.030000e-01 4.260035e-01
8.040000e-01 4.241938e-01
8.050000e-01 4.218659e-01
8.060000e-01 4.194843e-01
8.070000e-01 4.166144e-01
8.080000e-01 4.155045e-01
8.090000e-01 4.123156e-01
8.100000e-01 4.081681e-01
8.110000e-01 4.057303e-01
8.120000e-01 4.055218e-01
8.130000e-01 4.051836e-01
8.140000e-01 4.029575e-01
8.150000e-01 3.982078e-01
8.160000e-01 3.969696e-01
8.170000e-01 3.945872e-01
8.180000e-01 3.925160e-01
8.190000e-01 3.911152e-01
8.200000e-01 3.886186e-01
8.210000e-01 3.871648e-01
8.220000e-01 3.865129e-01
8.230000e-01 3.835082e-01
8.240000e-01 3.817479e-01
8.250000e-01 3.805252e-01
8.260000e-01 3.776931e-01
8.270000e-01 3.743850e-01
8.280000e-01 3.722620e-01
8.290000e-01 3.711643e-01
8.300000e-01 3.695645e-01
8.310000e-01 3.673733e-01
8.320000e-01 3.663276e-01
8.330000e-01 3.614772e-01
8.340000e-01 3.618724e-01
8.350000e-01 3.609942e-01
8.360000e-01 3.591201e-01
8.370000e-01 3.584437e-01
8.380000e-01 3.555397e-01
8.390000e-01 3.535336e-01
8.400000e-01 3.512309e-01
8.410000e-01 3.508507e-01
8.420000e-01 3.484653e-01
8.430000e-01 3.480148e-01
8.440000e-01 3.489321e-01
8.450000e-01 3.453453e-01
8.460000e-01 3.431847e-01
8.470000e-01 3.393609e-01
8.480000e-01 3.390479e-01
8.490000e-01 3.389455e-01
8.500000e-01 3.370104e-01
8.510000e-01 3.365891e-01
8.520000e-01 3.335324e-01
8.530000e-01 3.326095e-01
8.540000e-01 3.289007e-01
8.550000e-01 3.308956e-01
8.560000e-01 3.280828e-01
8.570000e-01 3.281956e-01
8.580000e-01 3.258720e-01
8.590000e-01 3.250495e-01
8.600000e-01 3.259516e-01
8.610000e-01 3.250566e-01
8.620000e-01 3.244305e-01
8.630000e-01 3.216649e-01
8.640000e-01 3.224219e-01
8.650000e-01 3.217087e-01
8.660000e-01 3.216830e-01
8.670000e-01 3.178570e-01
8.680000e-01 3.213154e-01
8.690000e-01 3.186724e-01
8.700000e-01 3.202057e-01
8.710000e-01 3.188241e-01
8.720000e-01 3.188109e-01
8.730000e-01 3.175430e-01
8.740000e-01 3.175517e-01
8.750000e-01 3.178183e-01
8.760000e-01 3.174907e-01
8.770000e-01 3.157944e-01
8.780000e-01 3.162526e-01
8.790000e-01 3.164503e-01
8.800000e-01 3.155348e-01
8.810000e-01 3.153675e-01
8.820000e-01 3.131186e-01
8.830000e-01 3.145136e-01
8.840000e-01 3.139714e-01
8.850000e-01 3.144143e-01
8.860000e-01 3.132785e-01
8.870000e-01 3.138731e-01
8.880000e-01 3.115816e-01
8.890000e-01 3.112901e-01
8.900000e-01 3.101737e-01
8.910000e-01 3.085278e-01
8.920000e-01 3.072051e-01
8.930000e-01 3.079998e-01
8.940000e-01 3.073233e-01
8.950000e-01 3.066770e-01
8.960000e-01 3.045641e-01
8.970000e-01 3.047904e-01
8.980000e-01 3.052439e-01
8.990000e-01 3.048068e-01
9.000000e-01 3.032600e-01
9.010000e-01 3.024956e-01
9.020000e-01 3.045505e-01
9.030000e-01 3.020550e-01
9.040000e-01 3.016237e-01
9.050000e-01 2.995281e-01
9.060000e-01 2.997424e-01
9.070000e-01 2.979758e-01
9.080000e-01 2.976541e-01
9.090000e-01 2.956689e-01
9.100000e-01 2.948906e-01
9.110000e-01 2.940297e-01
9.120000e-01 2.949611e-01
9.130000e-01 2.931037e-01
9.140000e-01 2.927932e-01
9.150000e-01 2.933776e-01
9.160000e-01 2.887952e-01
9.170000e-01 2.882294e-01
9.180000e-01 2.878829e-01
9.190000e-01 2.878077e-01
9.200000e-01 2.835966e-01
9.210000e-01 2.866937e-01
9.220000e-01 2.813008e-01
9.230000e-01 2.819385e-01
9.240000e-01 2.793969e-01
9.250000e-01 2.798574e-01
9.260000e-01 2.795263e-01
9.270000e-01 2.738433e-01
9.280000e-01 2.759407e-01
9.290000e-01 2.725363e-01
9.300000e-01 2.690521e-01
9.310000e-01 2.724295e-01
9.320000e-01 2.636079e-01
9.330000e-01 2.675792e-01
9.340000e-01 2.609719e-01
9.350000e-01 2.596259e-01
9.360000e-01 2.547524e-01
9.370000e-01 2.531872e-01
9.380000e-01 2.560640e-01
9.390000e-01 2.438104e-01
9.400000e-01 2.493200e-01
9.410000e-01 2.426638e-01
9.420000e-01 2.403373e-01
9.430000e-01 2.433880e-01
9.440000e-01 2.339442e-01
9.450000e-01 2.351102e-01
9.460000e-01 2.331388e-01
9.470000e-01 2.233578e-01
9.480000e-01 2.265193e-01
9.490000e-01 2.239438e-01
9.500000e-01 2.148398e-01
9.510000e-01 2.176118e-01
9.520000e-01 2.131919e-01
9.530000e-01 2.071497e-01
9.540000e-01 2.136714e-01
9.550000e-01 2.033997e-01
9.560000e-01 2.011017e-01
9.570000e-01 2.029736e-01
9.580000e-01 2.019467e-01
9.590000e-01 1.953284e-01
9.600000e-01 1.971229e-01
9.610000e-01 2.017226e-01
9.620000e-01 1.879313e-01
9.630000e-01 1.864189e-01
9.640000e-01 1.944634e-01
9.650000e-01 1.793628e-01
9.660000e-01 1.733706e-01
9.670000e-01 1.793284e-01
9.680000e-01 1.739355e-01
9.690000e-01 1.593179e-01
9.700000e-01 1.609659e-01
9.710000e-01 1.634578e-01
9.720000e-01 1.553026e-01
9.730000e-01 1.491083e-01
9.740000e-01 1.478049e-01
9.750000e-01 1.451364e-01
9.760000e-01 1.450848e-01
9.770000e-01 1.408966e-01
9.780000e-01 1.362184e-01
9.790000e-01 1.347980e-01
9.800000e-01 1.312765e-01
9.810000e-01 1.277472e-01
9.820000e-01 1.290301e-01
9.830000e-01 1.278917e-01
9.840000e-01 1.187355e-01
9.850000e-01 1.151791e-01
9.860000e-01 1.158813e-01
9.870000e-01 1.162262e-01
9.880000e-01 1.116791e-01
9.890000e-01 1.057299e-01
9.900000e-01 1.040515e-01
9.910000e-01 1.026409e-01
9.920000e-01 9.797449e-02
9.930000e-01 9.289915e-02
9.940000e-01 8.932154e-02
9.950000e-01 8.990266e-02
9.960000e-01 8.976498e-02
9.970000e-01 8.348872e-02
9.980000e-01 7.522588e-02
9.990000e-01 7.447041e-02
