1.000996e-01	0.000000e+00
1.002690e-01	0.000000e+00
1.004384e-01	0.000000e+00
1.006079e-01	0.000000e+00
1.007773e-01	0.000000e+00
1.009467e-01	0.000000e+00
1.011162e-01	0.000000e+00
1.012856e-01	0.000000e+00
1.014550e-01	0.000000e+00
1.016244e-01	0.000000e+00
1.017939e-01	0.000000e+00
1.019633e-01	0.000000e+00
1.021327e-01	0.000000e+00
1.023022e-01	0.000000e+00
1.024716e-01	0.000000e+00
1.026410e-01	0.000000e+00
1.028105e-01	0.000000e+00
1.029799e-01	0.000000e+00
1.031493e-01	0.000000e+00
1.033188e-01	0.000000e+00
1.034882e-01	0.000000e+00
1.036576e-01	0.000000e+00
1.038271e-01	0.000000e+00
1.039965e-01	0.000000e+00
1.041659e-01	0.000000e+00
1.043354e-01	0.000000e+00
1.045048e-01	0.000000e+00
1.046742e-01	0.000000e+00
1.048437e-01	0.000000e+00
1.050131e-01	0.000000e+00
1.051825e-01	0.000000e+00
1.053520e-01	0.000000e+00
1.055214e-01	0.000000e+00
1.056908e-01	0.000000e+00
1.058603e-01	0.000000e+00
1.060297e-01	0.000000e+00
1.061991e-01	0.000000e+00
1.063686e-01	0.000000e+00
1.065380e-01	0.000000e+00
1.067074e-01	0.000000e+00
1.068768e-01	0.000000e+00
1.070463e-01	0.000000e+00
1.072157e-01	0.000000e+00
1.073851e-01	0.000000e+00
1.075546e-01	0.000000e+00
1.077240e-01	0.000000e+00
1.078934e-01	0.000000e+00
1.080629e-01	0.000000e+00
1.082323e-01	0.000000e+00
1.084017e-01	0.000000e+00
1.085712e-01	0.000000e+00
1.087406e-01	0.000000e+00
1.089100e-01	0.000000e+00
1.090795e-01	0.000000e+00
1.092489e-01	0.000000e+00
1.094183e-01	0.000000e+00
1.095878e-01	0.000000e+00
1.097572e-01	0.000000e+00
1.099266e-01	0.000000e+00
1.100961e-01	0.000000e+00
1.102655e-01	0.000000e+00
1.104349e-01	0.000000e+00
1.106044e-01	0.000000e+00
1.107738e-01	0.000000e+00
1.109432e-01	0.000000e+00
1.111127e-01	0.000000e+00
1.112821e-01	0.000000e+00
1.114515e-01	0.000000e+00
1.116210e-01	0.000000e+00
1.117904e-01	0.000000e+00
1.119598e-01	0.000000e+00
1.121292e-01	0.000000e+00
1.122987e-01	0.000000e+00
1.124681e-01	0.000000e+00
1.126375e-01	0.000000e+00
1.128070e-01	0.000000e+00
1.129764e-01	0.000000e+00
1.131458e-01	0.000000e+00
1.133153e-01	0.000000e+00
1.134847e-01	0.000000e+00
1.136541e-01	0.000000e+00
1.138236e-01	0.000000e+00
1.139930e-01	0.000000e+00
1.141624e-01	0.000000e+00
1.143319e-01	0.000000e+00
1.145013e-01	0.000000e+00
1.146707e-01	0.000000e+00
1.148402e-01	0.000000e+00
1.150096e-01	0.000000e+00
1.151790e-01	0.000000e+00
1.153485e-01	0.000000e+00
1.155179e-01	0.000000e+00
1.156873e-01	0.000000e+00
1.158568e-01	0.000000e+00
1.160262e-01	0.000000e+00
1.161956e-01	0.000000e+00
1.163651e-01	0.000000e+00
1.165345e-01	0.000000e+00
1.167039e-01	0.000000e+00
1.168733e-01	0.000000e+00
1.170428e-01	0.000000e+00
1.172122e-01	0.000000e+00
1.173816e-01	0.000000e+00
1.175511e-01	0.000000e+00
1.177205e-01	0.000000e+00
1.178899e-01	0.000000e+00
1.180594e-01	0.000000e+00
1.182288e-01	0.000000e+00
1.183982e-01	0.000000e+00
1.185677e-01	0.000000e+00
1.187371e-01	0.000000e+00
1.189065e-01	0.000000e+00
1.190760e-01	0.000000e+00
1.192454e-01	0.000000e+00
1.194148e-01	0.000000e+00
1.195843e-01	0.000000e+00
1.197537e-01	0.000000e+00
1.199231e-01	0.000000e+00
1.200926e-01	0.000000e+00
1.202620e-01	0.000000e+00
1.204314e-01	0.000000e+00
1.206009e-01	0.000000e+00
1.207703e-01	0.000000e+00
1.209397e-01	0.000000e+00
1.211092e-01	0.000000e+00
1.212786e-01	0.000000e+00
1.214480e-01	0.000000e+00
1.216175e-01	0.000000e+00
1.217869e-01	0.000000e+00
1.219563e-01	0.000000e+00
1.221257e-01	0.000000e+00
1.222952e-01	0.000000e+00
1.224646e-01	0.000000e+00
1.226340e-01	0.000000e+00
1.228035e-01	0.000000e+00
1.229729e-01	0.000000e+00
1.231423e-01	0.000000e+00
1.233118e-01	0.000000e+00
1.234812e-01	0.000000e+00
1.236506e-01	0.000000e+00
1.238201e-01	0.000000e+00
1.239895e-01	0.000000e+00
1.241589e-01	0.000000e+00
1.243284e-01	0.000000e+00
1.244978e-01	0.000000e+00
1.246672e-01	0.000000e+00
1.248367e-01	0.000000e+00
1.250061e-01	0.000000e+00
1.251755e-01	0.000000e+00
1.253450e-01	0.000000e+00
1.255144e-01	0.000000e+00
1.256838e-01	0.000000e+00
1.258533e-01	0.000000e+00
1.260227e-01	0.000000e+00
1.261921e-01	0.000000e+00
1.263616e-01	0.000000e+00
1.265310e-01	0.000000e+00
1.267004e-01	0.000000e+00
1.268698e-01	0.000000e+00
1.270393e-01	0.000000e+00
1.272087e-01	0.000000e+00
1.273781e-01	0.000000e+00
1.275476e-01	0.000000e+00
1.277170e-01	0.000000e+00
1.278864e-01	0.000000e+00
1.280559e-01	0.000000e+00
1.282253e-01	0.000000e+00
1.283947e-01	0.000000e+00
1.285642e-01	0.000000e+00
1.287336e-01	0.000000e+00
1.289030e-01	0.000000e+00
1.290725e-01	0.000000e+00
1.292419e-01	0.000000e+00
1.294113e-01	0.000000e+00
1.295808e-01	0.000000e+00
1.297502e-01	0.000000e+00
1.299196e-01	0.000000e+00
1.300891e-01	0.000000e+00
1.302585e-01	0.000000e+00
1.304279e-01	0.000000e+00
1.305974e-01	0.000000e+00
1.307668e-01	0.000000e+00
1.309362e-01	0.000000e+00
1.311057e-01	0.000000e+00
1.312751e-01	0.000000e+00
1.314445e-01	0.000000e+00
1.316140e-01	0.000000e+00
1.317834e-01	0.000000e+00
1.319528e-01	0.000000e+00
1.321222e-01	0.000000e+00
1.322917e-01	0.000000e+00
1.324611e-01	0.000000e+00
1.326305e-01	0.000000e+00
1.328000e-01	0.000000e+00
1.329694e-01	0.000000e+00
1.331388e-01	0.000000e+00
1.333083e-01	0.000000e+00
1.334777e-01	0.000000e+00
1.336471e-01	0.000000e+00
1.338166e-01	0.000000e+00
1.339860e-01	0.000000e+00
1.341554e-01	0.000000e+00
1.343249e-01	0.000000e+00
1.344943e-01	0.000000e+00
1.346637e-01	0.000000e+00
1.348332e-01	0.000000e+00
1.350026e-01	0.000000e+00
1.351720e-01	0.000000e+00
1.353415e-01	0.000000e+00
1.355109e-01	0.000000e+00
1.356803e-01	0.000000e+00
1.358498e-01	0.000000e+00
1.360192e-01	0.000000e+00
1.361886e-01	0.000000e+00
1.363581e-01	0.000000e+00
1.365275e-01	0.000000e+00
1.366969e-01	0.000000e+00
1.368664e-01	0.000000e+00
1.370358e-01	0.000000e+00
1.372052e-01	0.000000e+00
1.373746e-01	0.000000e+00
1.375441e-01	0.000000e+00
1.377135e-01	0.000000e+00
1.378829e-01	0.000000e+00
1.380524e-01	0.000000e+00
1.382218e-01	0.000000e+00
1.383912e-01	0.000000e+00
1.385607e-01	0.000000e+00
1.387301e-01	0.000000e+00
1.388995e-01	0.000000e+00
1.390690e-01	0.000000e+00
1.392384e-01	0.000000e+00
1.394078e-01	0.000000e+00
1.395773e-01	0.000000e+00
1.397467e-01	0.000000e+00
1.399161e-01	0.000000e+00
1.400856e-01	0.000000e+00
1.402550e-01	0.000000e+00
1.404244e-01	0.000000e+00
1.405939e-01	0.000000e+00
1.407633e-01	0.000000e+00
1.409327e-01	0.000000e+00
1.411022e-01	0.000000e+00
1.412716e-01	0.000000e+00
1.414410e-01	0.000000e+00
1.416105e-01	0.000000e+00
1.417799e-01	0.000000e+00
1.419493e-01	0.000000e+00
1.421187e-01	0.000000e+00
1.422882e-01	0.000000e+00
1.424576e-01	0.000000e+00
1.426270e-01	0.000000e+00
1.427965e-01	0.000000e+00
1.429659e-01	0.000000e+00
1.431353e-01	0.000000e+00
1.433048e-01	0.000000e+00
1.434742e-01	0.000000e+00
1.436436e-01	0.000000e+00
1.438131e-01	0.000000e+00
1.439825e-01	0.000000e+00
1.441519e-01	3.941502e-13
1.443214e-01	1.763381e-12
1.444908e-01	4.112919e-12
1.446602e-01	7.442763e-12
1.448297e-01	1.175292e-11
1.449991e-01	1.704337e-11
1.451685e-01	2.331414e-11
1.453380e-01	3.056521e-11
1.455074e-01	3.879659e-11
1.456768e-01	4.800828e-11
1.458463e-01	5.820028e-11
1.460157e-01	6.937258e-11
1.461851e-01	8.152519e-11
1.463546e-01	9.465810e-11
1.465240e-01	1.087713e-10
1.466934e-01	1.238649e-10
1.468629e-01	1.399387e-10
1.470323e-01	1.569928e-10
1.472017e-01	1.750273e-10
1.473711e-01	1.940420e-10
1.475406e-01	2.140371e-10
1.477100e-01	2.350125e-10
1.478794e-01	2.569682e-10
1.480489e-01	2.799042e-10
1.482183e-01	3.038204e-10
1.483877e-01	3.287170e-10
1.485572e-01	3.545940e-10
1.487266e-01	3.814512e-10
1.488960e-01	4.092887e-10
1.490655e-01	4.381065e-10
1.492349e-01	4.679047e-10
1.494043e-01	4.986831e-10
1.495738e-01	5.304419e-10
1.497432e-01	5.631809e-10
1.499126e-01	5.969003e-10
1.500821e-01	6.316000e-10
1.502515e-01	6.672799e-10
1.504209e-01	7.039402e-10
1.505904e-01	7.415808e-10
1.507598e-01	7.802017e-10
1.509292e-01	8.198029e-10
1.510987e-01	8.603844e-10
1.512681e-01	9.019463e-10
1.514375e-01	9.444884e-10
1.516070e-01	9.880108e-10
1.517764e-01	1.032514e-09
1.519458e-01	1.077997e-09
1.521153e-01	1.124460e-09
1.522847e-01	1.171904e-09
1.524541e-01	1.220328e-09
1.526235e-01	1.269732e-09
1.527930e-01	1.320116e-09
1.529624e-01	1.371481e-09
1.531318e-01	1.423827e-09
1.533013e-01	1.477152e-09
1.534707e-01	1.531458e-09
1.536401e-01	1.586744e-09
1.538096e-01	1.643010e-09
1.539790e-01	1.700257e-09
1.541484e-01	1.758484e-09
1.543179e-01	1.817692e-09
1.544873e-01	1.877879e-09
1.546567e-01	1.939047e-09
1.548262e-01	2.001195e-09
1.549956e-01	2.064324e-09
1.551650e-01	2.128433e-09
1.553345e-01	2.193522e-09
1.555039e-01	2.259592e-09
1.556733e-01	2.326641e-09
1.558428e-01	2.394672e-09
1.560122e-01	2.463682e-09
1.561816e-01	2.533673e-09
1.563511e-01	2.604644e-09
1.565205e-01	2.676595e-09
1.566899e-01	2.749527e-09
1.568594e-01	2.823439e-09
1.570288e-01	2.898331e-09
1.571982e-01	2.974204e-09
1.573676e-01	3.051056e-09
1.575371e-01	3.128890e-09
1.577065e-01	3.207703e-09
1.578759e-01	3.287497e-09
1.580454e-01	3.368271e-09
1.582148e-01	3.450025e-09
1.583842e-01	3.532760e-09
1.585537e-01	3.616475e-09
1.587231e-01	3.701170e-09
1.588925e-01	3.786846e-09
1.590620e-01	3.873502e-09
1.592314e-01	3.961138e-09
1.594008e-01	4.049755e-09
1.595703e-01	4.139352e-09
1.597397e-01	4.229929e-09
1.599091e-01	4.321486e-09
1.600786e-01	4.414024e-09
1.602480e-01	4.507542e-09
1.604174e-01	4.602041e-09
1.605869e-01	4.697519e-09
1.607563e-01	4.793978e-09
1.609257e-01	4.891418e-09
1.610952e-01	4.989837e-09
1.612646e-01	5.089237e-09
1.614340e-01	5.189618e-09
1.616035e-01	5.290978e-09
1.617729e-01	5.393319e-09
1.619423e-01	5.496640e-09
1.621118e-01	5.600942e-09
1.622812e-01	5.706223e-09
1.624506e-01	5.812486e-09
1.626200e-01	5.919728e-09
1.627895e-01	6.027951e-09
1.629589e-01	6.137154e-09
1.631283e-01	6.247337e-09
1.632978e-01	6.358501e-09
1.634672e-01	6.470645e-09
1.636366e-01	6.583769e-09
1.638061e-01	6.697873e-09
1.639755e-01	6.812958e-09
1.641449e-01	6.929023e-09
1.643144e-01	7.046069e-09
1.644838e-01	7.164095e-09
1.646532e-01	7.283101e-09
1.648227e-01	7.403087e-09
1.649921e-01	7.524054e-09
1.651615e-01	7.646001e-09
1.653310e-01	7.768928e-09
1.655004e-01	7.892836e-09
1.656698e-01	8.017724e-09
1.658393e-01	8.143592e-09
1.660087e-01	8.270440e-09
1.661781e-01	8.398269e-09
1.663476e-01	8.527078e-09
1.665170e-01	8.656868e-09
1.666864e-01	8.787638e-09
1.668559e-01	8.919388e-09
1.670253e-01	9.052118e-09
1.671947e-01	9.185829e-09
1.673641e-01	9.320520e-09
1.675336e-01	9.456191e-09
1.677030e-01	9.592843e-09
1.678724e-01	9.730475e-09
1.680419e-01	9.869087e-09
1.682113e-01	1.000868e-08
1.683807e-01	1.014925e-08
1.685502e-01	1.029081e-08
1.687196e-01	1.043334e-08
1.688890e-01	1.057685e-08
1.690585e-01	1.072135e-08
1.692279e-01	1.086682e-08
1.693973e-01	1.101328e-08
1.695668e-01	1.116071e-08
1.697362e-01	1.130913e-08
1.699056e-01	1.145852e-08
1.700751e-01	1.160890e-08
1.702445e-01	1.176025e-08
1.704139e-01	1.191259e-08
1.705834e-01	1.206591e-08
1.707528e-01	1.222020e-08
1.709222e-01	1.237548e-08
1.710917e-01	1.253174e-08
1.712611e-01	1.268898e-08
1.714305e-01	1.284720e-08
1.716000e-01	1.300639e-08
1.717694e-01	1.316657e-08
1.719388e-01	1.332773e-08
1.721083e-01	1.348987e-08
1.722777e-01	1.365299e-08
1.724471e-01	1.381709e-08
1.726165e-01	1.398217e-08
1.727860e-01	1.414823e-08
1.729554e-01	1.431527e-08
1.731248e-01	1.448330e-08
1.732943e-01	1.465230e-08
1.734637e-01	1.482228e-08
1.736331e-01	1.499324e-08
1.738026e-01	1.516519e-08
1.739720e-01	1.533811e-08
1.741414e-01	1.551201e-08
1.743109e-01	1.568690e-08
1.744803e-01	1.586276e-08
1.746497e-01	1.603960e-08
1.748192e-01	1.621743e-08
1.749886e-01	1.639623e-08
1.751580e-01	1.657602e-08
1.753275e-01	1.675678e-08
1.754969e-01	1.693853e-08
1.756663e-01	1.712125e-08
1.758358e-01	1.730496e-08
1.760052e-01	1.748965e-08
1.761746e-01	1.767531e-08
1.763441e-01	1.786196e-08
1.765135e-01	1.804959e-08
1.766829e-01	1.823820e-08
1.768524e-01	1.842779e-08
1.770218e-01	1.861835e-08
1.771912e-01	1.880990e-08
1.773607e-01	1.900243e-08
1.775301e-01	1.919594e-08
1.776995e-01	1.939043e-08
1.778689e-01	1.958590e-08
1.780384e-01	1.978235e-08
1.782078e-01	1.997978e-08
1.783772e-01	2.017819e-08
1.785467e-01	2.037758e-08
1.787161e-01	2.057796e-08
1.788855e-01	2.077931e-08
1.790550e-01	2.098164e-08
1.792244e-01	2.118495e-08
1.793938e-01	2.138925e-08
1.795633e-01	2.159452e-08
1.797327e-01	2.180077e-08
1.799021e-01	2.200801e-08
1.800716e-01	2.221622e-08
1.802410e-01	2.242541e-08
1.804104e-01	2.263559e-08
1.805799e-01	2.284674e-08
1.807493e-01	2.305888e-08
1.809187e-01	2.327199e-08
1.810882e-01	2.348609e-08
1.812576e-01	2.370117e-08
1.814270e-01	2.391722e-08
1.815965e-01	2.413426e-08
1.817659e-01	2.435228e-08
1.819353e-01	2.457127e-08
1.821048e-01	2.479125e-08
1.822742e-01	2.501221e-08
1.824436e-01	2.523415e-08
1.826130e-01	2.545707e-08
1.827825e-01	2.568097e-08
1.829519e-01	2.590585e-08
1.831213e-01	2.613170e-08
1.832908e-01	2.635854e-08
1.834602e-01	2.658636e-08
1.836296e-01	2.681517e-08
1.837991e-01	2.704495e-08
1.839685e-01	2.727571e-08
1.841379e-01	2.750745e-08
1.843074e-01	2.774017e-08
1.844768e-01	2.797387e-08
1.846462e-01	2.820855e-08
1.848157e-01	2.844422e-08
1.849851e-01	2.868086e-08
1.851545e-01	2.891848e-08
1.853240e-01	2.915709e-08
1.854934e-01	2.939667e-08
1.856628e-01	2.963724e-08
1.858323e-01	2.987878e-08
1.860017e-01	3.012130e-08
1.861711e-01	3.036481e-08
1.863406e-01	3.060929e-08
1.865100e-01	3.085476e-08
1.866794e-01	3.110121e-08
1.868489e-01	3.134863e-08
1.870183e-01	3.159704e-08
1.871877e-01	3.184643e-08
1.873572e-01	3.209679e-08
1.875266e-01	3.234814e-08
1.876960e-01	3.260047e-08
1.878654e-01	3.285378e-08
1.880349e-01	3.310807e-08
1.882043e-01	3.336333e-08
1.883737e-01	3.361958e-08
1.885432e-01	3.387681e-08
1.887126e-01	3.413502e-08
1.888820e-01	3.439421e-08
1.890515e-01	3.519721e-08
1.892209e-01	3.729113e-08
1.893903e-01	3.949995e-08
1.895598e-01	4.183272e-08
1.897292e-01	4.428664e-08
1.898986e-01	4.686639e-08
1.900681e-01	4.957669e-08
1.902375e-01	5.242239e-08
1.904069e-01	5.540849e-08
1.905764e-01	5.855062e-08
1.907458e-01	6.184694e-08
1.909152e-01	6.529961e-08
1.910847e-01	6.891387e-08
1.912541e-01	7.269495e-08
1.914235e-01	7.664813e-08
1.915930e-01	8.078255e-08
1.917624e-01	8.511248e-08
1.919318e-01	8.963149e-08
1.921013e-01	9.434507e-08
1.922707e-01	9.925897e-08
1.924401e-01	1.043791e-07
1.926095e-01	1.097117e-07
1.927790e-01	1.152761e-07
1.929484e-01	1.210724e-07
1.931178e-01	1.271013e-07
1.932873e-01	1.333695e-07
1.934567e-01	1.398837e-07
1.936261e-01	1.466508e-07
1.937956e-01	1.536810e-07
1.939650e-01	1.609981e-07
1.941344e-01	1.685907e-07
1.943039e-01	1.764666e-07
1.944733e-01	1.846334e-07
1.946427e-01	1.930988e-07
1.948122e-01	2.018711e-07
1.949816e-01	2.109744e-07
1.951510e-01	2.204129e-07
1.953205e-01	2.301849e-07
1.954899e-01	2.402993e-07
1.956593e-01	2.507655e-07
1.958288e-01	2.615927e-07
1.959982e-01	2.727919e-07
1.961676e-01	2.844023e-07
1.963371e-01	2.964047e-07
1.965065e-01	3.088097e-07
1.966759e-01	3.216279e-07
1.968454e-01	3.348703e-07
1.970148e-01	3.485480e-07
1.971842e-01	3.626925e-07
1.973537e-01	3.773159e-07
1.975231e-01	3.924123e-07
1.976925e-01	4.079945e-07
1.978619e-01	4.240752e-07
1.980314e-01	4.406674e-07
1.982008e-01	4.577847e-07
1.983702e-01	4.754874e-07
1.985397e-01	4.937477e-07
1.987091e-01	5.125792e-07
1.988785e-01	5.319969e-07
1.990480e-01	5.520164e-07
1.992174e-01	5.726536e-07
1.993868e-01	5.939495e-07
1.995563e-01	6.159316e-07
1.997257e-01	6.385858e-07
1.998951e-01	6.619300e-07
2.000646e-01	6.859826e-07
2.002340e-01	7.107622e-07
2.004034e-01	7.362885e-07
2.005729e-01	7.626435e-07
2.007423e-01	7.897977e-07
2.009117e-01	8.177640e-07
2.010812e-01	8.465642e-07
2.012506e-01	8.762205e-07
2.014200e-01	9.067552e-07
2.015895e-01	9.382214e-07
2.017589e-01	9.706726e-07
2.019283e-01	1.004079e-06
2.020978e-01	1.038468e-06
2.022672e-01	1.073863e-06
2.024366e-01	1.110292e-06
2.026061e-01	1.147782e-06
2.027755e-01	1.186445e-06
2.029449e-01	1.226251e-06
2.031143e-01	1.267212e-06
2.032838e-01	1.309355e-06
2.034532e-01	1.352713e-06
2.036226e-01	1.397317e-06
2.037921e-01	1.443232e-06
2.039615e-01	1.490555e-06
2.041309e-01	1.539232e-06
2.043004e-01	1.589296e-06
2.044698e-01	1.640785e-06
2.046392e-01	1.693733e-06
2.048087e-01	1.748180e-06
2.049781e-01	1.804269e-06
2.051475e-01	1.861984e-06
2.053170e-01	1.921322e-06
2.054864e-01	1.982325e-06
2.056558e-01	2.045034e-06
2.058253e-01	2.109491e-06
2.059947e-01	2.175770e-06
2.061641e-01	2.244038e-06
2.063336e-01	2.314197e-06
2.065030e-01	2.386295e-06
2.066724e-01	2.460377e-06
2.068419e-01	2.536493e-06
2.070113e-01	2.614691e-06
2.071807e-01	2.695155e-06
2.073502e-01	2.777888e-06
2.075196e-01	2.862867e-06
2.076890e-01	2.950146e-06
2.078584e-01	3.039778e-06
2.080279e-01	3.131818e-06
2.081973e-01	3.226342e-06
2.083667e-01	3.323614e-06
2.085362e-01	3.423476e-06
2.087056e-01	3.525984e-06
2.088750e-01	3.631200e-06
2.090445e-01	3.739184e-06
2.092139e-01	3.849997e-06
2.093833e-01	3.963855e-06
2.095528e-01	4.080805e-06
2.097222e-01	4.200782e-06
2.098916e-01	4.323856e-06
2.100611e-01	4.450095e-06
2.102305e-01	4.579560e-06
2.103999e-01	4.712313e-06
2.105694e-01	4.848763e-06
2.107388e-01	4.988652e-06
2.109082e-01	5.132051e-06
2.110777e-01	5.279040e-06
2.112471e-01	5.429690e-06
2.114165e-01	5.584063e-06
2.115860e-01	5.742398e-06
2.117554e-01	5.904822e-06
2.119248e-01	6.071211e-06
2.120943e-01	6.241634e-06
2.122637e-01	6.416169e-06
2.124331e-01	6.594899e-06
2.126026e-01	6.777900e-06
2.127720e-01	6.965620e-06
2.129414e-01	7.157806e-06
2.131108e-01	7.354512e-06
2.132803e-01	7.555818e-06
2.134497e-01	7.761802e-06
2.136191e-01	7.972544e-06
2.137886e-01	8.188296e-06
2.139580e-01	8.409268e-06
2.141274e-01	8.635258e-06
2.142969e-01	8.866348e-06
2.144663e-01	9.102628e-06
2.146357e-01	9.344189e-06
2.148052e-01	9.591109e-06
2.149746e-01	9.843891e-06
2.151440e-01	1.010230e-05
2.153135e-01	1.036635e-05
2.154829e-01	1.063612e-05
2.156523e-01	1.091172e-05
2.158218e-01	1.119322e-05
2.159912e-01	1.148087e-05
2.161606e-01	1.177500e-05
2.163301e-01	1.207533e-05
2.164995e-01	1.238195e-05
2.166689e-01	1.269497e-05
2.168384e-01	1.301447e-05
2.170078e-01	1.334055e-05
2.171772e-01	1.367375e-05
2.173467e-01	1.401390e-05
2.175161e-01	1.436095e-05
2.176855e-01	1.471500e-05
2.178550e-01	1.507616e-05
2.180244e-01	1.544454e-05
2.181938e-01	1.582038e-05
2.183632e-01	1.620418e-05
2.185327e-01	1.659554e-05
2.187021e-01	1.699458e-05
2.188715e-01	1.740143e-05
2.190410e-01	1.781620e-05
2.192104e-01	1.823902e-05
2.193798e-01	1.867048e-05
2.195493e-01	1.911050e-05
2.197187e-01	1.955897e-05
2.198881e-01	2.001604e-05
2.200576e-01	2.048184e-05
2.202270e-01	2.095653e-05
2.203964e-01	2.144033e-05
2.205659e-01	2.193403e-05
2.207353e-01	2.243709e-05
2.209047e-01	2.294969e-05
2.210742e-01	2.347199e-05
2.212436e-01	2.400415e-05
2.214130e-01	2.454634e-05
2.215825e-01	2.509930e-05
2.217519e-01	2.566310e-05
2.219213e-01	2.623755e-05
2.220908e-01	2.682286e-05
2.222602e-01	2.741922e-05
2.224296e-01	2.802686e-05
2.225991e-01	2.864602e-05
2.227685e-01	2.927796e-05
2.229379e-01	2.953808e-05
2.231073e-01	2.990533e-05
2.232768e-01	3.039288e-05
2.234462e-01	3.089475e-05
2.236156e-01	3.141120e-05
2.237851e-01	3.194364e-05
2.239545e-01	3.249242e-05
2.241239e-01	3.305660e-05
2.242934e-01	3.363648e-05
2.244628e-01	3.423234e-05
2.246322e-01	3.484446e-05
2.248017e-01	3.547315e-05
2.249711e-01	3.612102e-05
2.251405e-01	3.678622e-05
2.253100e-01	3.746893e-05
2.254794e-01	3.816947e-05
2.256488e-01	3.888815e-05
2.258183e-01	3.962529e-05
2.259877e-01	4.038230e-05
2.261571e-01	4.116001e-05
2.263266e-01	4.195725e-05
2.264960e-01	4.277437e-05
2.266654e-01	4.361171e-05
2.268349e-01	4.446964e-05
2.270043e-01	4.534851e-05
2.271737e-01	4.625109e-05
2.273432e-01	4.717579e-05
2.275126e-01	4.812261e-05
2.276820e-01	4.909195e-05
2.278515e-01	5.008417e-05
2.280209e-01	5.109966e-05
2.281903e-01	5.213979e-05
2.283597e-01	5.320609e-05
2.285292e-01	5.429696e-05
2.286986e-01	5.541281e-05
2.288680e-01	5.655406e-05
2.290375e-01	5.772114e-05
2.292069e-01	5.891448e-05
2.293763e-01	6.013700e-05
2.295458e-01	6.138743e-05
2.297152e-01	6.266552e-05
2.298846e-01	6.397174e-05
2.300541e-01	6.530654e-05
2.302235e-01	6.667038e-05
2.303929e-01	6.806453e-05
2.305624e-01	6.949130e-05
2.307318e-01	7.094862e-05
2.309012e-01	7.243697e-05
2.310707e-01	7.395685e-05
2.312401e-01	7.550875e-05
2.314095e-01	7.709316e-05
2.315790e-01	7.871311e-05
2.317484e-01	8.036782e-05
2.319178e-01	8.205668e-05
2.320873e-01	8.378022e-05
2.322567e-01	8.553894e-05
2.324261e-01	8.733339e-05
2.325956e-01	8.916468e-05
2.327650e-01	9.103617e-05
2.329344e-01	9.294510e-05
2.331038e-01	9.489204e-05
2.332733e-01	9.687756e-05
2.334427e-01	9.890223e-05
2.336121e-01	1.009666e-04
2.337816e-01	1.030738e-04
2.339510e-01	1.052236e-04
2.341204e-01	1.074150e-04
2.342899e-01	1.096485e-04
2.344593e-01	1.119248e-04
2.346287e-01	1.142445e-04
2.347982e-01	1.166084e-04
2.349676e-01	1.190211e-04
2.351370e-01	1.214791e-04
2.353065e-01	1.239830e-04
2.354759e-01	1.265335e-04
2.356453e-01	1.291313e-04
2.358148e-01	1.317768e-04
2.359842e-01	1.344734e-04
2.361536e-01	1.372214e-04
2.363231e-01	1.400194e-04
2.364925e-01	1.428679e-04
2.366619e-01	1.457678e-04
2.368314e-01	1.487195e-04
2.370008e-01	1.517238e-04
2.371702e-01	1.547864e-04
2.373397e-01	1.579032e-04
2.375091e-01	1.610749e-04
2.376785e-01	1.643020e-04
2.378480e-01	1.675853e-04
2.380174e-01	1.709256e-04
2.381868e-01	1.743258e-04
2.383562e-01	1.777876e-04
2.385257e-01	1.813085e-04
2.386951e-01	1.848894e-04
2.388645e-01	1.885309e-04
2.390340e-01	1.922340e-04
2.392034e-01	1.959991e-04
2.393728e-01	1.998324e-04
2.395423e-01	2.037301e-04
2.397117e-01	2.076925e-04
2.398811e-01	2.117201e-04
2.400506e-01	2.158139e-04
2.402200e-01	2.199747e-04
2.403894e-01	2.242052e-04
2.405589e-01	2.285084e-04
2.407283e-01	2.328810e-04
2.408977e-01	2.373239e-04
2.410672e-01	2.418378e-04
2.412366e-01	2.464235e-04
2.414060e-01	2.510820e-04
2.415755e-01	2.558192e-04
2.417449e-01	2.606321e-04
2.419143e-01	2.655204e-04
2.420838e-01	2.704849e-04
2.422532e-01	2.755264e-04
2.424226e-01	2.806457e-04
2.425921e-01	2.858456e-04
2.427615e-01	2.911302e-04
2.429309e-01	2.964955e-04
2.431004e-01	3.019422e-04
2.432698e-01	3.074712e-04
2.434392e-01	3.130835e-04
2.436086e-01	3.187800e-04
2.437781e-01	3.245667e-04
2.439475e-01	3.304417e-04
2.441169e-01	3.364035e-04
2.442864e-01	3.424533e-04
2.444558e-01	3.485919e-04
2.446252e-01	3.548202e-04
2.447947e-01	3.611406e-04
2.449641e-01	3.675591e-04
2.451335e-01	3.740703e-04
2.453030e-01	3.806751e-04
2.454724e-01	3.873745e-04
2.456418e-01	3.941696e-04
2.458113e-01	4.010613e-04
2.459807e-01	4.080555e-04
2.461501e-01	4.151510e-04
2.463196e-01	4.223463e-04
2.464890e-01	4.296420e-04
2.466584e-01	4.370393e-04
2.468279e-01	4.445395e-04
2.469973e-01	4.521443e-04
2.471667e-01	4.598614e-04
2.473362e-01	4.676839e-04
2.475056e-01	4.756133e-04
2.476750e-01	4.836505e-04
2.478445e-01	4.917963e-04
2.480139e-01	5.000522e-04
2.481833e-01	5.084238e-04
2.483527e-01	5.169119e-04
2.485222e-01	5.255129e-04
2.486916e-01	5.342282e-04
2.488610e-01	5.430588e-04
2.490305e-01	5.520056e-04
2.491999e-01	5.610700e-04
2.493693e-01	5.702623e-04
2.495388e-01	5.795747e-04
2.497082e-01	5.890077e-04
2.498776e-01	5.985622e-04
2.500471e-01	6.082396e-04
2.502165e-01	6.180414e-04
2.503859e-01	6.279735e-04
2.505554e-01	6.380373e-04
2.507248e-01	6.482283e-04
2.508942e-01	6.585482e-04
2.510637e-01	6.689983e-04
2.512331e-01	6.795794e-04
2.514025e-01	6.902916e-04
2.515720e-01	7.011484e-04
2.517414e-01	7.121403e-04
2.519108e-01	7.232677e-04
2.520803e-01	7.345320e-04
2.522497e-01	7.459345e-04
2.524191e-01	7.574761e-04
2.525886e-01	7.691628e-04
2.527580e-01	7.809979e-04
2.529274e-01	7.929764e-04
2.530969e-01	8.050990e-04
2.532663e-01	8.173669e-04
2.534357e-01	8.297817e-04
2.536051e-01	8.423439e-04
2.537746e-01	8.550647e-04
2.539440e-01	8.679383e-04
2.541134e-01	8.809641e-04
2.542829e-01	8.941427e-04
2.544523e-01	9.074754e-04
2.546217e-01	9.209637e-04
2.547912e-01	9.346119e-04
2.549606e-01	9.484266e-04
2.551300e-01	9.624010e-04
2.552995e-01	9.765359e-04
2.554689e-01	9.908326e-04
2.556383e-01	1.005293e-03
2.558078e-01	1.019918e-03
2.559772e-01	1.034717e-03
2.561466e-01	1.049689e-03
2.563161e-01	1.064828e-03
2.564855e-01	1.080137e-03
2.566549e-01	1.095617e-03
2.568244e-01	1.111270e-03
2.569938e-01	1.127099e-03
2.571632e-01	1.143115e-03
2.573327e-01	1.159307e-03
2.575021e-01	1.175676e-03
2.576715e-01	1.192226e-03
2.578410e-01	1.208956e-03
2.580104e-01	1.225868e-03
2.581798e-01	1.242972e-03
2.583492e-01	1.260268e-03
2.585187e-01	1.277749e-03
2.586881e-01	1.295417e-03
2.588575e-01	1.313274e-03
2.590270e-01	1.331323e-03
2.591964e-01	1.349565e-03
2.593658e-01	1.368014e-03
2.595353e-01	1.386657e-03
2.597047e-01	1.405496e-03
2.598741e-01	1.424534e-03
2.600436e-01	1.443771e-03
2.602130e-01	1.463206e-03
2.603824e-01	1.482855e-03
2.605519e-01	1.502714e-03
2.607213e-01	1.522777e-03
2.608907e-01	1.543046e-03
2.610602e-01	1.563524e-03
2.612296e-01	1.584211e-03
2.613990e-01	1.605109e-03
2.615685e-01	1.626236e-03
2.617379e-01	1.647577e-03
2.619073e-01	1.669133e-03
2.620768e-01	1.690906e-03
2.622462e-01	1.712896e-03
2.624156e-01	1.735108e-03
2.625851e-01	1.757550e-03
2.627545e-01	1.780223e-03
2.629239e-01	1.803122e-03
2.630934e-01	1.826246e-03
2.632628e-01	1.849598e-03
2.634322e-01	1.873178e-03
2.636016e-01	1.896990e-03
2.637711e-01	1.921051e-03
2.639405e-01	1.945347e-03
2.641099e-01	1.969880e-03
2.642794e-01	1.994649e-03
2.644488e-01	2.019657e-03
2.646182e-01	2.044905e-03
2.647877e-01	2.070403e-03
2.649571e-01	2.096155e-03
2.651265e-01	2.122153e-03
2.652960e-01	2.148397e-03
2.654654e-01	2.174890e-03
2.656348e-01	2.201634e-03
2.658043e-01	2.228628e-03
2.659737e-01	2.255893e-03
2.661431e-01	2.283416e-03
2.663126e-01	2.311195e-03
2.664820e-01	2.339233e-03
2.666514e-01	2.367531e-03
2.668209e-01	2.396089e-03
2.669903e-01	2.424918e-03
2.671597e-01	2.454026e-03
2.673292e-01	2.483401e-03
2.674986e-01	2.513044e-03
2.676680e-01	2.542957e-03
2.678375e-01	2.573142e-03
2.680069e-01	2.603601e-03
2.681763e-01	2.634352e-03
2.683458e-01	2.665383e-03
2.685152e-01	2.696693e-03
2.686846e-01	2.728284e-03
2.688540e-01	2.760157e-03
2.690235e-01	2.792314e-03
2.691929e-01	2.824762e-03
2.693623e-01	2.857514e-03
2.695318e-01	2.890555e-03
2.697012e-01	2.923887e-03
2.698706e-01	2.957512e-03
2.700401e-01	2.991431e-03
2.702095e-01	3.025648e-03
2.703789e-01	3.060177e-03
2.705484e-01	3.095013e-03
2.707178e-01	3.130151e-03
2.708872e-01	3.165593e-03
2.710567e-01	3.201340e-03
2.712261e-01	3.237394e-03
2.713955e-01	3.273759e-03
2.715650e-01	3.310456e-03
2.717344e-01	3.347466e-03
2.719038e-01	3.384791e-03
2.720733e-01	3.422431e-03
2.722427e-01	3.460389e-03
2.724121e-01	3.498667e-03
2.725816e-01	3.537283e-03
2.727510e-01	3.576230e-03
2.729204e-01	3.615504e-03
2.730899e-01	3.655106e-03
2.732593e-01	3.694677e-03
2.734287e-01	3.734015e-03
2.735981e-01	3.774237e-03
2.737676e-01	3.814822e-03
2.739370e-01	3.855751e-03
2.741064e-01	3.897026e-03
2.742759e-01	3.938652e-03
2.744453e-01	3.980634e-03
2.746147e-01	4.022974e-03
2.747842e-01	4.065694e-03
2.749536e-01	4.108794e-03
2.751230e-01	4.152266e-03
2.752925e-01	4.196112e-03
2.754619e-01	4.240334e-03
2.756313e-01	4.284935e-03
2.758008e-01	4.329919e-03
2.759702e-01	4.375323e-03
2.761396e-01	4.421117e-03
2.763091e-01	4.467305e-03
2.764785e-01	4.513887e-03
2.766479e-01	4.560865e-03
2.768174e-01	4.608242e-03
2.769868e-01	4.656038e-03
2.771562e-01	4.704258e-03
2.773257e-01	4.752883e-03
2.774951e-01	4.801916e-03
2.776645e-01	4.851361e-03
2.778340e-01	4.901218e-03
2.780034e-01	4.951489e-03
2.781728e-01	5.002207e-03
2.783423e-01	5.053345e-03
2.785117e-01	5.104902e-03
2.786811e-01	5.156879e-03
2.788505e-01	5.209277e-03
2.790200e-01	5.262099e-03
2.791894e-01	5.315355e-03
2.793588e-01	5.369060e-03
2.795283e-01	5.423191e-03
2.796977e-01	5.477747e-03
2.798671e-01	5.532730e-03
2.800366e-01	5.588141e-03
2.802060e-01	5.643982e-03
2.803754e-01	5.700280e-03
2.805449e-01	5.757013e-03
2.807143e-01	5.814177e-03
2.808837e-01	5.871772e-03
2.810532e-01	5.929798e-03
2.812226e-01	5.988256e-03
2.813920e-01	6.047156e-03
2.815615e-01	6.106508e-03
2.817309e-01	6.166295e-03
2.819003e-01	6.226514e-03
2.820698e-01	6.287164e-03
2.822392e-01	6.348246e-03
2.824086e-01	6.409764e-03
2.825781e-01	6.471735e-03
2.827475e-01	6.534147e-03
2.829169e-01	6.596992e-03
2.830864e-01	6.660268e-03
2.832558e-01	6.723977e-03
2.834252e-01	6.788120e-03
2.835947e-01	6.852698e-03
2.837641e-01	6.917732e-03
2.839335e-01	6.983200e-03
2.841029e-01	7.049099e-03
2.842724e-01	7.115430e-03
2.844418e-01	7.182192e-03
2.846112e-01	7.249386e-03
2.847807e-01	7.317028e-03
2.849501e-01	7.385113e-03
2.851195e-01	7.453628e-03
2.852890e-01	7.522575e-03
2.854584e-01	7.591955e-03
2.856278e-01	7.661766e-03
2.857973e-01	7.732011e-03
2.859667e-01	7.802709e-03
2.861361e-01	7.873839e-03
2.863056e-01	7.945403e-03
2.864750e-01	8.017400e-03
2.866444e-01	8.089828e-03
2.868139e-01	8.162690e-03
2.869833e-01	8.236000e-03
2.871527e-01	8.309754e-03
2.873222e-01	8.383943e-03
2.874916e-01	8.458567e-03
2.876610e-01	8.533628e-03
2.878305e-01	8.609127e-03
2.879999e-01	8.685063e-03
2.881693e-01	8.761461e-03
2.883388e-01	8.838298e-03
2.885082e-01	8.915575e-03
2.886776e-01	8.993295e-03
2.888470e-01	9.071459e-03
2.890165e-01	9.150068e-03
2.891859e-01	9.229133e-03
2.893553e-01	9.308658e-03
2.895248e-01	9.388633e-03
2.896942e-01	9.469061e-03
2.898636e-01	9.549942e-03
2.900331e-01	9.631277e-03
2.902025e-01	9.713072e-03
2.903719e-01	9.795347e-03
2.905414e-01	9.878088e-03
2.907108e-01	9.961294e-03
2.908802e-01	1.004497e-02
2.910497e-01	1.012911e-02
2.912191e-01	1.021373e-02
2.913885e-01	1.029883e-02
2.915580e-01	1.038443e-02
2.917274e-01	1.047052e-02
2.918968e-01	1.055708e-02
2.920663e-01	1.064414e-02
2.922357e-01	1.073170e-02
2.924051e-01	1.081975e-02
2.925746e-01	1.090833e-02
2.927440e-01	1.099742e-02
2.929134e-01	1.108702e-02
2.930829e-01	1.117713e-02
2.932523e-01	1.126777e-02
2.934217e-01	1.135893e-02
2.935912e-01	1.145063e-02
2.937606e-01	1.154289e-02
2.939300e-01	1.163569e-02
2.940994e-01	1.172903e-02
2.942689e-01	1.182293e-02
2.944383e-01	1.191738e-02
2.946077e-01	1.201240e-02
2.947772e-01	1.210802e-02
2.949466e-01	1.220422e-02
2.951160e-01	1.230101e-02
2.952855e-01	1.239838e-02
2.954549e-01	1.249635e-02
2.956243e-01	1.259493e-02
2.957938e-01	1.269412e-02
2.959632e-01	1.279397e-02
2.961326e-01	1.289444e-02
2.963021e-01	1.299554e-02
2.964715e-01	1.309729e-02
2.966409e-01	1.319968e-02
2.968104e-01	1.330273e-02
2.969798e-01	1.340648e-02
2.971492e-01	1.351092e-02
2.973187e-01	1.361605e-02
2.974881e-01	1.372186e-02
2.976575e-01	1.382838e-02
2.978270e-01	1.393560e-02
2.979964e-01	1.404355e-02
2.981658e-01	1.415228e-02
2.983353e-01	1.426175e-02
2.985047e-01	1.437197e-02
2.986741e-01	1.448294e-02
2.988435e-01	1.459468e-02
2.990130e-01	1.470719e-02
2.991824e-01	1.482053e-02
2.993518e-01	1.493470e-02
2.995213e-01	1.504968e-02
2.996907e-01	1.516548e-02
2.998601e-01	1.528210e-02
3.000296e-01	1.539957e-02
3.001990e-01	1.551788e-02
3.003684e-01	1.563714e-02
3.005379e-01	1.575728e-02
3.007073e-01	1.587830e-02
3.008767e-01	1.600021e-02
3.010462e-01	1.612303e-02
3.012156e-01	1.624676e-02
3.013850e-01	1.637147e-02
3.015545e-01	1.649718e-02
3.017239e-01	1.662384e-02
3.018933e-01	1.675146e-02
3.020628e-01	1.688006e-02
3.022322e-01	1.700964e-02
3.024016e-01	1.714022e-02
3.025711e-01	1.727192e-02
3.027405e-01	1.740465e-02
3.029099e-01	1.753841e-02
3.030794e-01	1.767322e-02
3.032488e-01	1.780909e-02
3.034182e-01	1.794603e-02
3.035877e-01	1.808409e-02
3.037571e-01	1.822334e-02
3.039265e-01	1.836368e-02
3.040959e-01	1.850514e-02
3.042654e-01	1.864773e-02
3.044348e-01	1.879146e-02
3.046042e-01	1.893634e-02
3.048389e-01	1.905063e-02
3.054396e-01	1.952548e-02
3.060403e-01	2.003400e-02
3.066410e-01	2.057619e-02
3.072417e-01	2.115205e-02
3.078424e-01	2.176159e-02
3.084431e-01	2.240480e-02
3.090438e-01	2.309168e-02
3.096445e-01	2.382345e-02
3.102452e-01	2.460010e-02
3.108459e-01	2.542163e-02
3.114466e-01	2.628805e-02
3.120473e-01	2.719935e-02
3.126480e-01	2.815552e-02
3.132487e-01	2.915658e-02
3.138494e-01	3.019295e-02
3.144502e-01	3.125802e-02
3.150509e-01	3.235179e-02
3.156516e-01	3.347428e-02
3.162523e-01	3.462547e-02
3.168530e-01	3.580536e-02
3.174537e-01	3.698064e-02
3.180544e-01	3.813975e-02
3.186551e-01	3.928268e-02
3.192558e-01	4.040944e-02
3.198565e-01	4.152002e-02
3.204572e-01	4.261443e-02
3.210579e-01	4.369266e-02
3.216586e-01	4.475471e-02
3.222593e-01	4.581488e-02
3.228600e-01	4.688236e-02
3.234607e-01	4.795714e-02
3.240614e-01	4.903923e-02
3.246621e-01	5.012862e-02
3.252628e-01	5.122532e-02
3.258635e-01	5.233891e-02
3.264642e-01	5.347598e-02
3.270649e-01	5.463653e-02
3.276656e-01	5.582056e-02
3.282663e-01	5.702807e-02
3.288670e-01	5.825907e-02
3.294677e-01	5.951354e-02
3.300684e-01	6.079150e-02
3.306691e-01	6.208494e-02
3.312698e-01	6.338439e-02
3.318705e-01	6.468985e-02
3.324712e-01	6.600134e-02
3.330719e-01	6.731884e-02
3.336726e-01	6.864235e-02
3.342733e-01	6.995759e-02
3.348740e-01	7.125537e-02
3.354747e-01	7.253568e-02
3.360754e-01	7.379853e-02
3.366761e-01	7.504391e-02
3.372768e-01	7.627182e-02
3.378775e-01	7.748227e-02
3.384782e-01	7.867525e-02
3.390789e-01	7.985920e-02
3.396796e-01	8.105299e-02
3.402803e-01	8.225665e-02
3.408810e-01	8.347016e-02
3.414817e-01	8.469353e-02
3.420824e-01	8.592675e-02
3.426831e-01	8.717784e-02
3.432838e-01	8.845625e-02
3.438845e-01	8.976199e-02
3.444852e-01	9.109504e-02
3.450859e-01	9.245542e-02
3.456866e-01	9.384312e-02
3.462873e-01	9.525814e-02
3.468880e-01	9.670049e-02
3.474887e-01	9.817016e-02
3.480894e-01	9.964881e-02
3.486901e-01	1.011363e-01
3.492908e-01	1.026326e-01
3.498915e-01	1.041378e-01
3.504922e-01	1.056518e-01
3.510929e-01	1.071662e-01
3.516936e-01	1.086621e-01
3.522943e-01	1.101395e-01
3.528950e-01	1.115985e-01
3.534957e-01	1.130389e-01
3.540964e-01	1.144609e-01
3.546971e-01	1.158644e-01
3.552978e-01	1.172494e-01
3.558985e-01	1.186159e-01
3.564992e-01	1.199710e-01
3.570999e-01	1.213144e-01
3.577006e-01	1.226464e-01
3.583013e-01	1.239667e-01
3.589020e-01	1.252756e-01
3.595027e-01	1.265729e-01
3.601034e-01	1.278769e-01
3.607041e-01	1.291880e-01
3.613048e-01	1.305059e-01
3.619055e-01	1.318308e-01
3.625062e-01	1.331627e-01
3.631069e-01	1.345015e-01
3.637076e-01	1.358472e-01
3.643083e-01	1.371999e-01
3.649090e-01	1.385595e-01
3.655097e-01	1.399260e-01
3.661104e-01	1.412994e-01
3.667111e-01	1.426798e-01
3.673118e-01	1.440670e-01
3.679125e-01	1.454611e-01
3.685132e-01	1.468552e-01
3.691139e-01	1.482492e-01
3.697146e-01	1.496433e-01
3.703153e-01	1.510373e-01
3.709160e-01	1.524312e-01
3.715167e-01	1.538252e-01
3.721174e-01	1.552191e-01
3.727181e-01	1.566128e-01
3.733188e-01	1.580023e-01
3.739195e-01	1.593877e-01
3.745202e-01	1.607688e-01
3.751209e-01	1.621458e-01
3.757216e-01	1.635186e-01
3.763223e-01	1.648872e-01
3.769230e-01	1.662516e-01
3.775237e-01	1.676119e-01
3.781244e-01	1.689680e-01
3.787251e-01	1.703200e-01
3.793258e-01	1.716678e-01
3.799265e-01	1.730115e-01
3.805272e-01	1.743510e-01
3.811279e-01	1.756862e-01
3.817286e-01	1.770140e-01
3.823293e-01	1.783344e-01
3.829300e-01	1.796475e-01
3.835307e-01	1.809533e-01
3.841314e-01	1.822516e-01
3.847321e-01	1.835428e-01
3.853328e-01	1.848308e-01
3.859335e-01	1.861156e-01
3.865342e-01	1.873972e-01
3.871349e-01	1.886756e-01
3.877356e-01	1.899508e-01
3.883363e-01	1.912228e-01
3.889370e-01	1.924915e-01
3.895377e-01	1.937571e-01
3.901384e-01	1.950191e-01
3.907391e-01	1.962719e-01
3.913398e-01	1.975158e-01
3.919405e-01	1.987505e-01
3.925412e-01	1.999762e-01
3.931419e-01	2.011930e-01
3.937426e-01	2.024040e-01
3.943433e-01	2.036091e-01
3.949440e-01	2.048083e-01
3.955447e-01	2.060017e-01
3.961454e-01	2.071892e-01
3.967461e-01	2.083708e-01
3.973468e-01	2.095466e-01
3.979475e-01	2.107165e-01
3.985482e-01	2.118806e-01
3.991489e-01	2.130245e-01
3.997496e-01	2.141470e-01
4.003504e-01	2.152482e-01
4.009511e-01	2.163281e-01
4.015518e-01	2.173867e-01
4.021525e-01	2.184243e-01
4.027532e-01	2.194465e-01
4.033539e-01	2.204532e-01
4.039546e-01	2.214444e-01
4.045553e-01	2.224201e-01
4.051560e-01	2.233804e-01
4.057567e-01	2.243252e-01
4.063574e-01	2.252545e-01
4.069581e-01	2.261683e-01
4.075588e-01	2.270537e-01
4.081595e-01	2.279097e-01
4.087602e-01	2.287365e-01
4.093609e-01	2.294948e-01
4.099616e-01	2.302647e-01
4.105623e-01	2.310148e-01
4.111630e-01	2.317458e-01
4.117637e-01	2.324586e-01
4.123644e-01	2.331541e-01
4.129651e-01	2.338329e-01
4.135658e-01	2.344958e-01
4.141665e-01	2.351432e-01
4.147672e-01	2.357758e-01
4.153679e-01	2.363940e-01
4.159686e-01	2.369983e-01
4.165693e-01	2.375891e-01
4.171700e-01	2.381666e-01
4.177707e-01	2.387312e-01
4.183714e-01	2.392832e-01
4.189721e-01	2.398227e-01
4.195728e-01	2.403500e-01
4.201735e-01	2.408651e-01
4.207742e-01	2.413683e-01
4.213749e-01	2.418594e-01
4.219756e-01	2.423388e-01
4.225763e-01	2.428062e-01
4.231770e-01	2.432618e-01
4.237777e-01	2.437056e-01
4.243784e-01	2.441374e-01
4.249791e-01	2.445572e-01
4.255798e-01	2.449650e-01
4.261805e-01	2.453607e-01
4.267812e-01	2.457442e-01
4.273819e-01	2.461153e-01
4.279826e-01	2.464740e-01
4.285833e-01	2.468200e-01
4.291840e-01	2.471534e-01
4.297847e-01	2.474738e-01
4.303854e-01	2.477813e-01
4.309861e-01	2.480756e-01
4.315868e-01	2.483567e-01
4.321875e-01	2.486242e-01
4.327882e-01	2.488782e-01
4.333889e-01	2.491185e-01
4.339896e-01	2.493449e-01
4.345903e-01	2.495573e-01
4.351910e-01	2.497556e-01
4.357917e-01	2.499397e-01
4.363924e-01	2.501095e-01
4.369931e-01	2.502648e-01
4.375938e-01	2.504055e-01
4.381945e-01	2.505317e-01
4.387952e-01	2.506432e-01
4.393959e-01	2.507399e-01
4.399966e-01	2.508219e-01
4.405973e-01	2.508890e-01
4.411980e-01	2.509414e-01
4.417987e-01	2.509789e-01
4.423994e-01	2.510015e-01
4.430001e-01	2.510094e-01
4.436008e-01	2.510026e-01
4.442015e-01	2.509810e-01
4.448022e-01	2.509448e-01
4.454029e-01	2.508941e-01
4.460036e-01	2.508289e-01
4.466043e-01	2.507494e-01
4.472050e-01	2.506558e-01
4.478057e-01	2.505481e-01
4.484064e-01	2.504265e-01
4.490071e-01	2.502912e-01
4.496078e-01	2.501424e-01
4.502085e-01	2.499803e-01
4.508092e-01	2.498052e-01
4.514099e-01	2.496172e-01
4.520106e-01	2.494167e-01
4.526113e-01	2.492038e-01
4.532120e-01	2.489790e-01
4.538127e-01	2.487423e-01
4.544134e-01	2.484942e-01
4.550141e-01	2.482350e-01
4.556148e-01	2.479650e-01
4.562155e-01	2.476844e-01
4.568162e-01	2.473938e-01
4.574169e-01	2.470933e-01
4.580176e-01	2.467834e-01
4.586183e-01	2.464643e-01
4.592190e-01	2.461366e-01
4.598197e-01	2.458004e-01
4.604204e-01	2.454563e-01
4.610211e-01	2.451045e-01
4.616218e-01	2.447455e-01
4.622225e-01	2.443796e-01
4.628232e-01	2.440071e-01
4.634239e-01	2.436284e-01
4.640246e-01	2.432439e-01
4.646253e-01	2.428539e-01
4.652260e-01	2.424587e-01
4.658267e-01	2.420587e-01
4.664274e-01	2.416542e-01
4.670281e-01	2.412455e-01
4.676288e-01	2.408328e-01
4.682295e-01	2.404164e-01
4.688302e-01	2.399966e-01
4.694309e-01	2.395735e-01
4.700316e-01	2.391475e-01
4.706323e-01	2.387186e-01
4.712330e-01	2.382870e-01
4.718337e-01	2.378528e-01
4.724344e-01	2.374161e-01
4.730351e-01	2.369770e-01
4.736358e-01	2.365354e-01
4.742365e-01	2.360914e-01
4.748372e-01	2.356448e-01
4.754379e-01	2.351955e-01
4.760386e-01	2.347435e-01
4.766393e-01	2.342884e-01
4.772400e-01	2.338300e-01
4.778407e-01	2.333681e-01
4.784414e-01	2.329022e-01
4.790421e-01	2.324319e-01
4.796428e-01	2.319568e-01
4.802435e-01	2.314761e-01
4.808442e-01	2.309895e-01
4.814449e-01	2.304960e-01
4.820456e-01	2.299950e-01
4.826463e-01	2.294857e-01
4.832470e-01	2.289670e-01
4.838477e-01	2.284380e-01
4.844484e-01	2.278976e-01
4.850491e-01	2.273445e-01
4.856498e-01	2.267776e-01
4.862506e-01	2.261954e-01
4.868513e-01	2.255964e-01
4.874520e-01	2.249791e-01
4.880527e-01	2.243417e-01
4.886534e-01	2.236825e-01
4.892541e-01	2.229995e-01
4.898548e-01	2.222907e-01
4.904555e-01	2.215540e-01
4.910562e-01	2.207871e-01
4.916569e-01	2.199875e-01
4.922576e-01	2.191527e-01
4.928583e-01	2.182800e-01
4.934590e-01	2.173666e-01
4.940597e-01	2.164096e-01
4.946604e-01	2.154057e-01
4.952611e-01	2.143518e-01
4.958618e-01	2.132443e-01
4.964625e-01	2.120798e-01
4.970632e-01	2.108543e-01
4.976639e-01	2.095641e-01
4.982646e-01	2.085148e-01
4.988653e-01	2.075877e-01
4.994660e-01	2.066859e-01
5.000667e-01	2.058094e-01
5.006674e-01	2.049598e-01
5.012681e-01	2.041371e-01
5.018688e-01	2.033413e-01
5.024695e-01	2.025725e-01
5.030702e-01	2.018305e-01
5.036709e-01	2.011155e-01
5.042716e-01	2.004035e-01
5.048723e-01	1.996932e-01
5.054730e-01	1.989843e-01
5.060737e-01	1.982771e-01
5.066744e-01	1.975713e-01
5.072751e-01	1.968672e-01
5.078758e-01	1.961645e-01
5.084765e-01	1.954635e-01
5.090772e-01	1.947645e-01
5.096779e-01	1.940676e-01
5.102786e-01	1.933728e-01
5.108793e-01	1.926801e-01
5.114800e-01	1.919895e-01
5.120807e-01	1.913010e-01
5.126814e-01	1.906130e-01
5.132821e-01	1.899257e-01
5.138828e-01	1.892389e-01
5.144835e-01	1.885526e-01
5.150842e-01	1.878668e-01
5.156849e-01	1.871816e-01
5.162856e-01	1.864970e-01
5.168863e-01	1.858128e-01
5.174870e-01	1.851280e-01
5.180877e-01	1.844424e-01
5.186884e-01	1.837561e-01
5.192891e-01	1.830691e-01
5.198898e-01	1.823813e-01
5.204905e-01	1.816928e-01
5.210912e-01	1.810031e-01
5.216919e-01	1.803120e-01
5.222926e-01	1.796197e-01
5.228933e-01	1.789261e-01
5.234940e-01	1.782313e-01
5.240947e-01	1.775351e-01
5.246954e-01	1.768377e-01
5.252961e-01	1.761390e-01
5.258968e-01	1.754322e-01
5.264975e-01	1.747172e-01
5.270982e-01	1.739940e-01
5.276989e-01	1.732627e-01
5.282996e-01	1.725233e-01
5.289003e-01	1.717757e-01
5.295010e-01	1.710213e-01
5.301017e-01	1.702599e-01
5.307024e-01	1.694918e-01
5.313031e-01	1.687167e-01
5.319038e-01	1.679348e-01
5.325045e-01	1.671460e-01
5.331052e-01	1.663503e-01
5.337059e-01	1.655478e-01
5.343066e-01	1.647387e-01
5.349073e-01	1.639232e-01
5.355080e-01	1.631012e-01
5.361087e-01	1.622727e-01
5.367094e-01	1.614376e-01
5.373101e-01	1.605961e-01
5.379108e-01	1.597550e-01
5.385115e-01	1.589142e-01
5.391122e-01	1.580738e-01
5.397129e-01	1.572337e-01
5.403136e-01	1.563940e-01
5.409143e-01	1.555547e-01
5.415150e-01	1.547158e-01
5.421157e-01	1.538772e-01
5.427164e-01	1.530392e-01
5.433171e-01	1.522073e-01
5.439178e-01	1.513816e-01
5.445185e-01	1.505620e-01
5.451192e-01	1.497485e-01
5.457199e-01	1.489411e-01
5.463206e-01	1.481395e-01
5.469213e-01	1.473436e-01
5.475220e-01	1.465535e-01
5.481227e-01	1.457691e-01
5.487234e-01	1.449905e-01
5.493241e-01	1.442177e-01
5.499248e-01	1.434506e-01
5.505255e-01	1.426893e-01
5.511262e-01	1.419337e-01
5.517269e-01	1.411836e-01
5.523276e-01	1.404389e-01
5.529283e-01	1.396997e-01
5.535290e-01	1.389659e-01
5.541297e-01	1.382376e-01
5.547304e-01	1.375145e-01
5.553311e-01	1.367911e-01
5.559318e-01	1.360674e-01
5.565325e-01	1.353433e-01
5.571332e-01	1.346190e-01
5.577339e-01	1.338944e-01
5.583346e-01	1.331694e-01
5.589353e-01	1.324442e-01
5.595360e-01	1.317185e-01
5.601367e-01	1.309913e-01
5.607374e-01	1.302624e-01
5.613381e-01	1.295319e-01
5.619388e-01	1.287997e-01
5.625395e-01	1.280660e-01
5.631402e-01	1.273306e-01
5.637409e-01	1.265940e-01
5.643416e-01	1.258560e-01
5.649423e-01	1.251167e-01
5.655430e-01	1.243761e-01
5.661437e-01	1.236342e-01
5.667444e-01	1.228910e-01
5.673451e-01	1.221465e-01
5.679458e-01	1.214007e-01
5.685465e-01	1.206566e-01
5.691472e-01	1.199146e-01
5.697479e-01	1.191747e-01
5.703486e-01	1.184368e-01
5.709493e-01	1.177009e-01
5.715501e-01	1.169672e-01
5.721508e-01	1.162369e-01
5.727515e-01	1.155099e-01
5.733522e-01	1.147863e-01
5.739529e-01	1.140661e-01
5.745536e-01	1.133492e-01
5.751543e-01	1.126356e-01
5.757550e-01	1.119255e-01
5.763557e-01	1.112187e-01
5.769564e-01	1.105206e-01
5.775571e-01	1.098315e-01
5.781578e-01	1.091516e-01
5.787585e-01	1.084807e-01
5.793592e-01	1.078189e-01
5.799599e-01	1.071661e-01
5.805606e-01	1.065193e-01
5.811613e-01	1.058782e-01
5.817620e-01	1.052429e-01
5.823627e-01	1.046132e-01
5.829634e-01	1.039892e-01
5.835641e-01	1.033710e-01
5.841648e-01	1.027584e-01
5.847655e-01	1.021516e-01
5.853662e-01	1.015509e-01
5.859669e-01	1.009566e-01
5.865676e-01	1.003685e-01
5.871683e-01	9.978658e-02
5.877690e-01	9.921096e-02
5.883697e-01	9.864159e-02
5.889704e-01	9.807312e-02
5.895711e-01	9.750520e-02
5.901718e-01	9.693783e-02
5.907725e-01	9.637100e-02
5.913732e-01	9.580472e-02
5.919739e-01	9.523898e-02
5.925746e-01	9.467378e-02
5.931753e-01	9.410913e-02
5.937760e-01	9.354860e-02
5.943767e-01	9.299229e-02
5.949774e-01	9.244020e-02
5.955781e-01	9.189235e-02
5.961788e-01	9.134871e-02
5.967795e-01	9.080931e-02
5.973802e-01	9.027361e-02
5.979809e-01	8.974159e-02
5.985816e-01	8.921325e-02
5.991823e-01	8.868859e-02
5.997830e-01	8.816762e-02
6.003837e-01	8.765032e-02
6.009844e-01	8.713671e-02
6.015851e-01	8.662678e-02
6.021858e-01	8.611508e-02
6.027865e-01	8.560153e-02
6.033872e-01	8.508614e-02
6.039879e-01	8.456890e-02
6.045886e-01	8.404981e-02
6.051893e-01	8.352888e-02
6.057900e-01	8.300254e-02
6.063907e-01	8.247067e-02
6.069914e-01	8.193327e-02
6.075921e-01	8.139034e-02
6.081928e-01	8.084189e-02
6.087935e-01	8.028791e-02
6.093942e-01	7.972840e-02
6.099949e-01	7.916339e-02
6.105956e-01	7.860243e-02
6.111963e-01	7.804553e-02
6.117970e-01	7.749269e-02
6.123977e-01	7.694390e-02
6.129984e-01	7.639918e-02
6.135991e-01	7.585851e-02
6.141998e-01	7.532734e-02
6.148005e-01	7.480576e-02
6.154012e-01	7.429377e-02
6.160019e-01	7.379136e-02
6.166026e-01	7.329853e-02
6.172033e-01	7.281529e-02
6.178040e-01	7.234163e-02
6.184047e-01	7.187756e-02
6.190054e-01	7.142315e-02
6.196061e-01	7.098231e-02
6.202068e-01	7.055503e-02
6.208075e-01	7.014132e-02
6.214082e-01	6.974117e-02
6.220089e-01	6.935457e-02
6.226096e-01	6.897195e-02
6.232103e-01	6.859332e-02
6.238110e-01	6.821866e-02
6.244117e-01	6.784799e-02
6.250124e-01	6.748129e-02
6.256131e-01	6.711858e-02
6.262138e-01	6.675985e-02
6.268145e-01	6.640511e-02
6.274152e-01	6.605419e-02
6.280159e-01	6.570319e-02
6.286166e-01	6.535211e-02
6.292173e-01	6.500093e-02
6.298180e-01	6.464967e-02
6.304187e-01	6.429833e-02
6.310194e-01	6.394682e-02
6.316201e-01	6.359124e-02
6.322208e-01	6.323160e-02
6.328215e-01	6.286788e-02
6.334222e-01	6.250010e-02
6.340229e-01	6.212825e-02
6.346236e-01	6.175233e-02
6.352243e-01	6.137235e-02
6.358250e-01	6.098886e-02
6.364257e-01	6.061214e-02
6.370264e-01	6.024218e-02
6.376271e-01	5.987899e-02
6.382278e-01	5.952257e-02
6.388285e-01	5.917291e-02
6.394292e-01	5.883016e-02
6.400299e-01	5.849825e-02
6.406306e-01	5.817717e-02
6.412313e-01	5.786693e-02
6.418320e-01	5.756752e-02
6.424327e-01	5.727894e-02
6.430334e-01	5.700120e-02
6.436341e-01	5.673429e-02
6.442348e-01	5.647787e-02
6.448355e-01	5.622719e-02
6.454362e-01	5.598225e-02
6.460369e-01	5.574307e-02
6.466376e-01	5.550962e-02
6.472383e-01	5.528192e-02
6.478390e-01	5.505940e-02
6.484397e-01	5.483179e-02
6.490404e-01	5.459910e-02
6.496411e-01	5.436131e-02
6.502418e-01	5.411843e-02
6.508425e-01	5.387047e-02
6.514432e-01	5.361741e-02
6.520439e-01	5.335927e-02
6.526446e-01	5.309603e-02
6.532453e-01	5.283156e-02
6.538460e-01	5.256620e-02
6.544467e-01	5.229994e-02
6.550474e-01	5.203279e-02
6.556481e-01	5.176474e-02
6.562488e-01	5.149614e-02
6.568495e-01	5.123174e-02
6.574503e-01	5.097154e-02
6.580510e-01	5.071553e-02
6.586517e-01	5.046371e-02
6.592524e-01	5.021609e-02
6.598531e-01	4.997267e-02
6.604538e-01	4.973344e-02
6.610545e-01	4.949840e-02
6.616552e-01	4.927313e-02
6.622559e-01	4.905802e-02
6.628566e-01	4.885306e-02
6.634573e-01	4.865826e-02
6.640580e-01	4.847361e-02
6.646587e-01	4.829913e-02
6.652594e-01	4.813094e-02
6.658601e-01	4.796872e-02
6.664608e-01	4.781246e-02
6.670615e-01	4.766216e-02
6.676622e-01	4.751782e-02
6.682629e-01	4.737945e-02
6.688636e-01	4.724703e-02
6.694643e-01	4.712058e-02
6.700650e-01	4.698961e-02
6.706657e-01	4.685357e-02
6.712664e-01	4.671248e-02
6.718671e-01	4.656633e-02
6.724678e-01	4.641512e-02
6.730685e-01	4.625885e-02
6.736692e-01	4.609195e-02
6.742699e-01	4.591402e-02
6.748706e-01	4.572508e-02
6.754713e-01	4.552511e-02
6.760720e-01	4.531413e-02
6.766727e-01	4.509212e-02
6.772734e-01	4.485909e-02
6.778741e-01	4.461504e-02
6.784748e-01	4.438563e-02
6.790755e-01	4.417172e-02
6.796762e-01	4.397333e-02
