1.000000e-01	1.358252e-09
1.002000e-01	1.470050e-09
1.004000e-01	1.586747e-09
1.006000e-01	1.708284e-09
1.008000e-01	1.834594e-09
1.010000e-01	1.965585e-09
1.012000e-01	2.101642e-09
1.014000e-01	2.242757e-09
1.016000e-01	2.388915e-09
1.018000e-01	2.540103e-09
1.020000e-01	2.696300e-09
1.022000e-01	2.857483e-09
1.024000e-01	3.023631e-09
1.026000e-01	3.194716e-09
1.028000e-01	3.370716e-09
1.030000e-01	3.551601e-09
1.032000e-01	3.737348e-09
1.034000e-01	3.927932e-09
1.036000e-01	4.123331e-09
1.038000e-01	4.323526e-09
1.040000e-01	4.528496e-09
1.042000e-01	4.738229e-09
1.044000e-01	4.952718e-09
1.046000e-01	5.171952e-09
1.048000e-01	5.395934e-09
1.050000e-01	5.624664e-09
1.052000e-01	5.858144e-09
1.054000e-01	6.096369e-09
1.056000e-01	6.339342e-09
1.058000e-01	6.587062e-09
1.060000e-01	6.839534e-09
1.062000e-01	7.096750e-09
1.064000e-01	7.358713e-09
1.066000e-01	7.625425e-09
1.068000e-01	7.896884e-09
1.070000e-01	8.173094e-09
1.072000e-01	8.454049e-09
1.074000e-01	8.739751e-09
1.076000e-01	9.030202e-09
1.078000e-01	9.325403e-09
1.080000e-01	9.625349e-09
1.082000e-01	9.930042e-09
1.084000e-01	1.023948e-08
1.086000e-01	1.055367e-08
1.088000e-01	1.087261e-08
1.090000e-01	1.119630e-08
1.092000e-01	1.152473e-08
1.094000e-01	1.185791e-08
1.096000e-01	1.219584e-08
1.098000e-01	1.253852e-08
1.100000e-01	1.288594e-08
1.102000e-01	1.323811e-08
1.104000e-01	1.359503e-08
1.106000e-01	1.395670e-08
1.108000e-01	1.432311e-08
1.110000e-01	1.469428e-08
1.112000e-01	1.507019e-08
1.114000e-01	1.545085e-08
1.116000e-01	1.583625e-08
1.118000e-01	1.622641e-08
1.120000e-01	1.662131e-08
1.122000e-01	1.702096e-08
1.124000e-01	1.742536e-08
1.126000e-01	1.783450e-08
1.128000e-01	1.824839e-08
1.130000e-01	1.866704e-08
1.132000e-01	1.909042e-08
1.134000e-01	1.951856e-08
1.136000e-01	1.995144e-08
1.138000e-01	2.038907e-08
1.140000e-01	2.083145e-08
1.142000e-01	2.127858e-08
1.144000e-01	2.173045e-08
1.146000e-01	2.218707e-08
1.148000e-01	2.264845e-08
1.150000e-01	2.311456e-08
1.152000e-01	2.358543e-08
1.154000e-01	2.406104e-08
1.156000e-01	2.454140e-08
1.158000e-01	2.502652e-08
1.160000e-01	2.551637e-08
1.162000e-01	2.601097e-08
1.164000e-01	2.651032e-08
1.166000e-01	2.701443e-08
1.168000e-01	2.752328e-08
1.170000e-01	2.803687e-08
1.172000e-01	2.855521e-08
1.174000e-01	2.907831e-08
1.176000e-01	2.960615e-08
1.178000e-01	3.013873e-08
1.180000e-01	3.067606e-08
1.182000e-01	3.121814e-08
1.184000e-01	3.176498e-08
1.186000e-01	3.231656e-08
1.188000e-01	3.287288e-08
1.190000e-01	3.343395e-08
1.192000e-01	3.399978e-08
1.194000e-01	3.457034e-08
1.196000e-01	3.514566e-08
1.198000e-01	3.572572e-08
1.200000e-01	3.631054e-08
1.202000e-01	3.690010e-08
1.204000e-01	3.749440e-08
1.206000e-01	3.809346e-08
1.208000e-01	3.869726e-08
1.210000e-01	3.930581e-08
1.212000e-01	3.991911e-08
1.214000e-01	4.053715e-08
1.216000e-01	4.115993e-08
1.218000e-01	4.178746e-08
1.220000e-01	4.241974e-08
1.222000e-01	4.305685e-08
1.224000e-01	4.369863e-08
1.226000e-01	4.434515e-08
1.228000e-01	4.499642e-08
1.230000e-01	4.565244e-08
1.232000e-01	4.631320e-08
1.234000e-01	4.697872e-08
1.236000e-01	4.764898e-08
1.238000e-01	4.832407e-08
1.240000e-01	4.900383e-08
1.242000e-01	4.968833e-08
1.244000e-01	5.037758e-08
1.246000e-01	5.107158e-08
1.248000e-01	5.177033e-08
1.250000e-01	5.247383e-08
1.252000e-01	5.318207e-08
1.254000e-01	5.389515e-08
1.256000e-01	5.461289e-08
1.258000e-01	5.533537e-08
1.260000e-01	5.606261e-08
1.262000e-01	5.679459e-08
1.264000e-01	5.753132e-08
1.266000e-01	5.827279e-08
1.268000e-01	5.901902e-08
1.270000e-01	5.977008e-08
1.272000e-01	6.052580e-08
1.274000e-01	6.128627e-08
1.276000e-01	6.205149e-08
1.278000e-01	6.282145e-08
1.280000e-01	6.359616e-08
1.282000e-01	6.437561e-08
1.284000e-01	6.515982e-08
1.286000e-01	6.594887e-08
1.288000e-01	6.674258e-08
1.290000e-01	6.754102e-08
1.292000e-01	6.834422e-08
1.294000e-01	6.915216e-08
1.296000e-01	6.996486e-08
1.298000e-01	7.078229e-08
1.300000e-01	7.160448e-08
1.302000e-01	7.243152e-08
1.304000e-01	7.326320e-08
1.306000e-01	7.409963e-08
1.308000e-01	7.494081e-08
1.310000e-01	7.578674e-08
1.312000e-01	7.663741e-08
1.314000e-01	7.749283e-08
1.316000e-01	7.835300e-08
1.318000e-01	7.921791e-08
1.320000e-01	8.008769e-08
1.322000e-01	8.096210e-08
1.324000e-01	8.184126e-08
1.326000e-01	8.272517e-08
1.328000e-01	8.361382e-08
1.330000e-01	8.450722e-08
1.332000e-01	8.540537e-08
1.334000e-01	8.630827e-08
1.336000e-01	8.721603e-08
1.338000e-01	8.812842e-08
1.340000e-01	8.904557e-08
1.342000e-01	8.996745e-08
1.344000e-01	9.089409e-08
1.346000e-01	9.182547e-08
1.348000e-01	9.276160e-08
1.350000e-01	9.370248e-08
1.352000e-01	9.464823e-08
1.354000e-01	9.559861e-08
1.356000e-01	9.655373e-08
1.358000e-01	9.751360e-08
1.360000e-01	9.847821e-08
1.362000e-01	9.944758e-08
1.364000e-01	1.004217e-07
1.366000e-01	1.014006e-07
1.368000e-01	1.023843e-07
1.370000e-01	1.033726e-07
1.372000e-01	1.043657e-07
1.374000e-01	1.053636e-07
1.376000e-01	1.063662e-07
1.378000e-01	1.073735e-07
1.380000e-01	1.083856e-07
1.382000e-01	1.094025e-07
1.384000e-01	1.104242e-07
1.386000e-01	1.114505e-07
1.388000e-01	1.124816e-07
1.390000e-01	1.135175e-07
1.392000e-01	1.145580e-07
1.394000e-01	1.156034e-07
1.396000e-01	1.166534e-07
1.398000e-01	1.177083e-07
1.400000e-01	1.187680e-07
1.402000e-01	1.198323e-07
1.404000e-01	1.209014e-07
1.406000e-01	1.219752e-07
1.408000e-01	1.230537e-07
1.410000e-01	1.241370e-07
1.412000e-01	1.252251e-07
1.414000e-01	1.263179e-07
1.416000e-01	1.274156e-07
1.418000e-01	1.285179e-07
1.420000e-01	1.296249e-07
1.422000e-01	1.307367e-07
1.424000e-01	1.318533e-07
1.426000e-01	1.329746e-07
1.428000e-01	1.341006e-07
1.430000e-01	1.352314e-07
1.432000e-01	1.363671e-07
1.434000e-01	1.375074e-07
1.436000e-01	1.386524e-07
1.438000e-01	1.398022e-07
1.440000e-01	1.409567e-07
1.442000e-01	1.421160e-07
1.444000e-01	1.432800e-07
1.446000e-01	1.444487e-07
1.448000e-01	1.456223e-07
1.450000e-01	1.468007e-07
1.452000e-01	1.479837e-07
1.454000e-01	1.491714e-07
1.456000e-01	1.503639e-07
1.458000e-01	1.515612e-07
1.460000e-01	1.527632e-07
1.462000e-01	1.539700e-07
1.464000e-01	1.551814e-07
1.466000e-01	1.563979e-07
1.468000e-01	1.576188e-07
1.470000e-01	1.588446e-07
1.472000e-01	1.600751e-07
1.474000e-01	1.613103e-07
1.476000e-01	1.625503e-07
1.478000e-01	1.637950e-07
1.480000e-01	1.650445e-07
1.482000e-01	1.662989e-07
1.484000e-01	1.675579e-07
1.486000e-01	1.688216e-07
1.488000e-01	1.700900e-07
1.490000e-01	1.713633e-07
1.492000e-01	1.726412e-07
1.494000e-01	1.739239e-07
1.496000e-01	1.752114e-07
1.498000e-01	1.765038e-07
1.500000e-01	1.778007e-07
1.502000e-01	1.791024e-07
1.504000e-01	1.804089e-07
1.506000e-01	1.817201e-07
1.508000e-01	1.830360e-07
1.510000e-01	1.843567e-07
1.512000e-01	1.856822e-07
1.514000e-01	1.870125e-07
1.516000e-01	1.883475e-07
1.518000e-01	1.896871e-07
1.520000e-01	1.910316e-07
1.522000e-01	1.923808e-07
1.524000e-01	1.937347e-07
1.526000e-01	1.950934e-07
1.528000e-01	1.964568e-07
1.530000e-01	1.978251e-07
1.532000e-01	1.991980e-07
1.534000e-01	2.005757e-07
1.536000e-01	2.019581e-07
1.538000e-01	2.033453e-07
1.540000e-01	2.047372e-07
1.542000e-01	2.061338e-07
1.544000e-01	2.075352e-07
1.546000e-01	2.089416e-07
1.548000e-01	2.103525e-07
1.550000e-01	2.117681e-07
1.552000e-01	2.131885e-07
1.554000e-01	2.146137e-07
1.556000e-01	2.160436e-07
1.558000e-01	2.174782e-07
1.560000e-01	2.189176e-07
1.562000e-01	2.203617e-07
1.564000e-01	2.218108e-07
1.566000e-01	2.232644e-07
1.568000e-01	2.247228e-07
1.570000e-01	2.261859e-07
1.572000e-01	2.276538e-07
1.574000e-01	2.291264e-07
1.576000e-01	2.306038e-07
1.578000e-01	2.320859e-07
1.580000e-01	2.335729e-07
1.582000e-01	2.350645e-07
1.584000e-01	2.365609e-07
1.586000e-01	2.380620e-07
1.588000e-01	2.395679e-07
1.590000e-01	2.410785e-07
1.592000e-01	2.425938e-07
1.594000e-01	2.441139e-07
1.596000e-01	2.456389e-07
1.598000e-01	2.471685e-07
1.600000e-01	2.487029e-07
1.602000e-01	2.502420e-07
1.604000e-01	2.517858e-07
1.606000e-01	2.533344e-07
1.608000e-01	2.548877e-07
1.610000e-01	2.564458e-07
1.612000e-01	2.580088e-07
1.614000e-01	2.595764e-07
1.616000e-01	2.611487e-07
1.618000e-01	2.627258e-07
1.620000e-01	2.643076e-07
1.622000e-01	2.658942e-07
1.624000e-01	2.674855e-07
1.626000e-01	2.690815e-07
1.628000e-01	2.706825e-07
1.630000e-01	2.722881e-07
1.632000e-01	2.738984e-07
1.634000e-01	2.755134e-07
1.636000e-01	2.771332e-07
1.638000e-01	2.787578e-07
1.640000e-01	2.803871e-07
1.642000e-01	2.820211e-07
1.644000e-01	2.836601e-07
1.646000e-01	2.853037e-07
1.648000e-01	2.869519e-07
1.650000e-01	2.886050e-07
1.652000e-01	2.902627e-07
1.654000e-01	2.919253e-07
1.656000e-01	2.935925e-07
1.658000e-01	2.952646e-07
1.660000e-01	2.969416e-07
1.662000e-01	2.986231e-07
1.664000e-01	3.003093e-07
1.666000e-01	3.020003e-07
1.668000e-01	3.036961e-07
1.670000e-01	3.053966e-07
1.672000e-01	3.071019e-07
1.674000e-01	3.088119e-07
1.676000e-01	3.105266e-07
1.678000e-01	3.122463e-07
1.680000e-01	3.139706e-07
1.682000e-01	3.156996e-07
1.684000e-01	3.174333e-07
1.686000e-01	3.191718e-07
1.688000e-01	3.209151e-07
1.690000e-01	3.226630e-07
1.692000e-01	3.244158e-07
1.694000e-01	3.261735e-07
1.696000e-01	3.279357e-07
1.698000e-01	3.297027e-07
1.700000e-01	3.314744e-07
1.702000e-01	3.332509e-07
1.704000e-01	3.350321e-07
1.706000e-01	3.368181e-07
1.708000e-01	3.386088e-07
1.710000e-01	3.404045e-07
1.712000e-01	3.422047e-07
1.714000e-01	3.440096e-07
1.716000e-01	3.458193e-07
1.718000e-01	3.476338e-07
1.720000e-01	3.494530e-07
1.722000e-01	3.512769e-07
1.724000e-01	3.531056e-07
1.726000e-01	3.549393e-07
1.728000e-01	3.567775e-07
1.730000e-01	3.586204e-07
1.732000e-01	3.604681e-07
1.734000e-01	3.623206e-07
1.736000e-01	3.641777e-07
1.738000e-01	3.660397e-07
1.740000e-01	3.679063e-07
1.742000e-01	3.697780e-07
1.744000e-01	3.716542e-07
1.746000e-01	3.735351e-07
1.748000e-01	3.754208e-07
1.750000e-01	3.773112e-07
1.752000e-01	3.792064e-07
1.754000e-01	3.811063e-07
1.756000e-01	3.830109e-07
1.758000e-01	3.849206e-07
1.760000e-01	3.868347e-07
1.762000e-01	3.887536e-07
1.764000e-01	3.906773e-07
1.766000e-01	3.926057e-07
1.768000e-01	3.945388e-07
1.770000e-01	3.964767e-07
1.772000e-01	3.984193e-07
1.774000e-01	4.003670e-07
1.776000e-01	4.023191e-07
1.778000e-01	4.042760e-07
1.780000e-01	4.062376e-07
1.782000e-01	4.082040e-07
1.784000e-01	4.101751e-07
1.786000e-01	4.121510e-07
1.788000e-01	4.141316e-07
1.790000e-01	4.161170e-07
1.792000e-01	4.181074e-07
1.794000e-01	4.201022e-07
1.796000e-01	4.221019e-07
1.798000e-01	4.241062e-07
1.800000e-01	4.261153e-07
1.802000e-01	4.281292e-07
1.804000e-01	4.301478e-07
1.806000e-01	4.321711e-07
1.808000e-01	4.341995e-07
1.810000e-01	4.362323e-07
1.812000e-01	4.382699e-07
1.814000e-01	4.403123e-07
1.816000e-01	4.423594e-07
1.818000e-01	4.444112e-07
1.820000e-01	4.464678e-07
1.822000e-01	4.485291e-07
1.824000e-01	4.505955e-07
1.826000e-01	4.526663e-07
1.828000e-01	4.547419e-07
1.830000e-01	4.568222e-07
1.832000e-01	4.589072e-07
1.834000e-01	4.609971e-07
1.836000e-01	4.630916e-07
1.838000e-01	4.651909e-07
1.840000e-01	4.672953e-07
1.842000e-01	4.694041e-07
1.844000e-01	4.715176e-07
1.846000e-01	4.736362e-07
1.848000e-01	4.757606e-07
1.850000e-01	4.778918e-07
1.852000e-01	4.800312e-07
1.854000e-01	4.821805e-07
1.856000e-01	4.843414e-07
1.858000e-01	4.865167e-07
1.860000e-01	4.887094e-07
1.862000e-01	4.909221e-07
1.864000e-01	4.931586e-07
1.866000e-01	4.954226e-07
1.868000e-01	4.977186e-07
1.870000e-01	5.000514e-07
1.872000e-01	5.024256e-07
1.874000e-01	5.048469e-07
1.876000e-01	5.073208e-07
1.878000e-01	5.098541e-07
1.880000e-01	5.124533e-07
1.882000e-01	5.151250e-07
1.884000e-01	5.178774e-07
1.886000e-01	5.207178e-07
1.888000e-01	5.236551e-07
1.890000e-01	5.266980e-07
1.892000e-01	5.298557e-07
1.894000e-01	5.331382e-07
1.896000e-01	5.365555e-07
1.898000e-01	5.401187e-07
1.900000e-01	5.438393e-07
1.902000e-01	5.477291e-07
1.904000e-01	5.518002e-07
1.906000e-01	5.560663e-07
1.908000e-01	5.605409e-07
1.910000e-01	5.652382e-07
1.912000e-01	5.701733e-07
1.914000e-01	5.753610e-07
1.916000e-01	5.808156e-07
1.918000e-01	5.865511e-07
1.920000e-01	5.925816e-07
1.922000e-01	5.989202e-07
1.924000e-01	6.055806e-07
1.926000e-01	6.125753e-07
1.928000e-01	6.199173e-07
1.930000e-01	6.276185e-07
1.932000e-01	6.356913e-07
1.934000e-01	6.441473e-07
1.936000e-01	6.529983e-07
1.938000e-01	6.622551e-07
1.940000e-01	6.719289e-07
1.942000e-01	6.820296e-07
1.944000e-01	6.925678e-07
1.946000e-01	7.035531e-07
1.948000e-01	7.149953e-07
1.950000e-01	7.269024e-07
1.952000e-01	7.392835e-07
1.954000e-01	7.521469e-07
1.956000e-01	7.654992e-07
1.958000e-01	7.793475e-07
1.960000e-01	7.936985e-07
1.962000e-01	8.085577e-07
1.964000e-01	8.239298e-07
1.966000e-01	8.398188e-07
1.968000e-01	8.562287e-07
1.970000e-01	8.731615e-07
1.972000e-01	8.906189e-07
1.974000e-01	9.086020e-07
1.976000e-01	9.271101e-07
1.978000e-01	9.461415e-07
1.980000e-01	9.656949e-07
1.982000e-01	9.857682e-07
1.984000e-01	1.006361e-06
1.986000e-01	1.027473e-06
1.988000e-01	1.049104e-06
1.990000e-01	1.071257e-06
1.992000e-01	1.093931e-06
1.994000e-01	1.117131e-06
1.996000e-01	1.140860e-06
1.998000e-01	1.165122e-06
2.000000e-01	1.189921e-06
2.002000e-01	1.215265e-06
2.004000e-01	1.241160e-06
2.006000e-01	1.267614e-06
2.008000e-01	1.294636e-06
2.010000e-01	1.322238e-06
2.012000e-01	1.350429e-06
2.014000e-01	1.379224e-06
2.016000e-01	1.408635e-06
2.018000e-01	1.438680e-06
2.020000e-01	1.469373e-06
2.022000e-01	1.500735e-06
2.024000e-01	1.532783e-06
2.026000e-01	1.565542e-06
2.028000e-01	1.599032e-06
2.030000e-01	1.633280e-06
2.032000e-01	1.668313e-06
2.034000e-01	1.704158e-06
2.036000e-01	1.740847e-06
2.038000e-01	1.778413e-06
2.040000e-01	1.816891e-06
2.042000e-01	1.856317e-06
2.044000e-01	1.896732e-06
2.046000e-01	1.938179e-06
2.048000e-01	1.980703e-06
2.050000e-01	2.024349e-06
2.052000e-01	2.069163e-06
2.054000e-01	2.115192e-06
2.056000e-01	2.162486e-06
2.058000e-01	2.211093e-06
2.060000e-01	2.261064e-06
2.062000e-01	2.312451e-06
2.064000e-01	2.365306e-06
2.066000e-01	2.419683e-06
2.068000e-01	2.475637e-06
2.070000e-01	2.533223e-06
2.072000e-01	2.592500e-06
2.074000e-01	2.653525e-06
2.076000e-01	2.716358e-06
2.078000e-01	2.781060e-06
2.080000e-01	2.847693e-06
2.082000e-01	2.916320e-06
2.084000e-01	2.987005e-06
2.086000e-01	3.059815e-06
2.088000e-01	3.134816e-06
2.090000e-01	3.212077e-06
2.092000e-01	3.291668e-06
2.094000e-01	3.373660e-06
2.096000e-01	3.458125e-06
2.098000e-01	3.545137e-06
2.100000e-01	3.634771e-06
2.102000e-01	3.727103e-06
2.104000e-01	3.822212e-06
2.106000e-01	3.920176e-06
2.108000e-01	4.021073e-06
2.110000e-01	4.124998e-06
2.112000e-01	4.232021e-06
2.114000e-01	4.342227e-06
2.116000e-01	4.455719e-06
2.118000e-01	4.572569e-06
2.120000e-01	4.692884e-06
2.122000e-01	4.816739e-06
2.124000e-01	4.944257e-06
2.126000e-01	5.075517e-06
2.128000e-01	5.210628e-06
2.130000e-01	5.349690e-06
2.132000e-01	5.492827e-06
2.134000e-01	5.640138e-06
2.136000e-01	5.791730e-06
2.138000e-01	5.947736e-06
2.140000e-01	6.108269e-06
2.142000e-01	6.273458e-06
2.144000e-01	6.443413e-06
2.146000e-01	6.618277e-06
2.148000e-01	6.798186e-06
2.150000e-01	6.983270e-06
2.152000e-01	7.173670e-06
2.154000e-01	7.369534e-06
2.156000e-01	7.570999e-06
2.158000e-01	7.778240e-06
2.160000e-01	7.991392e-06
2.162000e-01	8.210625e-06
2.164000e-01	8.436093e-06
2.166000e-01	8.667973e-06
2.168000e-01	8.906438e-06
2.170000e-01	9.151662e-06
2.172000e-01	9.403824e-06
2.174000e-01	9.663122e-06
2.176000e-01	9.929730e-06
2.178000e-01	1.020386e-05
2.180000e-01	1.048572e-05
2.182000e-01	1.077549e-05
2.184000e-01	1.107341e-05
2.186000e-01	1.137967e-05
2.188000e-01	1.169449e-05
2.190000e-01	1.201811e-05
2.192000e-01	1.235074e-05
2.194000e-01	1.269262e-05
2.196000e-01	1.304399e-05
2.198000e-01	1.340508e-05
2.200000e-01	1.377615e-05
2.202000e-01	1.415745e-05
2.204000e-01	1.454921e-05
2.206000e-01	1.495173e-05
2.208000e-01	1.536525e-05
2.210000e-01	1.579006e-05
2.212000e-01	1.622643e-05
2.214000e-01	1.667463e-05
2.216000e-01	1.713494e-05
2.218000e-01	1.760768e-05
2.220000e-01	1.809315e-05
2.222000e-01	1.859162e-05
2.224000e-01	1.910342e-05
2.226000e-01	1.962885e-05
2.228000e-01	2.016825e-05
2.230000e-01	2.072193e-05
2.232000e-01	2.129022e-05
2.234000e-01	2.187347e-05
2.236000e-01	2.247201e-05
2.238000e-01	2.308621e-05
2.240000e-01	2.371640e-05
2.242000e-01	2.436293e-05
2.244000e-01	2.502619e-05
2.246000e-01	2.570658e-05
2.248000e-01	2.640441e-05
2.250000e-01	2.712011e-05
2.252000e-01	2.785402e-05
2.254000e-01	2.860657e-05
2.256000e-01	2.937817e-05
2.258000e-01	3.016917e-05
2.260000e-01	3.098003e-05
2.262000e-01	3.181111e-05
2.264000e-01	3.266289e-05
2.266000e-01	3.353573e-05
2.268000e-01	3.443010e-05
2.270000e-01	3.534642e-05
2.272000e-01	3.628515e-05
2.274000e-01	3.724669e-05
2.276000e-01	3.823152e-05
2.278000e-01	3.924010e-05
2.280000e-01	4.027289e-05
2.282000e-01	4.133033e-05
2.284000e-01	4.241293e-05
2.286000e-01	4.352114e-05
2.288000e-01	4.465541e-05
2.290000e-01	4.581630e-05
2.292000e-01	4.700425e-05
2.294000e-01	4.821979e-05
2.296000e-01	4.946336e-05
2.298000e-01	5.073555e-05
2.300000e-01	5.203678e-05
2.302000e-01	5.336763e-05
2.304000e-01	5.472860e-05
2.306000e-01	5.612021e-05
2.308000e-01	5.754300e-05
2.310000e-01	5.899747e-05
2.312000e-01	6.048419e-05
2.314000e-01	6.200367e-05
2.316000e-01	6.355647e-05
2.318000e-01	6.514309e-05
2.320000e-01	6.676407e-05
2.322000e-01	6.841992e-05
2.324000e-01	7.011125e-05
2.326000e-01	7.183854e-05
2.328000e-01	7.360233e-05
2.330000e-01	7.540316e-05
2.332000e-01	7.724161e-05
2.334000e-01	7.911816e-05
2.336000e-01	8.103340e-05
2.338000e-01	8.298782e-05
2.340000e-01	8.498197e-05
2.342000e-01	8.701640e-05
2.344000e-01	8.909160e-05
2.346000e-01	9.120814e-05
2.348000e-01	9.336656e-05
2.350000e-01	9.556731e-05
2.352000e-01	9.781097e-05
2.354000e-01	1.000981e-04
2.356000e-01	1.024290e-04
2.358000e-01	1.048045e-04
2.360000e-01	1.072249e-04
2.362000e-01	1.096907e-04
2.364000e-01	1.122025e-04
2.366000e-01	1.147606e-04
2.368000e-01	1.173657e-04
2.370000e-01	1.200182e-04
2.372000e-01	1.227185e-04
2.374000e-01	1.254672e-04
2.376000e-01	1.282647e-04
2.378000e-01	1.311113e-04
2.380000e-01	1.340078e-04
2.382000e-01	1.369543e-04
2.384000e-01	1.399516e-04
2.386000e-01	1.429999e-04
2.388000e-01	1.460999e-04
2.390000e-01	1.492520e-04
2.392000e-01	1.524567e-04
2.394000e-01	1.557146e-04
2.396000e-01	1.590261e-04
2.398000e-01	1.623918e-04
2.400000e-01	1.658122e-04
2.402000e-01	1.692879e-04
2.404000e-01	1.728194e-04
2.406000e-01	1.764072e-04
2.408000e-01	1.800520e-04
2.410000e-01	1.837543e-04
2.412000e-01	1.875148e-04
2.414000e-01	1.913341e-04
2.416000e-01	1.952127e-04
2.418000e-01	1.991513e-04
2.420000e-01	2.031506e-04
2.422000e-01	2.072112e-04
2.424000e-01	2.113338e-04
2.426000e-01	2.155191e-04
2.428000e-01	2.197677e-04
2.430000e-01	2.240804e-04
2.432000e-01	2.284580e-04
2.434000e-01	2.329012e-04
2.436000e-01	2.374108e-04
2.438000e-01	2.419875e-04
2.440000e-01	2.466322e-04
2.442000e-01	2.513456e-04
2.444000e-01	2.561288e-04
2.446000e-01	2.609825e-04
2.448000e-01	2.659079e-04
2.450000e-01	2.709056e-04
2.452000e-01	2.759769e-04
2.454000e-01	2.811227e-04
2.456000e-01	2.863440e-04
2.458000e-01	2.916420e-04
2.460000e-01	2.970177e-04
2.462000e-01	3.024722e-04
2.464000e-01	3.080068e-04
2.466000e-01	3.136227e-04
2.468000e-01	3.193210e-04
2.470000e-01	3.251030e-04
2.472000e-01	3.309702e-04
2.474000e-01	3.369238e-04
2.476000e-01	3.429651e-04
2.478000e-01	3.490958e-04
2.480000e-01	3.553170e-04
2.482000e-01	3.616306e-04
2.484000e-01	3.680378e-04
2.486000e-01	3.745404e-04
2.488000e-01	3.811399e-04
2.490000e-01	3.878381e-04
2.492000e-01	3.946368e-04
2.494000e-01	4.015372e-04
2.496000e-01	4.085424e-04
2.498000e-01	4.156529e-04
2.500000e-01	4.228715e-04
2.502000e-01	4.301994e-04
2.504000e-01	4.376387e-04
2.506000e-01	4.451931e-04
2.508000e-01	4.528622e-04
2.510000e-01	4.606507e-04
2.512000e-01	4.685584e-04
2.514000e-01	4.765890e-04
2.516000e-01	4.847442e-04
2.518000e-01	4.930260e-04
2.520000e-01	5.014370e-04
2.522000e-01	5.099786e-04
2.524000e-01	5.186532e-04
2.526000e-01	5.274633e-04
2.528000e-01	5.364113e-04
2.530000e-01	5.454979e-04
2.532000e-01	5.547266e-04
2.534000e-01	5.640981e-04
2.536000e-01	5.736159e-04
2.538000e-01	5.832808e-04
2.540000e-01	5.930964e-04
2.542000e-01	6.030625e-04
2.544000e-01	6.131827e-04
2.546000e-01	6.234589e-04
2.548000e-01	6.338928e-04
2.550000e-01	6.444862e-04
2.552000e-01	6.552408e-04
2.554000e-01	6.661587e-04
2.556000e-01	6.772414e-04
2.558000e-01	6.884910e-04
2.560000e-01	6.999103e-04
2.562000e-01	7.114990e-04
2.564000e-01	7.232602e-04
2.566000e-01	7.351956e-04
2.568000e-01	7.473051e-04
2.570000e-01	7.595926e-04
2.572000e-01	7.720580e-04
2.574000e-01	7.847041e-04
2.576000e-01	7.975307e-04
2.578000e-01	8.105407e-04
2.580000e-01	8.237362e-04
2.582000e-01	8.371167e-04
2.584000e-01	8.506865e-04
2.586000e-01	8.644451e-04
2.588000e-01	8.783945e-04
2.590000e-01	8.925390e-04
2.592000e-01	9.068769e-04
2.594000e-01	9.214139e-04
2.596000e-01	9.361494e-04
2.598000e-01	9.510868e-04
2.600000e-01	9.662279e-04
2.602000e-01	9.815748e-04
2.604000e-01	9.971308e-04
2.606000e-01	1.012898e-03
2.608000e-01	1.028877e-03
2.610000e-01	1.045074e-03
2.612000e-01	1.061489e-03
2.614000e-01	1.078126e-03
2.616000e-01	1.094987e-03
2.618000e-01	1.112076e-03
2.620000e-01	1.129397e-03
2.622000e-01	1.146950e-03
2.624000e-01	1.164741e-03
2.626000e-01	1.182772e-03
2.628000e-01	1.201048e-03
2.630000e-01	1.219571e-03
2.632000e-01	1.238346e-03
2.634000e-01	1.257375e-03
2.636000e-01	1.276665e-03
2.638000e-01	1.296218e-03
2.640000e-01	1.316039e-03
2.642000e-01	1.336131e-03
2.644000e-01	1.356501e-03
2.646000e-01	1.377150e-03
2.648000e-01	1.398086e-03
2.650000e-01	1.419310e-03
2.652000e-01	1.440830e-03
2.654000e-01	1.462648e-03
2.656000e-01	1.484770e-03
2.658000e-01	1.507201e-03
2.660000e-01	1.529947e-03
2.662000e-01	1.553011e-03
2.664000e-01	1.576398e-03
2.666000e-01	1.600116e-03
2.668000e-01	1.624167e-03
2.670000e-01	1.648557e-03
2.672000e-01	1.673295e-03
2.674000e-01	1.698382e-03
2.676000e-01	1.723826e-03
2.678000e-01	1.749633e-03
2.680000e-01	1.775808e-03
2.682000e-01	1.802356e-03
2.684000e-01	1.829285e-03
2.686000e-01	1.856600e-03
2.688000e-01	1.884307e-03
2.690000e-01	1.912414e-03
2.692000e-01	1.940924e-03
2.694000e-01	1.969848e-03
2.696000e-01	1.999187e-03
2.698000e-01	2.028954e-03
2.700000e-01	2.059151e-03
2.702000e-01	2.089788e-03
2.704000e-01	2.120870e-03
2.706000e-01	2.152405e-03
2.708000e-01	2.184400e-03
2.710000e-01	2.216864e-03
2.712000e-01	2.249804e-03
2.714000e-01	2.283228e-03
2.716000e-01	2.317143e-03
2.718000e-01	2.351558e-03
2.720000e-01	2.386481e-03
2.722000e-01	2.421919e-03
2.724000e-01	2.457882e-03
2.726000e-01	2.494380e-03
2.728000e-01	2.531417e-03
2.730000e-01	2.569003e-03
2.732000e-01	2.607148e-03
2.734000e-01	2.645862e-03
2.736000e-01	2.685150e-03
2.738000e-01	2.725023e-03
2.740000e-01	2.765489e-03
2.742000e-01	2.806558e-03
2.744000e-01	2.848238e-03
2.746000e-01	2.890539e-03
2.748000e-01	2.933470e-03
2.750000e-01	2.977040e-03
2.752000e-01	3.021260e-03
2.754000e-01	3.066137e-03
2.756000e-01	3.111683e-03
2.758000e-01	3.157906e-03
2.760000e-01	3.204815e-03
2.762000e-01	3.252423e-03
2.764000e-01	3.300737e-03
2.766000e-01	3.349767e-03
2.768000e-01	3.399524e-03
2.770000e-01	3.450020e-03
2.772000e-01	3.501261e-03
2.774000e-01	3.553259e-03
2.776000e-01	3.606025e-03
2.778000e-01	3.659566e-03
2.780000e-01	3.713889e-03
2.782000e-01	3.769006e-03
2.784000e-01	3.824921e-03
2.786000e-01	3.881641e-03
2.788000e-01	3.939174e-03
2.790000e-01	3.997526e-03
2.792000e-01	4.056703e-03
2.794000e-01	4.116707e-03
2.796000e-01	4.177546e-03
2.798000e-01	4.239223e-03
2.800000e-01	4.301739e-03
2.802000e-01	4.365098e-03
2.804000e-01	4.429303e-03
2.806000e-01	4.494353e-03
2.808000e-01	4.560252e-03
2.810000e-01	4.626997e-03
2.812000e-01	4.694588e-03
2.814000e-01	4.763023e-03
2.816000e-01	4.832304e-03
2.818000e-01	4.902420e-03
2.820000e-01	4.973373e-03
2.822000e-01	5.045156e-03
2.824000e-01	5.117764e-03
2.826000e-01	5.191190e-03
2.828000e-01	5.265426e-03
2.830000e-01	5.340462e-03
2.832000e-01	5.416294e-03
2.834000e-01	5.492906e-03
2.836000e-01	5.570291e-03
2.838000e-01	5.648433e-03
2.840000e-01	5.727319e-03
2.842000e-01	5.806937e-03
2.844000e-01	5.887273e-03
2.846000e-01	5.968312e-03
2.848000e-01	6.050045e-03
2.850000e-01	6.132452e-03
2.852000e-01	6.215530e-03
2.854000e-01	6.299259e-03
2.856000e-01	6.383634e-03
2.858000e-01	6.468638e-03
2.860000e-01	6.554265e-03
2.862000e-01	6.640504e-03
2.864000e-01	6.727346e-03
2.866000e-01	6.814778e-03
2.868000e-01	6.902792e-03
2.870000e-01	6.991387e-03
2.872000e-01	7.080546e-03
2.874000e-01	7.170271e-03
2.876000e-01	7.260547e-03
2.878000e-01	7.351378e-03
2.880000e-01	7.442752e-03
2.882000e-01	7.534667e-03
2.884000e-01	7.627121e-03
2.886000e-01	7.720108e-03
2.888000e-01	7.813633e-03
2.890000e-01	7.907690e-03
2.892000e-01	8.002277e-03
2.894000e-01	8.097401e-03
2.896000e-01	8.193059e-03
2.898000e-01	8.289256e-03
2.900000e-01	8.385993e-03
2.902000e-01	8.483280e-03
2.904000e-01	8.581117e-03
2.906000e-01	8.679511e-03
2.908000e-01	8.778474e-03
2.910000e-01	8.878012e-03
2.912000e-01	8.962443e-03
2.914000e-01	9.057055e-03
2.916000e-01	9.152586e-03
2.918000e-01	9.249032e-03
2.920000e-01	9.346388e-03
2.922000e-01	9.444650e-03
2.924000e-01	9.543816e-03
2.926000e-01	9.643879e-03
2.928000e-01	9.744838e-03
2.930000e-01	9.846687e-03
2.932000e-01	9.949424e-03
2.934000e-01	1.005304e-02
2.936000e-01	1.015754e-02
2.938000e-01	1.026292e-02
2.940000e-01	1.036916e-02
2.942000e-01	1.047628e-02
2.944000e-01	1.058426e-02
2.946000e-01	1.069310e-02
2.948000e-01	1.080280e-02
2.950000e-01	1.091335e-02
2.952000e-01	1.102475e-02
2.954000e-01	1.113700e-02
2.956000e-01	1.125009e-02
2.958000e-01	1.136402e-02
2.960000e-01	1.147878e-02
2.962000e-01	1.159438e-02
2.964000e-01	1.171080e-02
2.966000e-01	1.182805e-02
2.968000e-01	1.194613e-02
2.970000e-01	1.206502e-02
2.972000e-01	1.218472e-02
2.974000e-01	1.230524e-02
2.976000e-01	1.242657e-02
2.978000e-01	1.254870e-02
2.980000e-01	1.267163e-02
2.982000e-01	1.279536e-02
2.984000e-01	1.291989e-02
2.986000e-01	1.304520e-02
2.988000e-01	1.317131e-02
2.990000e-01	1.329820e-02
2.992000e-01	1.342587e-02
2.994000e-01	1.355432e-02
2.996000e-01	1.368355e-02
2.998000e-01	1.381355e-02
3.000000e-01	1.394432e-02
3.002000e-01	1.407585e-02
3.004000e-01	1.420815e-02
3.006000e-01	1.434121e-02
3.008000e-01	1.447503e-02
3.010000e-01	1.460959e-02
3.012000e-01	1.474492e-02
3.014000e-01	1.488098e-02
3.016000e-01	1.501780e-02
3.018000e-01	1.515535e-02
3.020000e-01	1.529365e-02
3.022000e-01	1.543268e-02
3.024000e-01	1.557244e-02
3.026000e-01	1.571294e-02
3.028000e-01	1.585416e-02
3.030000e-01	1.599611e-02
3.032000e-01	1.613878e-02
3.034000e-01	1.628217e-02
3.036000e-01	1.642627e-02
3.038000e-01	1.657109e-02
3.040000e-01	1.671662e-02
3.042000e-01	1.686285e-02
3.044000e-01	1.700980e-02
3.046000e-01	1.715744e-02
3.048000e-01	1.730578e-02
3.050000e-01	1.745482e-02
3.052000e-01	1.760456e-02
3.054000e-01	1.775498e-02
3.056000e-01	1.790610e-02
3.058000e-01	1.805790e-02
3.060000e-01	1.821039e-02
3.062000e-01	1.836356e-02
3.064000e-01	1.851740e-02
3.066000e-01	1.867192e-02
3.068000e-01	1.882712e-02
3.070000e-01	1.898298e-02
3.072000e-01	1.913952e-02
3.074000e-01	1.929672e-02
3.076000e-01	1.945458e-02
3.078000e-01	1.961311e-02
3.080000e-01	1.977229e-02
3.084084e-01	2.014936e-02
3.090090e-01	2.064744e-02
3.096096e-01	2.115339e-02
3.102102e-01	2.166721e-02
3.108108e-01	2.218890e-02
3.114114e-01	2.271846e-02
3.120120e-01	2.325588e-02
3.126126e-01	2.380118e-02
3.132132e-01	2.435434e-02
3.138138e-01	2.491554e-02
3.144144e-01	2.548991e-02
3.150150e-01	2.607745e-02
3.156156e-01	2.667817e-02
3.162162e-01	2.729205e-02
3.168168e-01	2.791897e-02
3.174174e-01	2.855118e-02
3.180180e-01	2.918870e-02
3.186186e-01	2.983153e-02
3.192192e-01	3.047965e-02
3.198198e-01	3.113307e-02
3.204204e-01	3.179180e-02
3.210210e-01	3.245582e-02
3.216216e-01	3.312515e-02
3.222222e-01	3.379973e-02
3.228228e-01	3.447853e-02
3.234234e-01	3.516155e-02
3.240240e-01	3.584879e-02
3.246246e-01	3.654025e-02
3.252252e-01	3.723593e-02
3.258258e-01	3.793566e-02
3.264264e-01	3.863431e-02
3.270270e-01	3.933188e-02
3.276276e-01	4.002836e-02
3.282282e-01	4.072377e-02
3.288288e-01	4.141810e-02
3.294294e-01	4.211134e-02
3.300300e-01	4.280350e-02
3.306306e-01	4.349450e-02
3.312312e-01	4.418305e-02
3.318318e-01	4.486914e-02
3.324324e-01	4.555278e-02
3.330330e-01	4.623397e-02
3.336336e-01	4.691270e-02
3.342342e-01	4.758903e-02
3.348348e-01	4.826398e-02
3.354354e-01	4.893756e-02
3.360360e-01	4.960977e-02
3.366366e-01	5.028060e-02
3.372372e-01	5.095007e-02
3.378378e-01	5.161816e-02
3.384384e-01	5.228487e-02
3.390390e-01	5.295063e-02
3.396396e-01	5.362059e-02
3.402402e-01	5.429475e-02
3.408408e-01	5.497311e-02
3.414414e-01	5.565567e-02
3.420420e-01	5.634243e-02
3.426426e-01	5.703348e-02
3.432432e-01	5.773010e-02
3.438438e-01	5.843230e-02
3.444444e-01	5.914007e-02
3.450450e-01	5.985341e-02
3.456456e-01	6.057233e-02
3.462462e-01	6.129682e-02
3.468468e-01	6.202689e-02
3.474474e-01	6.276253e-02
3.480480e-01	6.350703e-02
3.486486e-01	6.426065e-02
3.492492e-01	6.502340e-02
3.498498e-01	6.579528e-02
3.504505e-01	6.657630e-02
3.510511e-01	6.736603e-02
3.516517e-01	6.815931e-02
3.522523e-01	6.895615e-02
3.528529e-01	6.975655e-02
3.534535e-01	7.056050e-02
3.540541e-01	7.136801e-02
3.546547e-01	7.217907e-02
3.552553e-01	7.299369e-02
3.558559e-01	7.381186e-02
3.564565e-01	7.462037e-02
3.570571e-01	7.541832e-02
3.576577e-01	7.620569e-02
3.582583e-01	7.698250e-02
3.588589e-01	7.774873e-02
3.594595e-01	7.850439e-02
3.600601e-01	7.924621e-02
3.606607e-01	7.997390e-02
3.612613e-01	8.068747e-02
3.618619e-01	8.138691e-02
3.624625e-01	8.207222e-02
3.630631e-01	8.274341e-02
3.636637e-01	8.340047e-02
3.642643e-01	8.404341e-02
3.648649e-01	8.470560e-02
3.654655e-01	8.538883e-02
3.660661e-01	8.609308e-02
3.666667e-01	8.681837e-02
3.672673e-01	8.756469e-02
3.678679e-01	8.833204e-02
3.684685e-01	8.913363e-02
3.690691e-01	8.997039e-02
3.696697e-01	9.084229e-02
3.702703e-01	9.174936e-02
3.708709e-01	9.269158e-02
3.714715e-01	9.366896e-02
3.720721e-01	9.468150e-02
3.726727e-01	9.572919e-02
3.732733e-01	9.678423e-02
3.738739e-01	9.784556e-02
3.744745e-01	9.891319e-02
3.750751e-01	9.998711e-02
3.756757e-01	1.010673e-01
3.762763e-01	1.021538e-01
3.768769e-01	1.032132e-01
3.774775e-01	1.042438e-01
3.780781e-01	1.052455e-01
3.786787e-01	1.062183e-01
3.792793e-01	1.071623e-01
3.798799e-01	1.080774e-01
3.804805e-01	1.089636e-01
3.810811e-01	1.098210e-01
3.816817e-01	1.106629e-01
3.822823e-01	1.114898e-01
3.828829e-01	1.123014e-01
3.834835e-01	1.130980e-01
3.840841e-01	1.138795e-01
3.846847e-01	1.146458e-01
3.852853e-01	1.154248e-01
3.858859e-01	1.162175e-01
3.864865e-01	1.170240e-01
3.870871e-01	1.178442e-01
3.876877e-01	1.186782e-01
3.882883e-01	1.195259e-01
3.888889e-01	1.203873e-01
3.894895e-01	1.212625e-01
3.900901e-01	1.221514e-01
3.906907e-01	1.230467e-01
3.912913e-01	1.239484e-01
3.918919e-01	1.248564e-01
3.924925e-01	1.257708e-01
3.930931e-01	1.266916e-01
3.936937e-01	1.276052e-01
3.942943e-01	1.285115e-01
3.948949e-01	1.294104e-01
3.954955e-01	1.303019e-01
3.960961e-01	1.311861e-01
3.966967e-01	1.320628e-01
3.972973e-01	1.329322e-01
3.978979e-01	1.337941e-01
3.984985e-01	1.346488e-01
3.990991e-01	1.354998e-01
3.996997e-01	1.363472e-01
4.003003e-01	1.371911e-01
4.009009e-01	1.380314e-01
4.015015e-01	1.388680e-01
4.021021e-01	1.397011e-01
4.027027e-01	1.405380e-01
4.033033e-01	1.413786e-01
4.039039e-01	1.422230e-01
4.045045e-01	1.430713e-01
4.051051e-01	1.439233e-01
4.057057e-01	1.447791e-01
4.063063e-01	1.456387e-01
4.069069e-01	1.465020e-01
4.075075e-01	1.473606e-01
4.081081e-01	1.482147e-01
4.087087e-01	1.490642e-01
4.093093e-01	1.499090e-01
4.099099e-01	1.507493e-01
4.105105e-01	1.515850e-01
4.111111e-01	1.524123e-01
4.117117e-01	1.532312e-01
4.123123e-01	1.540417e-01
4.129129e-01	1.548439e-01
4.135135e-01	1.556376e-01
4.141141e-01	1.564230e-01
4.147147e-01	1.571999e-01
4.153153e-01	1.579686e-01
4.159159e-01	1.587311e-01
4.165165e-01	1.594873e-01
4.171171e-01	1.602375e-01
4.177177e-01	1.609814e-01
4.183183e-01	1.617191e-01
4.189189e-01	1.624509e-01
4.195195e-01	1.631848e-01
4.201201e-01	1.639210e-01
4.207207e-01	1.646593e-01
4.213213e-01	1.653999e-01
4.219219e-01	1.661427e-01
4.225225e-01	1.668876e-01
4.231231e-01	1.676348e-01
4.237237e-01	1.683843e-01
4.243243e-01	1.691383e-01
4.249249e-01	1.698969e-01
4.255255e-01	1.706600e-01
4.261261e-01	1.714276e-01
4.267267e-01	1.721998e-01
4.273273e-01	1.729764e-01
4.279279e-01	1.737553e-01
4.285285e-01	1.745366e-01
4.291291e-01	1.753202e-01
4.297297e-01	1.761061e-01
4.303303e-01	1.768943e-01
4.309309e-01	1.776849e-01
4.315315e-01	1.784778e-01
4.321321e-01	1.792726e-01
4.327327e-01	1.800641e-01
4.333333e-01	1.808521e-01
4.339339e-01	1.816367e-01
4.345345e-01	1.824179e-01
4.351351e-01	1.831957e-01
4.357357e-01	1.839699e-01
4.363363e-01	1.847384e-01
4.369369e-01	1.855011e-01
4.375375e-01	1.862582e-01
4.381381e-01	1.870094e-01
4.387387e-01	1.877549e-01
4.393393e-01	1.884947e-01
4.399399e-01	1.892288e-01
4.405405e-01	1.899573e-01
4.411411e-01	1.906827e-01
4.417417e-01	1.914051e-01
4.423423e-01	1.921244e-01
4.429429e-01	1.928407e-01
4.435435e-01	1.935539e-01
4.441441e-01	1.942644e-01
4.447447e-01	1.949777e-01
4.453453e-01	1.956936e-01
4.459459e-01	1.964122e-01
4.465465e-01	1.971335e-01
4.471471e-01	1.978574e-01
4.477477e-01	1.985841e-01
4.483483e-01	1.993135e-01
4.489489e-01	2.000455e-01
4.495495e-01	2.007789e-01
4.501502e-01	2.015136e-01
4.507508e-01	2.022496e-01
4.513514e-01	2.029868e-01
4.519520e-01	2.037254e-01
4.525526e-01	2.044650e-01
4.531532e-01	2.052031e-01
4.537538e-01	2.059399e-01
4.543544e-01	2.066752e-01
4.549550e-01	2.074092e-01
4.555556e-01	2.081417e-01
4.561562e-01	2.088728e-01
4.567568e-01	2.096024e-01
4.573574e-01	2.103307e-01
4.579580e-01	2.110538e-01
4.585586e-01	2.117715e-01
4.591592e-01	2.124838e-01
4.597598e-01	2.131908e-01
4.603604e-01	2.138923e-01
4.609610e-01	2.145884e-01
4.615616e-01	2.152804e-01
4.621622e-01	2.159684e-01
4.627628e-01	2.166525e-01
4.633634e-01	2.173325e-01
4.639640e-01	2.180086e-01
4.645646e-01	2.186807e-01
4.651652e-01	2.193488e-01
4.657658e-01	2.200129e-01
4.663664e-01	2.206731e-01
4.669670e-01	2.213194e-01
4.675676e-01	2.219514e-01
4.681682e-01	2.225691e-01
4.687688e-01	2.231725e-01
4.693694e-01	2.237616e-01
4.699700e-01	2.243401e-01
4.705706e-01	2.249083e-01
4.711712e-01	2.254662e-01
4.717718e-01	2.260137e-01
4.723724e-01	2.265509e-01
4.729730e-01	2.270779e-01
4.735736e-01	2.275945e-01
4.741742e-01	2.281007e-01
4.747748e-01	2.285967e-01
4.753754e-01	2.290824e-01
4.759760e-01	2.297000e-01
4.765766e-01	2.302114e-01
4.771772e-01	2.307010e-01
4.777778e-01	2.311702e-01
4.783784e-01	2.316203e-01
4.789790e-01	2.320527e-01
4.795796e-01	2.324686e-01
4.801802e-01	2.328690e-01
4.807808e-01	2.332551e-01
4.813814e-01	2.336276e-01
4.819820e-01	2.339876e-01
4.825826e-01	2.343357e-01
4.831832e-01	2.346728e-01
4.837838e-01	2.349995e-01
4.843844e-01	2.353163e-01
4.849850e-01	2.356238e-01
4.855856e-01	2.359224e-01
4.861862e-01	2.362127e-01
4.867868e-01	2.364949e-01
4.873874e-01	2.367693e-01
4.879880e-01	2.370363e-01
4.885886e-01	2.372960e-01
4.891892e-01	2.375487e-01
4.897898e-01	2.377945e-01
4.903904e-01	2.380335e-01
4.909910e-01	2.382657e-01
4.915916e-01	2.384913e-01
4.921922e-01	2.387102e-01
4.927928e-01	2.389224e-01
4.933934e-01	2.391279e-01
4.939940e-01	2.393267e-01
4.945946e-01	2.395186e-01
4.951952e-01	2.397037e-01
4.957958e-01	2.398816e-01
4.963964e-01	2.400525e-01
4.969970e-01	2.402161e-01
4.975976e-01	2.403722e-01
4.981982e-01	2.405208e-01
4.987988e-01	2.406616e-01
4.993994e-01	2.407946e-01
5.000000e-01	2.409195e-01
5.006006e-01	2.410361e-01
5.012012e-01	2.411444e-01
5.018018e-01	2.412441e-01
5.024024e-01	2.413351e-01
5.030030e-01	2.414172e-01
5.036036e-01	2.414903e-01
5.042042e-01	2.415541e-01
5.048048e-01	2.416087e-01
5.054054e-01	2.416537e-01
5.060060e-01	2.416892e-01
5.066066e-01	2.417149e-01
5.072072e-01	2.417308e-01
5.078078e-01	2.417368e-01
5.084084e-01	2.417327e-01
5.090090e-01	2.417186e-01
5.096096e-01	2.416944e-01
5.102102e-01	2.416599e-01
5.108108e-01	2.416152e-01
5.114114e-01	2.415603e-01
5.120120e-01	2.414952e-01
5.126126e-01	2.414198e-01
5.132132e-01	2.413343e-01
5.138138e-01	2.412385e-01
5.144144e-01	2.411327e-01
5.150150e-01	2.410169e-01
5.156156e-01	2.408910e-01
5.162162e-01	2.407554e-01
5.168168e-01	2.406100e-01
5.174174e-01	2.404551e-01
5.180180e-01	2.402907e-01
5.186186e-01	2.401170e-01
5.192192e-01	2.399342e-01
5.198198e-01	2.397425e-01
5.204204e-01	2.395420e-01
5.210210e-01	2.393331e-01
5.216216e-01	2.391158e-01
5.222222e-01	2.388905e-01
5.228228e-01	2.386574e-01
5.234234e-01	2.384166e-01
5.240240e-01	2.381686e-01
5.246246e-01	2.379135e-01
5.252252e-01	2.376517e-01
5.258258e-01	2.373833e-01
5.264264e-01	2.371087e-01
5.270270e-01	2.368281e-01
5.276276e-01	2.365419e-01
5.282282e-01	2.362503e-01
5.288288e-01	2.359536e-01
5.294294e-01	2.356520e-01
5.300300e-01	2.353458e-01
5.306306e-01	2.350354e-01
5.312312e-01	2.347208e-01
5.318318e-01	2.344025e-01
5.324324e-01	2.340806e-01
5.330330e-01	2.337553e-01
5.336336e-01	2.334268e-01
5.342342e-01	2.330953e-01
5.348348e-01	2.327610e-01
5.354354e-01	2.324240e-01
5.360360e-01	2.320845e-01
5.366366e-01	2.317425e-01
5.372372e-01	2.313980e-01
5.378378e-01	2.310512e-01
5.384384e-01	2.307019e-01
5.390390e-01	2.303503e-01
5.396396e-01	2.299961e-01
5.402402e-01	2.296393e-01
5.408408e-01	2.292796e-01
5.414414e-01	2.289170e-01
5.420420e-01	2.285511e-01
5.426426e-01	2.281816e-01
5.432432e-01	2.278081e-01
5.438438e-01	2.274303e-01
5.444444e-01	2.270476e-01
5.450450e-01	2.266594e-01
5.456456e-01	2.262653e-01
5.462462e-01	2.258643e-01
5.468468e-01	2.254559e-01
5.474474e-01	2.250391e-01
5.480480e-01	2.246130e-01
5.486486e-01	2.241767e-01
5.492492e-01	2.237289e-01
5.498498e-01	2.232686e-01
5.504505e-01	2.227944e-01
5.510511e-01	2.223049e-01
5.516517e-01	2.217988e-01
5.522523e-01	2.212742e-01
5.528529e-01	2.207297e-01
5.534535e-01	2.201632e-01
5.540541e-01	2.195730e-01
5.546547e-01	2.189568e-01
5.552553e-01	2.183127e-01
5.558559e-01	2.176381e-01
5.564565e-01	2.169307e-01
5.570571e-01	2.161878e-01
5.576577e-01	2.153962e-01
5.582583e-01	2.144699e-01
5.588589e-01	2.134921e-01
5.594595e-01	2.124629e-01
5.600601e-01	2.113804e-01
5.606607e-01	2.102446e-01
5.612613e-01	2.090556e-01
5.618619e-01	2.078132e-01
5.624625e-01	2.065176e-01
5.630631e-01	2.051686e-01
5.636637e-01	2.038142e-01
5.642643e-01	2.024579e-01
5.648649e-01	2.010999e-01
5.654655e-01	1.997401e-01
5.660661e-01	1.983785e-01
5.666667e-01	1.970151e-01
5.672673e-01	1.956500e-01
5.678679e-01	1.942830e-01
5.684685e-01	1.929658e-01
5.690691e-01	1.917006e-01
5.696697e-01	1.904875e-01
5.702703e-01	1.893264e-01
5.708709e-01	1.882174e-01
5.714715e-01	1.871605e-01
5.720721e-01	1.861574e-01
5.726727e-01	1.852081e-01
5.732733e-01	1.843126e-01
5.738739e-01	1.834710e-01
5.744745e-01	1.826833e-01
5.750751e-01	1.819494e-01
5.756757e-01	1.812694e-01
5.762763e-01	1.806432e-01
5.768769e-01	1.800315e-01
5.774775e-01	1.794330e-01
5.780781e-01	1.788478e-01
5.786787e-01	1.782758e-01
5.792793e-01	1.777170e-01
5.798799e-01	1.771714e-01
5.804805e-01	1.765876e-01
5.810811e-01	1.759632e-01
5.816817e-01	1.752982e-01
5.822823e-01	1.745926e-01
5.828829e-01	1.738463e-01
5.834835e-01	1.730594e-01
5.840841e-01	1.722319e-01
5.846847e-01	1.713638e-01
5.852853e-01	1.704695e-01
5.858859e-01	1.695492e-01
5.864865e-01	1.686031e-01
5.870871e-01	1.676310e-01
5.876877e-01	1.666330e-01
5.882883e-01	1.656091e-01
5.888889e-01	1.645986e-01
5.894895e-01	1.636028e-01
5.900901e-01	1.626218e-01
5.906907e-01	1.616554e-01
5.912913e-01	1.607037e-01
5.918919e-01	1.597667e-01
5.924925e-01	1.588444e-01
5.930931e-01	1.579368e-01
5.936937e-01	1.570448e-01
5.942943e-01	1.561684e-01
5.948949e-01	1.553075e-01
5.954955e-01	1.544623e-01
5.960961e-01	1.536326e-01
5.966967e-01	1.528185e-01
5.972973e-01	1.520055e-01
5.978979e-01	1.511934e-01
5.984985e-01	1.503822e-01
5.990991e-01	1.495719e-01
5.996997e-01	1.487625e-01
6.003003e-01	1.479539e-01
6.009009e-01	1.471463e-01
6.015015e-01	1.463394e-01
6.021021e-01	1.455216e-01
6.027027e-01	1.446931e-01
6.033033e-01	1.438537e-01
6.039039e-01	1.430036e-01
6.045045e-01	1.421426e-01
6.051051e-01	1.412708e-01
6.057057e-01	1.403873e-01
6.063063e-01	1.394921e-01
6.069069e-01	1.385852e-01
6.075075e-01	1.376666e-01
6.081081e-01	1.367363e-01
6.087087e-01	1.357943e-01
6.093093e-01	1.348406e-01
6.099099e-01	1.338757e-01
6.105105e-01	1.329190e-01
6.111111e-01	1.319704e-01
6.117117e-01	1.310301e-01
6.123123e-01	1.300979e-01
6.129129e-01	1.291739e-01
6.135135e-01	1.282582e-01
6.141141e-01	1.273624e-01
6.147147e-01	1.264865e-01
6.153153e-01	1.256304e-01
6.159159e-01	1.247942e-01
6.165165e-01	1.239779e-01
6.171171e-01	1.231815e-01
6.177177e-01	1.224049e-01
6.183183e-01	1.216483e-01
6.189189e-01	1.209106e-01
6.195195e-01	1.201708e-01
6.201201e-01	1.194290e-01
6.207207e-01	1.186850e-01
6.213213e-01	1.179390e-01
6.219219e-01	1.171904e-01
6.225225e-01	1.164198e-01
6.231231e-01	1.156273e-01
6.237237e-01	1.148128e-01
6.243243e-01	1.139763e-01
6.249249e-01	1.131178e-01
6.255255e-01	1.122374e-01
6.261261e-01	1.113351e-01
6.267267e-01	1.104107e-01
6.273273e-01	1.094665e-01
6.279279e-01	1.085369e-01
6.285285e-01	1.076222e-01
6.291291e-01	1.067222e-01
6.297297e-01	1.058370e-01
6.303303e-01	1.049666e-01
6.309309e-01	1.041118e-01
6.315315e-01	1.032938e-01
6.321321e-01	1.025125e-01
6.327327e-01	1.017679e-01
6.333333e-01	1.010601e-01
6.339339e-01	1.003890e-01
6.345345e-01	9.975466e-02
6.351351e-01	9.915705e-02
6.357357e-01	9.859338e-02
6.363363e-01	9.802568e-02
6.369369e-01	9.745396e-02
6.375375e-01	9.687822e-02
6.381381e-01	9.629845e-02
6.387387e-01	9.571466e-02
6.393393e-01	9.512485e-02
6.399399e-01	9.449427e-02
6.405405e-01	9.382293e-02
6.411411e-01	9.311083e-02
6.417417e-01	9.235797e-02
6.423423e-01	9.156436e-02
6.429429e-01	9.072998e-02
6.435435e-01	8.985484e-02
6.441441e-01	8.894277e-02
6.447447e-01	8.803639e-02
6.453453e-01	8.713570e-02
6.459459e-01	8.624071e-02
6.465465e-01	8.535140e-02
6.471471e-01	8.446779e-02
6.477477e-01	8.359265e-02
6.483483e-01	8.276397e-02
6.489489e-01	8.198174e-02
6.495495e-01	8.124596e-02
6.501502e-01	8.055663e-02
6.507508e-01	7.991375e-02
6.513514e-01	7.931733e-02
6.519520e-01	7.876735e-02
6.525526e-01	7.826383e-02
6.531532e-01	7.777726e-02
6.537538e-01	7.730543e-02
6.543544e-01	7.684834e-02
6.549550e-01	7.640599e-02
6.555556e-01	7.597838e-02
6.561562e-01	7.556167e-02
6.567568e-01	7.511325e-02
6.573574e-01	7.463311e-02
6.579580e-01	7.412127e-02
6.585586e-01	7.357771e-02
6.591592e-01	7.300244e-02
6.597598e-01	7.239545e-02
6.603604e-01	7.175676e-02
6.609610e-01	7.108635e-02
6.615616e-01	7.040525e-02
6.621622e-01	6.971470e-02
6.627628e-01	6.901471e-02
6.633634e-01	6.830528e-02
6.639640e-01	6.758641e-02
6.645646e-01	6.685809e-02
6.651652e-01	6.614982e-02
6.657658e-01	6.546382e-02
6.663664e-01	6.480008e-02
6.669670e-01	6.415862e-02
6.675676e-01	6.353942e-02
6.681682e-01	6.294250e-02
6.687688e-01	6.236784e-02
6.693694e-01	6.181545e-02
6.699700e-01	6.128894e-02
6.705706e-01	6.078845e-02
6.711712e-01	6.031400e-02
6.717718e-01	5.986558e-02
6.723724e-01	5.944319e-02
6.729730e-01	5.904684e-02
6.735736e-01	5.865549e-02
6.741742e-01	5.826791e-02
6.747748e-01	5.788408e-02
6.753754e-01	5.750403e-02
6.759760e-01	5.712773e-02
6.765766e-01	5.675520e-02
6.771772e-01	5.638643e-02
6.777778e-01	5.602142e-02
6.783784e-01	5.565936e-02
6.789790e-01	5.530024e-02
6.795796e-01	5.494404e-02
6.801802e-01	5.459078e-02
6.807808e-01	5.424044e-02
6.813814e-01	5.389303e-02
6.819820e-01	5.354495e-02
6.825826e-01	5.319603e-02
6.831832e-01	5.284628e-02
6.837838e-01	5.249570e-02
6.843844e-01	5.214428e-02
6.849850e-01	5.179203e-02
6.855856e-01	5.143895e-02
6.861862e-01	5.108503e-02
6.867868e-01	5.072472e-02
6.873874e-01	5.035793e-02
6.879880e-01	4.984138e-02
6.885886e-01	4.948244e-02
6.891892e-01	4.912350e-02
6.897898e-01	4.876456e-02
6.903904e-01	4.840561e-02
6.909910e-01	4.804667e-02
6.915916e-01	4.768773e-02
6.921922e-01	4.721755e-02
6.927928e-01	4.674578e-02
6.933934e-01	4.627402e-02
6.939940e-01	4.580226e-02
6.945946e-01	4.533049e-02
6.951952e-01	4.485873e-02
6.957958e-01	4.438696e-02
6.963964e-01	4.391520e-02
6.969970e-01	4.344343e-02
6.975976e-01	4.297167e-02
6.981982e-01	4.249991e-02
6.987988e-01	4.202814e-02
6.993994e-01	4.155638e-02
7.000000e-01	4.108461e-02
