2.130000e-01 -7.270165e-04
2.140000e-01 5.822008e-04
2.150000e-01 6.055483e-04
2.160000e-01 9.759730e-04
2.170000e-01 -7.507227e-04
2.180000e-01 1.227166e-03
2.190000e-01 -5.438370e-04
2.200000e-01 -2.393690e-05
2.210000e-01 -1.271109e-04
2.220000e-01 -3.260184e-04
2.230000e-01 1.236031e-03
2.240000e-01 -4.616649e-04
2.250000e-01 1.056058e-03
2.260000e-01 -9.070793e-04
2.270000e-01 -2.965415e-04
2.280000e-01 -1.013520e-03
2.290000e-01 1.551715e-04
2.300000e-01 -2.112432e-03
2.310000e-01 4.943680e-04
2.320000e-01 -3.301360e-05
2.330000e-01 -1.819798e-04
2.340000e-01 8.536980e-04
2.350000e-01 2.213862e-03
2.360000e-01 -1.881015e-04
2.370000e-01 -2.020438e-03
2.380000e-01 -1.889497e-03
2.390000e-01 7.782315e-04
2.400000e-01 -8.399250e-04
2.410000e-01 2.416896e-03
2.420000e-01 -1.611641e-03
2.430000e-01 -3.394590e-04
2.440000e-01 1.008690e-03
2.450000e-01 7.192480e-04
2.460000e-01 1.184045e-04
2.470000e-01 -7.936374e-04
2.480000e-01 -7.178111e-04
2.490000e-01 3.832575e-04
2.500000e-01 3.795577e-04
2.510000e-01 -8.001085e-04
2.520000e-01 1.743251e-03
2.530000e-01 -9.558035e-04
2.540000e-01 -9.857940e-04
2.550000e-01 1.514465e-03
2.560000e-01 2.285982e-04
2.570000e-01 -2.302524e-03
2.580000e-01 1.204099e-03
2.590000e-01 -2.240251e-04
2.600000e-01 -5.741245e-04
2.610000e-01 -2.126385e-04
2.620000e-01 -2.236050e-04
2.630000e-01 2.987875e-05
2.640000e-01 8.984850e-04
2.650000e-01 -1.055818e-03
2.660000e-01 -3.787701e-03
2.670000e-01 1.338537e-04
2.680000e-01 1.302749e-03
2.690000e-01 1.145108e-03
2.700000e-01 8.558510e-04
2.710000e-01 -4.977275e-04
2.720000e-01 4.565840e-04
2.730000e-01 -2.231359e-04
2.740000e-01 -5.290511e-04
2.750000e-01 -1.923427e-03
2.760000e-01 1.285407e-03
2.770000e-01 1.816259e-03
2.780000e-01 -1.740116e-03
2.790000e-01 -9.666700e-04
2.800000e-01 3.577035e-05
2.810000e-01 1.659367e-04
2.820000e-01 1.824705e-04
2.830000e-01 4.542370e-04
2.840000e-01 -3.341825e-04
2.850000e-01 -1.094732e-03
2.860000e-01 -2.080363e-03
2.870000e-01 -3.245304e-04
2.880000e-01 -1.048267e-03
2.890000e-01 3.444080e-04
2.900000e-01 -1.398651e-03
2.910000e-01 3.643400e-05
2.920000e-01 1.626055e-04
2.930000e-01 -4.607399e-04
2.940000e-01 -7.081000e-06
2.950000e-01 1.135912e-03
2.960000e-01 1.332701e-03
2.970000e-01 -1.799735e-03
2.980000e-01 5.126315e-04
2.990000e-01 6.738722e-04
3.000000e-01 1.460889e-03
3.010000e-01 2.716494e-04
3.020000e-01 -1.718771e-03
3.030000e-01 1.322785e-04
3.040000e-01 -9.963030e-04
3.050000e-01 4.384115e-04
3.060000e-01 -4.503000e-04
3.070000e-01 4.298968e-04
3.080000e-01 8.823620e-04
3.090000e-01 -1.067902e-03
3.100000e-01 1.107441e-03
3.110000e-01 -6.166495e-04
3.120000e-01 1.058154e-03
3.130000e-01 -2.561273e-04
3.140000e-01 -6.293462e-04
3.150000e-01 8.211950e-04
3.160000e-01 -2.166743e-03
3.170000e-01 1.183882e-03
3.180000e-01 2.114118e-03
3.190000e-01 -6.786021e-04
3.200000e-01 -5.798455e-05
3.210000e-01 -1.194217e-03
3.220000e-01 -1.046884e-04
3.230000e-01 -2.591492e-04
3.240000e-01 -9.432030e-04
3.250000e-01 5.688550e-05
3.260000e-01 -8.257355e-04
3.270000e-01 1.180680e-03
3.280000e-01 7.925869e-04
3.290000e-01 -2.224359e-04
3.300000e-01 -3.143619e-04
3.310000e-01 -1.390486e-04
3.320000e-01 -1.323957e-03
3.330000e-01 4.257830e-05
3.340000e-01 5.306630e-04
3.350000e-01 2.817825e-04
3.360000e-01 7.574235e-04
3.370000e-01 -6.185115e-04
3.380000e-01 5.887465e-04
3.390000e-01 7.660485e-04
3.400000e-01 8.471610e-04
3.410000e-01 -5.922335e-04
3.420000e-01 -1.076384e-03
3.430000e-01 -5.936148e-04
3.440000e-01 -3.486217e-04
3.450000e-01 -1.284521e-03
3.460000e-01 2.022278e-03
3.470000e-01 -1.503702e-03
3.480000e-01 -1.560473e-03
3.490000e-01 -1.029495e-03
3.500000e-01 1.998864e-03
3.510000e-01 -4.233507e-04
3.520000e-01 -1.278357e-03
3.530000e-01 1.517541e-04
3.540000e-01 5.521780e-04
3.550000e-01 -1.097327e-04
3.560000e-01 -9.135650e-04
3.570000e-01 4.844383e-04
3.580000e-01 6.258345e-04
3.590000e-01 -4.777281e-04
3.600000e-01 7.602945e-04
3.610000e-01 9.976270e-04
3.620000e-01 8.924480e-05
3.630000e-01 -5.032340e-04
3.640000e-01 -6.543658e-04
3.650000e-01 -2.374829e-04
3.660000e-01 1.705770e-04
3.670000e-01 -6.749102e-04
3.680000e-01 6.231640e-04
3.690000e-01 5.068350e-05
3.700000e-01 -1.962015e-04
3.710000e-01 2.577701e-03
3.720000e-01 1.994950e-03
3.730000e-01 -1.147511e-03
3.740000e-01 6.313472e-04
3.750000e-01 8.436725e-04
3.760000e-01 9.143720e-04
3.770000e-01 -2.244021e-03
3.780000e-01 -2.448737e-04
3.790000e-01 -2.216155e-04
3.800000e-01 9.124031e-04
3.810000e-01 -4.881180e-04
3.820000e-01 -4.249377e-04
3.830000e-01 1.182672e-03
3.840000e-01 -6.083345e-04
3.850000e-01 9.846215e-04
3.860000e-01 1.175603e-03
3.870000e-01 2.245942e-03
3.880000e-01 -5.737396e-04
3.890000e-01 -1.966930e-03
3.900000e-01 -9.177050e-04
3.910000e-01 8.446730e-04
3.920000e-01 2.493290e-04
3.930000e-01 5.814115e-04
3.940000e-01 1.842749e-03
3.950000e-01 1.129006e-03
3.960000e-01 -1.030045e-04
3.970000e-01 1.623629e-03
3.980000e-01 2.476476e-03
3.990000e-01 3.395901e-03
4.000000e-01 2.808196e-03
4.010000e-01 2.200361e-03
4.020000e-01 4.733663e-03
4.030000e-01 6.084513e-03
4.040000e-01 6.743553e-03
4.050000e-01 8.040025e-03
4.060000e-01 6.393713e-03
4.070000e-01 8.671783e-03
4.080000e-01 1.163982e-02
4.090000e-01 1.089466e-02
4.100000e-01 1.246738e-02
4.110000e-01 1.590773e-02
4.120000e-01 1.843672e-02
4.130000e-01 1.941637e-02
4.140000e-01 1.884241e-02
4.150000e-01 2.145710e-02
4.160000e-01 2.354377e-02
4.170000e-01 2.472251e-02
4.180000e-01 2.631169e-02
4.190000e-01 2.775360e-02
4.200000e-01 3.119021e-02
4.210000e-01 3.404046e-02
4.220000e-01 3.651828e-02
4.230000e-01 3.687970e-02
4.240000e-01 3.973252e-02
4.250000e-01 4.512050e-02
4.260000e-01 4.854390e-02
4.270000e-01 5.259660e-02
4.280000e-01 5.692641e-02
4.290000e-01 6.210597e-02
4.300000e-01 6.797533e-02
4.310000e-01 7.451797e-02
4.320000e-01 8.440611e-02
4.330000e-01 9.767995e-02
4.340000e-01 1.122330e-01
4.350000e-01 1.276426e-01
4.360000e-01 1.411229e-01
4.370000e-01 1.585087e-01
4.380000e-01 1.931222e-01
4.390000e-01 2.202285e-01
4.400000e-01 2.472430e-01
4.410000e-01 2.865232e-01
4.420000e-01 3.101280e-01
4.430000e-01 3.356433e-01
4.440000e-01 3.527660e-01
4.450000e-01 3.716792e-01
4.460000e-01 3.854716e-01
4.470000e-01 3.992397e-01
4.480000e-01 4.150386e-01
4.490000e-01 4.285804e-01
4.500000e-01 4.410600e-01
4.510000e-01 4.486151e-01
4.520000e-01 4.574654e-01
4.530000e-01 4.651468e-01
4.540000e-01 4.781366e-01
4.550000e-01 4.976953e-01
4.560000e-01 5.186262e-01
4.570000e-01 5.362408e-01
4.580000e-01 5.466720e-01
4.590000e-01 5.572459e-01
4.600000e-01 5.674916e-01
4.610000e-01 5.765818e-01
4.620000e-01 5.870313e-01
4.630000e-01 5.982516e-01
4.640000e-01 6.068168e-01
4.650000e-01 6.150439e-01
4.660000e-01 6.254428e-01
4.670000e-01 6.350311e-01
4.680000e-01 6.416267e-01
4.690000e-01 6.502449e-01
4.700000e-01 6.612221e-01
4.710000e-01 6.698246e-01
4.720000e-01 6.772971e-01
4.730000e-01 6.833086e-01
4.740000e-01 6.898024e-01
4.750000e-01 6.960163e-01
4.760000e-01 7.062883e-01
4.770000e-01 7.137951e-01
4.780000e-01 7.198236e-01
4.790000e-01 7.245857e-01
4.800000e-01 7.312011e-01
4.810000e-01 7.414111e-01
4.820000e-01 7.451372e-01
4.830000e-01 7.521119e-01
4.840000e-01 7.579240e-01
4.850000e-01 7.651041e-01
4.860000e-01 7.703568e-01
4.870000e-01 7.767299e-01
4.880000e-01 7.834017e-01
4.890000e-01 7.880488e-01
4.900000e-01 7.929362e-01
4.910000e-01 8.017708e-01
4.920000e-01 8.077046e-01
4.930000e-01 8.119136e-01
4.940000e-01 8.161337e-01
4.950000e-01 8.240974e-01
4.960000e-01 8.274393e-01
4.970000e-01 8.345607e-01
4.980000e-01 8.409122e-01
4.990000e-01 8.472737e-01
5.000000e-01 8.509980e-01
5.010000e-01 8.543917e-01
5.020000e-01 8.593091e-01
5.030000e-01 8.670718e-01
5.040000e-01 8.717866e-01
5.050000e-01 8.756235e-01
5.060000e-01 8.818999e-01
5.070000e-01 8.895930e-01
5.080000e-01 8.939538e-01
5.090000e-01 8.990029e-01
5.100000e-01 9.063022e-01
5.110000e-01 9.121846e-01
5.120000e-01 9.206891e-01
5.130000e-01 9.237109e-01
5.140000e-01 9.288112e-01
5.150000e-01 9.355324e-01
5.160000e-01 9.415675e-01
5.170000e-01 9.460969e-01
5.180000e-01 9.535038e-01
5.190000e-01 9.619482e-01
5.200000e-01 9.668144e-01
5.210000e-01 9.691749e-01
5.220000e-01 9.742064e-01
5.230000e-01 9.816608e-01
5.240000e-01 9.884699e-01
5.250000e-01 9.944223e-01
5.260000e-01 1.002464e+00
5.270000e-01 1.007503e+00
5.280000e-01 1.012589e+00
5.290000e-01 1.019296e+00
5.300000e-01 1.025870e+00
5.310000e-01 1.030033e+00
5.320000e-01 1.034225e+00
5.330000e-01 1.040709e+00
5.340000e-01 1.045343e+00
5.350000e-01 1.051461e+00
5.360000e-01 1.055519e+00
5.370000e-01 1.058459e+00
5.380000e-01 1.061863e+00
5.390000e-01 1.067182e+00
5.400000e-01 1.071601e+00
5.410000e-01 1.075885e+00
5.420000e-01 1.080136e+00
5.430000e-01 1.083441e+00
5.440000e-01 1.087104e+00
5.450000e-01 1.089854e+00
5.460000e-01 1.089896e+00
5.470000e-01 1.094475e+00
5.480000e-01 1.100031e+00
5.490000e-01 1.099192e+00
5.500000e-01 1.101408e+00
5.510000e-01 1.104683e+00
5.520000e-01 1.103318e+00
5.530000e-01 1.105601e+00
5.540000e-01 1.107379e+00
5.550000e-01 1.108621e+00
5.560000e-01 1.109688e+00
5.570000e-01 1.110413e+00
5.580000e-01 1.109303e+00
5.590000e-01 1.113508e+00
5.600000e-01 1.113618e+00
5.610000e-01 1.113014e+00
5.620000e-01 1.115870e+00
5.630000e-01 1.116018e+00
5.640000e-01 1.116762e+00
5.650000e-01 1.120657e+00
5.660000e-01 1.120368e+00
5.670000e-01 1.119930e+00
5.680000e-01 1.121612e+00
5.690000e-01 1.125659e+00
5.700000e-01 1.127786e+00
5.710000e-01 1.125247e+00
5.720000e-01 1.126818e+00
5.730000e-01 1.130486e+00
5.740000e-01 1.129159e+00
5.750000e-01 1.129913e+00
5.760000e-01 1.131462e+00
5.770000e-01 1.130213e+00
5.780000e-01 1.129673e+00
5.790000e-01 1.130814e+00
5.800000e-01 1.130586e+00
5.810000e-01 1.129320e+00
5.820000e-01 1.128073e+00
5.830000e-01 1.129535e+00
5.840000e-01 1.129625e+00
5.850000e-01 1.127988e+00
5.860000e-01 1.127138e+00
5.870000e-01 1.126610e+00
5.880000e-01 1.124034e+00
5.890000e-01 1.125036e+00
5.900000e-01 1.122990e+00
5.910000e-01 1.122285e+00
5.920000e-01 1.121842e+00
5.930000e-01 1.121999e+00
5.940000e-01 1.120657e+00
5.950000e-01 1.118240e+00
5.960000e-01 1.116479e+00
5.970000e-01 1.116432e+00
5.980000e-01 1.113603e+00
5.990000e-01 1.113861e+00
6.000000e-01 1.113538e+00
6.010000e-01 1.113465e+00
6.020000e-01 1.110068e+00
6.030000e-01 1.108684e+00
6.040000e-01 1.108093e+00
6.050000e-01 1.107735e+00
6.060000e-01 1.106814e+00
6.070000e-01 1.105490e+00
6.080000e-01 1.103775e+00
6.090000e-01 1.100470e+00
6.100000e-01 1.098510e+00
6.110000e-01 1.100106e+00
6.120000e-01 1.096990e+00
6.130000e-01 1.094494e+00
6.140000e-01 1.093234e+00
6.150000e-01 1.091260e+00
6.160000e-01 1.088774e+00
6.170000e-01 1.087085e+00
6.180000e-01 1.084604e+00
6.190000e-01 1.083360e+00
6.200000e-01 1.080634e+00
6.210000e-01 1.078772e+00
6.220000e-01 1.074566e+00
6.230000e-01 1.071945e+00
6.240000e-01 1.071224e+00
6.250000e-01 1.068506e+00
6.260000e-01 1.066205e+00
6.270000e-01 1.061760e+00
6.280000e-01 1.060543e+00
6.290000e-01 1.057341e+00
6.300000e-01 1.054965e+00
6.310000e-01 1.050018e+00
6.320000e-01 1.047704e+00
6.330000e-01 1.046032e+00
6.340000e-01 1.041896e+00
6.350000e-01 1.039123e+00
6.360000e-01 1.034545e+00
6.370000e-01 1.033239e+00
6.380000e-01 1.031492e+00
6.390000e-01 1.027425e+00
6.400000e-01 1.021848e+00
6.410000e-01 1.017056e+00
6.420000e-01 1.015969e+00
6.430000e-01 1.011552e+00
6.440000e-01 1.007113e+00
6.450000e-01 1.005303e+00
6.460000e-01 1.002714e+00
6.470000e-01 9.984370e-01
6.480000e-01 9.938845e-01
6.490000e-01 9.903183e-01
6.500000e-01 9.855590e-01
6.510000e-01 9.816275e-01
6.520000e-01 9.797370e-01
6.530000e-01 9.746726e-01
6.540000e-01 9.710067e-01
6.550000e-01 9.663950e-01
6.560000e-01 9.637704e-01
6.570000e-01 9.586649e-01
6.580000e-01 9.553025e-01
6.590000e-01 9.512891e-01
6.600000e-01 9.459847e-01
6.610000e-01 9.439860e-01
6.620000e-01 9.388588e-01
6.630000e-01 9.365765e-01
6.640000e-01 9.319353e-01
6.650000e-01 9.289363e-01
6.660000e-01 9.259895e-01
6.670000e-01 9.208259e-01
6.680000e-01 9.195691e-01
6.690000e-01 9.147088e-01
6.700000e-01 9.117058e-01
6.710000e-01 9.063354e-01
6.720000e-01 9.039131e-01
6.730000e-01 9.008962e-01
6.740000e-01 8.978580e-01
6.750000e-01 8.922610e-01
6.760000e-01 8.885214e-01
6.770000e-01 8.864161e-01
6.780000e-01 8.813690e-01
6.790000e-01 8.803673e-01
6.800000e-01 8.758145e-01
6.810000e-01 8.715682e-01
6.820000e-01 8.666505e-01
6.830000e-01 8.627141e-01
6.840000e-01 8.585010e-01
6.850000e-01 8.558784e-01
6.860000e-01 8.526349e-01
6.870000e-01 8.467418e-01
6.880000e-01 8.455082e-01
6.890000e-01 8.396474e-01
6.900000e-01 8.332618e-01
6.910000e-01 8.309879e-01
6.920000e-01 8.286341e-01
6.930000e-01 8.231852e-01
6.940000e-01 8.183690e-01
6.950000e-01 8.142048e-01
6.960000e-01 8.105279e-01
6.970000e-01 8.059668e-01
6.980000e-01 8.026631e-01
6.990000e-01 7.954527e-01
7.000000e-01 7.930151e-01
7.010000e-01 7.888562e-01
7.020000e-01 7.841707e-01
7.030000e-01 7.815272e-01
7.040000e-01 7.756426e-01
7.050000e-01 7.706545e-01
7.060000e-01 7.667024e-01
7.070000e-01 7.619514e-01
7.080000e-01 7.598786e-01
7.090000e-01 7.544833e-01
7.100000e-01 7.493618e-01
7.110000e-01 7.456957e-01
7.120000e-01 7.403281e-01
7.130000e-01 7.362332e-01
7.140000e-01 7.328005e-01
7.150000e-01 7.241816e-01
7.160000e-01 7.211243e-01
7.170000e-01 7.180664e-01
7.180000e-01 7.119553e-01
7.190000e-01 7.070692e-01
7.200000e-01 7.037102e-01
7.210000e-01 6.998013e-01
7.220000e-01 6.950083e-01
7.230000e-01 6.909946e-01
7.240000e-01 6.842969e-01
7.250000e-01 6.791439e-01
7.260000e-01 6.781362e-01
7.270000e-01 6.724869e-01
7.280000e-01 6.699780e-01
7.290000e-01 6.653729e-01
7.300000e-01 6.598935e-01
7.310000e-01 6.573515e-01
7.320000e-01 6.513950e-01
7.330000e-01 6.469603e-01
7.340000e-01 6.463048e-01
7.350000e-01 6.392227e-01
7.360000e-01 6.358924e-01
7.370000e-01 6.317658e-01
7.380000e-01 6.269445e-01
7.390000e-01 6.224840e-01
7.400000e-01 6.188594e-01
7.410000e-01 6.129250e-01
7.420000e-01 6.105142e-01
7.430000e-01 6.062251e-01
7.440000e-01 6.016538e-01
7.450000e-01 5.987936e-01
7.460000e-01 5.938422e-01
7.470000e-01 5.901589e-01
7.480000e-01 5.868223e-01
7.490000e-01 5.808305e-01
7.500000e-01 5.761535e-01
7.510000e-01 5.719525e-01
7.520000e-01 5.691544e-01
7.530000e-01 5.635286e-01
7.540000e-01 5.600663e-01
7.550000e-01 5.558435e-01
7.560000e-01 5.498698e-01
7.570000e-01 5.483265e-01
7.580000e-01 5.442300e-01
7.590000e-01 5.370265e-01
7.600000e-01 5.324216e-01
7.610000e-01 5.317882e-01
7.620000e-01 5.281270e-01
7.630000e-01 5.191015e-01
7.640000e-01 5.179428e-01
7.650000e-01 5.152125e-01
7.660000e-01 5.096128e-01
7.670000e-01 5.051323e-01
7.680000e-01 5.005683e-01
7.690000e-01 4.974340e-01
7.700000e-01 4.903528e-01
7.710000e-01 4.888480e-01
7.720000e-01 4.845360e-01
7.730000e-01 4.804858e-01
7.740000e-01 4.744980e-01
7.750000e-01 4.686782e-01
7.760000e-01 4.651681e-01
7.770000e-01 4.616149e-01
7.780000e-01 4.593265e-01
7.790000e-01 4.548250e-01
7.800000e-01 4.474928e-01
7.810000e-01 4.445062e-01
7.820000e-01 4.423766e-01
7.830000e-01 4.378875e-01
7.840000e-01 4.353193e-01
7.850000e-01 4.301349e-01
7.860000e-01 4.250669e-01
7.870000e-01 4.223440e-01
7.880000e-01 4.215204e-01
7.890000e-01 4.156098e-01
7.900000e-01 4.084456e-01
7.910000e-01 4.068796e-01
7.920000e-01 4.048068e-01
7.930000e-01 4.013414e-01
7.940000e-01 3.963592e-01
7.950000e-01 3.943378e-01
7.960000e-01 3.931151e-01
7.970000e-01 3.887275e-01
7.980000e-01 3.814809e-01
7.990000e-01 3.779758e-01
8.000000e-01 3.778364e-01
8.010000e-01 3.749659e-01
8.020000e-01 3.704340e-01
8.030000e-01 3.685740e-01
8.040000e-01 3.644405e-01
8.050000e-01 3.582203e-01
8.060000e-01 3.585649e-01
8.070000e-01 3.571344e-01
8.080000e-01 3.517731e-01
8.090000e-01 3.485178e-01
8.100000e-01 3.467025e-01
8.110000e-01 3.428670e-01
8.120000e-01 3.360718e-01
8.130000e-01 3.357918e-01
8.140000e-01 3.324345e-01
8.150000e-01 3.292131e-01
8.160000e-01 3.282975e-01
8.170000e-01 3.209713e-01
8.180000e-01 3.216047e-01
8.190000e-01 3.140104e-01
8.200000e-01 3.148326e-01
8.210000e-01 3.093268e-01
8.220000e-01 3.109926e-01
8.230000e-01 3.042128e-01
8.240000e-01 3.060951e-01
8.250000e-01 3.001959e-01
8.260000e-01 2.966288e-01
8.270000e-01 2.923924e-01
8.280000e-01 2.947753e-01
8.290000e-01 2.919492e-01
8.300000e-01 2.917420e-01
8.310000e-01 2.875789e-01
8.320000e-01 2.827192e-01
8.330000e-01 2.893117e-01
8.340000e-01 2.834033e-01
8.350000e-01 2.884726e-01
8.360000e-01 2.863214e-01
8.370000e-01 2.930808e-01
8.380000e-01 2.832176e-01
8.390000e-01 2.885517e-01
8.400000e-01 2.834117e-01
8.410000e-01 2.820583e-01
8.420000e-01 2.856155e-01
8.430000e-01 2.839366e-01
8.440000e-01 2.859448e-01
8.450000e-01 2.807117e-01
8.460000e-01 2.862261e-01
8.470000e-01 2.751102e-01
8.480000e-01 2.813701e-01
8.490000e-01 2.782920e-01
8.500000e-01 2.818188e-01
8.510000e-01 2.775477e-01
8.520000e-01 2.745962e-01
8.530000e-01 2.807728e-01
8.540000e-01 2.712082e-01
8.550000e-01 2.777188e-01
8.560000e-01 2.702641e-01
8.570000e-01 2.744069e-01
8.580000e-01 2.678428e-01
8.590000e-01 2.712694e-01
8.600000e-01 2.702258e-01
8.610000e-01 2.664767e-01
8.620000e-01 2.690935e-01
8.630000e-01 2.645585e-01
8.640000e-01 2.695250e-01
8.650000e-01 2.654169e-01
8.660000e-01 2.667851e-01
8.670000e-01 2.617352e-01
8.680000e-01 2.606233e-01
8.690000e-01 2.615907e-01
8.700000e-01 2.594925e-01
8.710000e-01 2.642024e-01
8.720000e-01 2.596397e-01
8.730000e-01 2.590348e-01
8.740000e-01 2.552791e-01
8.750000e-01 2.565893e-01
8.760000e-01 2.615540e-01
8.770000e-01 2.513067e-01
8.780000e-01 2.551461e-01
8.790000e-01 2.495941e-01
8.800000e-01 2.541104e-01
8.810000e-01 2.525003e-01
8.820000e-01 2.494886e-01
8.830000e-01 2.547044e-01
8.840000e-01 2.475989e-01
8.850000e-01 2.491355e-01
8.860000e-01 2.461582e-01
8.870000e-01 2.477142e-01
8.880000e-01 2.512219e-01
8.890000e-01 2.411335e-01
8.900000e-01 2.454425e-01
8.910000e-01 2.441663e-01
8.920000e-01 2.368511e-01
8.930000e-01 2.445068e-01
8.940000e-01 2.362520e-01
8.950000e-01 2.369947e-01
8.960000e-01 2.427118e-01
8.970000e-01 2.378045e-01
8.980000e-01 2.420202e-01
8.990000e-01 2.346397e-01
9.000000e-01 2.347408e-01
9.010000e-01 2.364891e-01
9.020000e-01 2.313846e-01
9.030000e-01 2.297206e-01
9.040000e-01 2.341970e-01
9.050000e-01 2.299787e-01
9.060000e-01 2.281874e-01
9.070000e-01 2.287861e-01
9.080000e-01 2.233112e-01
9.090000e-01 2.286278e-01
9.100000e-01 2.245530e-01
9.110000e-01 2.242992e-01
9.120000e-01 2.244810e-01
9.130000e-01 2.193418e-01
9.140000e-01 2.223980e-01
9.150000e-01 2.205992e-01
9.160000e-01 2.163477e-01
9.170000e-01 2.168886e-01
9.180000e-01 2.123392e-01
9.190000e-01 2.146278e-01
9.200000e-01 2.167658e-01
9.210000e-01 2.126751e-01
9.220000e-01 2.126771e-01
9.230000e-01 2.101704e-01
9.240000e-01 2.086252e-01
9.250000e-01 2.100060e-01
9.260000e-01 2.033526e-01
9.270000e-01 2.048432e-01
9.280000e-01 2.051637e-01
9.290000e-01 1.974287e-01
9.300000e-01 2.041302e-01
9.310000e-01 2.018570e-01
9.320000e-01 1.926761e-01
9.330000e-01 1.984143e-01
9.340000e-01 1.976619e-01
