1.000000e-01 0.000000e+00
1.002000e-01 1.970950e-08
1.004000e-01 4.037590e-08
1.006000e-01 6.201450e-08
1.008000e-01 8.463977e-08
1.010000e-01 1.082653e-07
1.012000e-01 1.329039e-07
1.014000e-01 1.585674e-07
1.016000e-01 1.852669e-07
1.018000e-01 2.130127e-07
1.020000e-01 2.418140e-07
1.022000e-01 2.716793e-07
1.024000e-01 3.026164e-07
1.026000e-01 3.346320e-07
1.028000e-01 3.677321e-07
1.030000e-01 4.019218e-07
1.032000e-01 4.372053e-07
1.034000e-01 4.735860e-07
1.036000e-01 5.110666e-07
1.038000e-01 5.442696e-07
1.040000e-01 5.780391e-07
1.042000e-01 6.123444e-07
1.044000e-01 6.471550e-07
1.046000e-01 6.824402e-07
1.048000e-01 7.181694e-07
1.050000e-01 7.543120e-07
1.052000e-01 7.908374e-07
1.054000e-01 8.277149e-07
1.056000e-01 8.649139e-07
1.058000e-01 9.024038e-07
1.060000e-01 9.401540e-07
1.062000e-01 9.781338e-07
1.064000e-01 1.016313e-06
1.066000e-01 1.054660e-06
1.068000e-01 1.093145e-06
1.070000e-01 1.131737e-06
1.072000e-01 1.170406e-06
1.074000e-01 1.209121e-06
1.076000e-01 1.247981e-06
1.078000e-01 1.286971e-06
1.080000e-01 1.326077e-06
1.082000e-01 1.365285e-06
1.084000e-01 1.404583e-06
1.086000e-01 1.443957e-06
1.088000e-01 1.483399e-06
1.090000e-01 1.522896e-06
1.092000e-01 1.562440e-06
1.094000e-01 1.602022e-06
1.096000e-01 1.641635e-06
1.098000e-01 1.681272e-06
1.100000e-01 1.720927e-06
1.102000e-01 1.760594e-06
1.104000e-01 1.800270e-06
1.106000e-01 1.839951e-06
1.108000e-01 1.879634e-06
1.110000e-01 1.919319e-06
1.112000e-01 1.959003e-06
1.114000e-01 1.998687e-06
1.116000e-01 2.038372e-06
1.118000e-01 2.078056e-06
1.120000e-01 2.117741e-06
1.122000e-01 2.157425e-06
1.124000e-01 2.197109e-06
1.126000e-01 2.236794e-06
1.128000e-01 2.276478e-06
1.130000e-01 2.316162e-06
1.132000e-01 2.355847e-06
1.134000e-01 2.395531e-06
1.136000e-01 2.435216e-06
1.138000e-01 2.474900e-06
1.140000e-01 2.514584e-06
1.142000e-01 2.554269e-06
1.144000e-01 2.593953e-06
1.146000e-01 2.633638e-06
1.148000e-01 2.673322e-06
1.150000e-01 2.713006e-06
1.152000e-01 2.752691e-06
1.154000e-01 2.792375e-06
1.156000e-01 2.832059e-06
1.158000e-01 2.871744e-06
1.160000e-01 2.911428e-06
1.162000e-01 2.951113e-06
1.164000e-01 2.990797e-06
1.166000e-01 3.030481e-06
1.168000e-01 3.070166e-06
1.170000e-01 3.109850e-06
1.172000e-01 3.149535e-06
1.174000e-01 3.189219e-06
1.176000e-01 3.228903e-06
1.178000e-01 3.268588e-06
1.180000e-01 3.308272e-06
1.182000e-01 3.347956e-06
1.184000e-01 3.387641e-06
1.186000e-01 3.427325e-06
1.188000e-01 3.467010e-06
1.190000e-01 3.506694e-06
1.192000e-01 3.546378e-06
1.194000e-01 3.586063e-06
1.196000e-01 3.625747e-06
1.198000e-01 3.665432e-06
1.200000e-01 3.705116e-06
1.202000e-01 3.744800e-06
1.204000e-01 3.784485e-06
1.206000e-01 3.824169e-06
1.208000e-01 3.863853e-06
1.210000e-01 3.903538e-06
1.212000e-01 3.943222e-06
1.214000e-01 3.982907e-06
1.216000e-01 4.022591e-06
1.218000e-01 4.062275e-06
1.220000e-01 4.101960e-06
1.222000e-01 4.141644e-06
1.224000e-01 4.181329e-06
1.226000e-01 4.221013e-06
1.228000e-01 4.260697e-06
1.230000e-01 4.300382e-06
1.232000e-01 4.340066e-06
1.234000e-01 4.379750e-06
1.236000e-01 4.419435e-06
1.238000e-01 4.459119e-06
1.240000e-01 4.498804e-06
1.242000e-01 4.538488e-06
1.244000e-01 4.578172e-06
1.246000e-01 4.617857e-06
1.248000e-01 4.657541e-06
1.250000e-01 4.697225e-06
1.252000e-01 4.736910e-06
1.254000e-01 4.776594e-06
1.256000e-01 4.816279e-06
1.258000e-01 4.855963e-06
1.260000e-01 4.895647e-06
1.262000e-01 4.935332e-06
1.264000e-01 4.975016e-06
1.266000e-01 5.014701e-06
1.268000e-01 5.054385e-06
1.270000e-01 5.094069e-06
1.272000e-01 5.133754e-06
1.274000e-01 5.173438e-06
1.276000e-01 5.213122e-06
1.278000e-01 5.252807e-06
1.280000e-01 5.292491e-06
1.282000e-01 5.332176e-06
1.284000e-01 5.371860e-06
1.286000e-01 5.411544e-06
1.288000e-01 5.451229e-06
1.290000e-01 5.490913e-06
1.292000e-01 5.530598e-06
1.294000e-01 5.570282e-06
1.296000e-01 5.609966e-06
1.298000e-01 5.649651e-06
1.300000e-01 5.689335e-06
1.302000e-01 5.729019e-06
1.304000e-01 5.768704e-06
1.306000e-01 5.808388e-06
1.308000e-01 5.848073e-06
1.310000e-01 5.887757e-06
1.312000e-01 5.927441e-06
1.314000e-01 5.967126e-06
1.316000e-01 6.006810e-06
1.318000e-01 6.046495e-06
1.320000e-01 6.086179e-06
1.322000e-01 6.125863e-06
1.324000e-01 6.165548e-06
1.326000e-01 6.205232e-06
1.328000e-01 6.244916e-06
1.330000e-01 6.284601e-06
1.332000e-01 6.324285e-06
1.334000e-01 6.363970e-06
1.336000e-01 6.403654e-06
1.338000e-01 6.443338e-06
1.340000e-01 6.483023e-06
1.342000e-01 6.522707e-06
1.344000e-01 6.562392e-06
1.346000e-01 6.602076e-06
1.348000e-01 6.641760e-06
1.350000e-01 6.681445e-06
1.352000e-01 6.721129e-06
1.354000e-01 6.760813e-06
1.356000e-01 6.800498e-06
1.358000e-01 6.840182e-06
1.360000e-01 6.879867e-06
1.362000e-01 6.919551e-06
1.364000e-01 6.959235e-06
1.366000e-01 6.998920e-06
1.368000e-01 7.038604e-06
1.370000e-01 7.078288e-06
1.372000e-01 7.117973e-06
1.374000e-01 7.157657e-06
1.376000e-01 7.197342e-06
1.378000e-01 7.237026e-06
1.380000e-01 7.276710e-06
1.382000e-01 7.316395e-06
1.384000e-01 7.356079e-06
1.386000e-01 7.395764e-06
1.388000e-01 7.435448e-06
1.390000e-01 7.475132e-06
1.392000e-01 7.514817e-06
1.394000e-01 7.554501e-06
1.396000e-01 7.594185e-06
1.398000e-01 7.633870e-06
1.400000e-01 7.673554e-06
1.402000e-01 7.713239e-06
1.404000e-01 7.752923e-06
1.406000e-01 7.792607e-06
1.408000e-01 7.832292e-06
1.410000e-01 7.871976e-06
1.412000e-01 7.911661e-06
1.414000e-01 7.951345e-06
1.416000e-01 7.991029e-06
1.418000e-01 8.030714e-06
1.420000e-01 8.070398e-06
1.422000e-01 8.110082e-06
1.424000e-01 8.149767e-06
1.426000e-01 8.189451e-06
1.428000e-01 8.229136e-06
1.430000e-01 8.268820e-06
1.432000e-01 8.308504e-06
1.434000e-01 8.348189e-06
1.436000e-01 8.387873e-06
1.438000e-01 8.427558e-06
1.440000e-01 8.467242e-06
1.442000e-01 8.506926e-06
1.444000e-01 8.546611e-06
1.446000e-01 8.586295e-06
1.448000e-01 8.625979e-06
1.450000e-01 8.665664e-06
1.452000e-01 8.705348e-06
1.454000e-01 8.745033e-06
1.456000e-01 8.784717e-06
1.458000e-01 8.824401e-06
1.460000e-01 8.864086e-06
1.462000e-01 8.903770e-06
1.464000e-01 8.943455e-06
1.466000e-01 8.983139e-06
1.468000e-01 9.022823e-06
1.470000e-01 9.062508e-06
1.472000e-01 9.102192e-06
1.474000e-01 9.141876e-06
1.476000e-01 9.181561e-06
1.478000e-01 9.221245e-06
1.480000e-01 9.260930e-06
1.482000e-01 9.300614e-06
1.484000e-01 9.340298e-06
1.486000e-01 9.379983e-06
1.488000e-01 9.419667e-06
1.490000e-01 9.459351e-06
1.492000e-01 9.499036e-06
1.494000e-01 9.538720e-06
1.496000e-01 9.578405e-06
1.498000e-01 9.618089e-06
1.500000e-01 9.657773e-06
1.502000e-01 9.697458e-06
1.504000e-01 9.737142e-06
1.506000e-01 9.776827e-06
1.508000e-01 9.816511e-06
1.510000e-01 9.856195e-06
1.512000e-01 9.895880e-06
1.514000e-01 9.935564e-06
1.516000e-01 9.975248e-06
1.518000e-01 1.001493e-05
1.520000e-01 1.005462e-05
1.522000e-01 1.009430e-05
1.524000e-01 1.013399e-05
1.526000e-01 1.017367e-05
1.528000e-01 1.021335e-05
1.530000e-01 1.025304e-05
1.532000e-01 1.029272e-05
1.534000e-01 1.033241e-05
1.536000e-01 1.037209e-05
1.538000e-01 1.041178e-05
1.540000e-01 1.045146e-05
1.542000e-01 1.049115e-05
1.544000e-01 1.053083e-05
1.546000e-01 1.057051e-05
1.548000e-01 1.061020e-05
1.550000e-01 1.064988e-05
1.552000e-01 1.068957e-05
1.554000e-01 1.072925e-05
1.556000e-01 1.076894e-05
1.558000e-01 1.080862e-05
1.560000e-01 1.084830e-05
1.562000e-01 1.088799e-05
1.564000e-01 1.092767e-05
1.566000e-01 1.096736e-05
1.568000e-01 1.100704e-05
1.570000e-01 1.104673e-05
1.572000e-01 1.108641e-05
1.574000e-01 1.112610e-05
1.576000e-01 1.116578e-05
1.578000e-01 1.120546e-05
1.580000e-01 1.124515e-05
1.582000e-01 1.128483e-05
1.584000e-01 1.132452e-05
1.586000e-01 1.136420e-05
1.588000e-01 1.140389e-05
1.590000e-01 1.144357e-05
1.592000e-01 1.148326e-05
1.594000e-01 1.152294e-05
1.596000e-01 1.156262e-05
1.598000e-01 1.160231e-05
1.600000e-01 1.164199e-05
1.602000e-01 1.168168e-05
1.604000e-01 1.172136e-05
1.606000e-01 1.176105e-05
1.608000e-01 1.180073e-05
1.610000e-01 1.184041e-05
1.612000e-01 1.188010e-05
1.614000e-01 1.191978e-05
1.616000e-01 1.195947e-05
1.618000e-01 1.199915e-05
1.620000e-01 1.203884e-05
1.622000e-01 1.207852e-05
1.624000e-01 1.211821e-05
1.626000e-01 1.215789e-05
1.628000e-01 1.219757e-05
1.630000e-01 1.223726e-05
1.632000e-01 1.227694e-05
1.634000e-01 1.231663e-05
1.636000e-01 1.235631e-05
1.638000e-01 1.239600e-05
1.640000e-01 1.243568e-05
1.642000e-01 1.247536e-05
1.644000e-01 1.251505e-05
1.646000e-01 1.255473e-05
1.648000e-01 1.259442e-05
1.650000e-01 1.263410e-05
1.652000e-01 1.267379e-05
1.654000e-01 1.271347e-05
1.656000e-01 1.275316e-05
1.658000e-01 1.279284e-05
1.660000e-01 1.283252e-05
1.662000e-01 1.287221e-05
1.664000e-01 1.291189e-05
1.666000e-01 1.295158e-05
1.668000e-01 1.299126e-05
1.670000e-01 1.303095e-05
1.672000e-01 1.307063e-05
1.674000e-01 1.311031e-05
1.676000e-01 1.315000e-05
1.678000e-01 1.318968e-05
1.680000e-01 1.322937e-05
1.682000e-01 1.326905e-05
1.684000e-01 1.330874e-05
1.686000e-01 1.334842e-05
1.688000e-01 1.338811e-05
1.690000e-01 1.342779e-05
1.692000e-01 1.346747e-05
1.694000e-01 1.350716e-05
1.696000e-01 1.354684e-05
1.698000e-01 1.358653e-05
1.700000e-01 1.362621e-05
1.702000e-01 1.366590e-05
1.704000e-01 1.370558e-05
1.706000e-01 1.374526e-05
1.708000e-01 1.378495e-05
1.710000e-01 1.382463e-05
1.712000e-01 1.386432e-05
1.714000e-01 1.390400e-05
1.716000e-01 1.394369e-05
1.718000e-01 1.398337e-05
1.720000e-01 1.402306e-05
1.722000e-01 1.406274e-05
1.724000e-01 1.410242e-05
1.726000e-01 1.414211e-05
1.728000e-01 1.418179e-05
1.730000e-01 1.422148e-05
1.732000e-01 1.426116e-05
1.734000e-01 1.430085e-05
1.736000e-01 1.434053e-05
1.738000e-01 1.438022e-05
1.740000e-01 1.441990e-05
1.742000e-01 1.445958e-05
1.744000e-01 1.449927e-05
1.746000e-01 1.453895e-05
1.748000e-01 1.457864e-05
1.750000e-01 1.461832e-05
1.752000e-01 1.465801e-05
1.754000e-01 1.469769e-05
1.756000e-01 1.473737e-05
1.758000e-01 1.477706e-05
1.760000e-01 1.481674e-05
1.762000e-01 1.485643e-05
1.764000e-01 1.489611e-05
1.766000e-01 1.493580e-05
1.768000e-01 1.497548e-05
1.770000e-01 1.501517e-05
1.772000e-01 1.505485e-05
1.774000e-01 1.509453e-05
1.776000e-01 1.513422e-05
1.778000e-01 1.517390e-05
1.780000e-01 1.521359e-05
1.782000e-01 1.525327e-05
1.784000e-01 1.529296e-05
1.786000e-01 1.533264e-05
1.788000e-01 1.537232e-05
1.790000e-01 1.541201e-05
1.792000e-01 1.545169e-05
1.794000e-01 1.549138e-05
1.796000e-01 1.553106e-05
1.798000e-01 1.557075e-05
1.800000e-01 1.561043e-05
1.802000e-01 1.565012e-05
1.804000e-01 1.568980e-05
1.806000e-01 1.572948e-05
1.808000e-01 1.576917e-05
1.810000e-01 1.580885e-05
1.812000e-01 1.584854e-05
1.814000e-01 1.588822e-05
1.816000e-01 1.592791e-05
1.818000e-01 1.596759e-05
1.820000e-01 1.600727e-05
1.822000e-01 1.604696e-05
1.824000e-01 1.608664e-05
1.826000e-01 1.612633e-05
1.828000e-01 1.616601e-05
1.830000e-01 1.620570e-05
1.832000e-01 1.624538e-05
1.834000e-01 1.628507e-05
1.836000e-01 1.632475e-05
1.838000e-01 1.636443e-05
1.840000e-01 1.640412e-05
1.842000e-01 1.644380e-05
1.844000e-01 1.648349e-05
1.846000e-01 1.652317e-05
1.848000e-01 1.656286e-05
1.850000e-01 1.660254e-05
1.852000e-01 1.664222e-05
1.854000e-01 1.668191e-05
1.856000e-01 1.672159e-05
1.858000e-01 1.676128e-05
1.860000e-01 1.680096e-05
1.862000e-01 1.684065e-05
1.864000e-01 1.688033e-05
1.866000e-01 1.692002e-05
1.868000e-01 1.695970e-05
1.870000e-01 1.699938e-05
1.872000e-01 1.703907e-05
1.874000e-01 1.707875e-05
1.876000e-01 1.711844e-05
1.878000e-01 1.715812e-05
1.880000e-01 1.719781e-05
1.882000e-01 1.723749e-05
1.884000e-01 1.727718e-05
1.886000e-01 1.731686e-05
1.888000e-01 1.735654e-05
1.890000e-01 1.739623e-05
1.892000e-01 1.743591e-05
1.894000e-01 1.747560e-05
1.896000e-01 1.751528e-05
1.898000e-01 1.755497e-05
1.900000e-01 1.759468e-05
1.902000e-01 1.763447e-05
1.904000e-01 1.767443e-05
1.906000e-01 1.771465e-05
1.908000e-01 1.775529e-05
1.910000e-01 1.779650e-05
1.912000e-01 1.783846e-05
1.914000e-01 1.788141e-05
1.916000e-01 1.792558e-05
1.918000e-01 1.797124e-05
1.920000e-01 1.801870e-05
1.922000e-01 1.806828e-05
1.924000e-01 1.812033e-05
1.926000e-01 1.817524e-05
1.928000e-01 1.823340e-05
1.930000e-01 1.829527e-05
1.932000e-01 1.836129e-05
1.934000e-01 1.843196e-05
1.936000e-01 1.850780e-05
1.938000e-01 1.858934e-05
1.940000e-01 1.867716e-05
1.942000e-01 1.877186e-05
1.944000e-01 1.887406e-05
1.946000e-01 1.898442e-05
1.948000e-01 1.910360e-05
1.950000e-01 1.923233e-05
1.952000e-01 1.937134e-05
1.954000e-01 1.952138e-05
1.956000e-01 1.968324e-05
1.958000e-01 1.985774e-05
1.960000e-01 2.004575e-05
1.962000e-01 2.024821e-05
1.964000e-01 2.046610e-05
1.966000e-01 2.070047e-05
1.968000e-01 2.095242e-05
1.970000e-01 2.122312e-05
1.972000e-01 2.151371e-05
1.974000e-01 2.182529e-05
1.976000e-01 2.215897e-05
1.978000e-01 2.251581e-05
1.980000e-01 2.289685e-05
1.982000e-01 2.330311e-05
1.984000e-01 2.373560e-05
1.986000e-01 2.419528e-05
1.988000e-01 2.468310e-05
1.990000e-01 2.519999e-05
1.992000e-01 2.574685e-05
1.994000e-01 2.632456e-05
1.996000e-01 2.693397e-05
1.998000e-01 2.757592e-05
2.000000e-01 2.825121e-05
2.002000e-01 2.896062e-05
2.004000e-01 2.970492e-05
2.006000e-01 3.048483e-05
2.008000e-01 3.130108e-05
2.010000e-01 3.215435e-05
2.012000e-01 3.304530e-05
2.014000e-01 3.397459e-05
2.016000e-01 3.494282e-05
2.018000e-01 3.595062e-05
2.020000e-01 3.699867e-05
2.022000e-01 3.808762e-05
2.024000e-01 3.921816e-05
2.026000e-01 4.039102e-05
2.028000e-01 4.160690e-05
2.030000e-01 4.286657e-05
2.032000e-01 4.417069e-05
2.034000e-01 4.551985e-05
2.036000e-01 4.691459e-05
2.038000e-01 4.835534e-05
2.040000e-01 4.984250e-05
2.042000e-01 5.137636e-05
2.044000e-01 5.295723e-05
2.046000e-01 5.458543e-05
2.048000e-01 5.626129e-05
2.050000e-01 5.798514e-05
2.052000e-01 5.975732e-05
2.054000e-01 6.157818e-05
2.056000e-01 6.344808e-05
2.058000e-01 6.536738e-05
2.060000e-01 6.733647e-05
2.062000e-01 6.935571e-05
2.064000e-01 7.142549e-05
2.066000e-01 7.354622e-05
2.068000e-01 7.571829e-05
2.070000e-01 7.794212e-05
2.072000e-01 8.021813e-05
2.074000e-01 8.254675e-05
2.076000e-01 8.492840e-05
2.078000e-01 8.736360e-05
2.080000e-01 8.985294e-05
2.082000e-01 9.239705e-05
2.084000e-01 9.499667e-05
2.086000e-01 9.765260e-05
2.088000e-01 1.003657e-04
2.090000e-01 1.031368e-04
2.092000e-01 1.059667e-04
2.094000e-01 1.088560e-04
2.096000e-01 1.118055e-04
2.098000e-01 1.148157e-04
2.100000e-01 1.178872e-04
2.102000e-01 1.210205e-04
2.104000e-01 1.242161e-04
2.106000e-01 1.274746e-04
2.108000e-01 1.307967e-04
2.110000e-01 1.341829e-04
2.112000e-01 1.376340e-04
2.114000e-01 1.411507e-04
2.116000e-01 1.447338e-04
2.118000e-01 1.483840e-04
2.120000e-01 1.521020e-04
2.122000e-01 1.558887e-04
2.124000e-01 1.597449e-04
2.126000e-01 1.636713e-04
2.128000e-01 1.676687e-04
2.130000e-01 1.717381e-04
2.132000e-01 1.758802e-04
2.134000e-01 1.800959e-04
2.136000e-01 1.843861e-04
2.138000e-01 1.887520e-04
2.140000e-01 1.931948e-04
2.142000e-01 1.977159e-04
2.144000e-01 2.023168e-04
2.146000e-01 2.069991e-04
2.148000e-01 2.117646e-04
2.150000e-01 2.166150e-04
2.152000e-01 2.215519e-04
2.154000e-01 2.265769e-04
2.156000e-01 2.316916e-04
2.158000e-01 2.368972e-04
2.160000e-01 2.421953e-04
2.162000e-01 2.475873e-04
2.164000e-01 2.530746e-04
2.166000e-01 2.586588e-04
2.168000e-01 2.643417e-04
2.170000e-01 2.701247e-04
2.172000e-01 2.760098e-04
2.174000e-01 2.819986e-04
2.176000e-01 2.880931e-04
2.178000e-01 2.942951e-04
2.180000e-01 3.006066e-04
2.182000e-01 3.070294e-04
2.184000e-01 3.135655e-04
2.186000e-01 3.202169e-04
2.188000e-01 3.269857e-04
2.190000e-01 3.338739e-04
2.192000e-01 3.408836e-04
2.194000e-01 3.480169e-04
2.196000e-01 3.552761e-04
2.198000e-01 3.626636e-04
2.200000e-01 3.701822e-04
2.202000e-01 3.778345e-04
2.204000e-01 3.856236e-04
2.206000e-01 3.935526e-04
2.208000e-01 4.016244e-04
2.210000e-01 4.098419e-04
2.212000e-01 4.182075e-04
2.214000e-01 4.267238e-04
2.216000e-01 4.353928e-04
2.218000e-01 4.442167e-04
2.220000e-01 4.531972e-04
2.222000e-01 4.623361e-04
2.224000e-01 4.716354e-04
2.226000e-01 4.810969e-04
2.228000e-01 4.907224e-04
2.230000e-01 5.005139e-04
2.232000e-01 5.104731e-04
2.234000e-01 5.206020e-04
2.236000e-01 5.309024e-04
2.238000e-01 5.413760e-04
2.240000e-01 5.520245e-04
2.242000e-01 5.628498e-04
2.244000e-01 5.738534e-04
2.246000e-01 5.850370e-04
2.248000e-01 5.964022e-04
2.250000e-01 6.079506e-04
2.252000e-01 6.196837e-04
2.254000e-01 6.316033e-04
2.256000e-01 6.437112e-04
2.258000e-01 6.560096e-04
2.260000e-01 6.685006e-04
2.262000e-01 6.811868e-04
2.264000e-01 6.940708e-04
2.266000e-01 7.071554e-04
2.268000e-01 7.204431e-04
2.270000e-01 7.339363e-04
2.272000e-01 7.476371e-04
2.274000e-01 7.615474e-04
2.276000e-01 7.756688e-04
2.278000e-01 7.900028e-04
2.280000e-01 8.045507e-04
2.282000e-01 8.193143e-04
2.284000e-01 8.342954e-04
2.286000e-01 8.494958e-04
2.288000e-01 8.649175e-04
2.290000e-01 8.805627e-04
2.292000e-01 8.964336e-04
2.294000e-01 9.125325e-04
2.296000e-01 9.288618e-04
2.298000e-01 9.454238e-04
2.300000e-01 9.622212e-04
2.302000e-01 9.792564e-04
2.304000e-01 9.965320e-04
2.306000e-01 1.014051e-03
2.308000e-01 1.031815e-03
2.310000e-01 1.049828e-03
2.312000e-01 1.068092e-03
2.314000e-01 1.086612e-03
2.316000e-01 1.105390e-03
2.318000e-01 1.124432e-03
2.320000e-01 1.143740e-03
2.322000e-01 1.163321e-03
2.324000e-01 1.183180e-03
2.326000e-01 1.203320e-03
2.328000e-01 1.223747e-03
2.330000e-01 1.244465e-03
2.332000e-01 1.265478e-03
2.334000e-01 1.286790e-03
2.336000e-01 1.308403e-03
2.338000e-01 1.330320e-03
2.340000e-01 1.352546e-03
2.342000e-01 1.375083e-03
2.344000e-01 1.397934e-03
2.346000e-01 1.421103e-03
2.348000e-01 1.444593e-03
2.350000e-01 1.468408e-03
2.352000e-01 1.492552e-03
2.354000e-01 1.517029e-03
2.356000e-01 1.541841e-03
2.358000e-01 1.566992e-03
2.360000e-01 1.592487e-03
2.362000e-01 1.618329e-03
2.364000e-01 1.644521e-03
2.366000e-01 1.671067e-03
2.368000e-01 1.697970e-03
2.370000e-01 1.725234e-03
2.372000e-01 1.752864e-03
2.374000e-01 1.780862e-03
2.376000e-01 1.809235e-03
2.378000e-01 1.837986e-03
2.380000e-01 1.867121e-03
2.382000e-01 1.896646e-03
2.384000e-01 1.926566e-03
2.386000e-01 1.956886e-03
2.388000e-01 1.987608e-03
2.390000e-01 2.018739e-03
2.392000e-01 2.050279e-03
2.394000e-01 2.082233e-03
2.396000e-01 2.114601e-03
2.398000e-01 2.147387e-03
2.400000e-01 2.180592e-03
2.402000e-01 2.214220e-03
2.404000e-01 2.248272e-03
2.406000e-01 2.282753e-03
2.408000e-01 2.317664e-03
2.410000e-01 2.353008e-03
2.412000e-01 2.388790e-03
2.414000e-01 2.425011e-03
2.416000e-01 2.461676e-03
2.418000e-01 2.498787e-03
2.420000e-01 2.536347e-03
2.422000e-01 2.574359e-03
2.424000e-01 2.612827e-03
2.426000e-01 2.651753e-03
2.428000e-01 2.691142e-03
2.430000e-01 2.730995e-03
2.432000e-01 2.771318e-03
2.434000e-01 2.812115e-03
2.436000e-01 2.853391e-03
2.438000e-01 2.895152e-03
2.440000e-01 2.937403e-03
2.442000e-01 2.980151e-03
2.444000e-01 3.023401e-03
2.446000e-01 3.067159e-03
2.448000e-01 3.111430e-03
2.450000e-01 3.156218e-03
2.452000e-01 3.201526e-03
2.454000e-01 3.247356e-03
2.456000e-01 3.293713e-03
2.458000e-01 3.340600e-03
2.460000e-01 3.388020e-03
2.462000e-01 3.435977e-03
2.464000e-01 3.484475e-03
2.466000e-01 3.533520e-03
2.468000e-01 3.583115e-03
2.470000e-01 3.633265e-03
2.472000e-01 3.683975e-03
2.474000e-01 3.735250e-03
2.476000e-01 3.787095e-03
2.478000e-01 3.839515e-03
2.480000e-01 3.892515e-03
2.482000e-01 3.946099e-03
2.484000e-01 4.000274e-03
2.486000e-01 4.055043e-03
2.488000e-01 4.110412e-03
2.490000e-01 4.166388e-03
2.492000e-01 4.222975e-03
2.494000e-01 4.280182e-03
2.496000e-01 4.338016e-03
2.498000e-01 4.396485e-03
2.500000e-01 4.455598e-03
2.502000e-01 4.515363e-03
2.504000e-01 4.575787e-03
2.506000e-01 4.636877e-03
2.508000e-01 4.698638e-03
2.510000e-01 4.761075e-03
2.512000e-01 4.824193e-03
2.514000e-01 4.887994e-03
2.516000e-01 4.952482e-03
2.518000e-01 5.017661e-03
2.520000e-01 5.083535e-03
2.522000e-01 5.150108e-03
2.524000e-01 5.217385e-03
2.526000e-01 5.285370e-03
2.528000e-01 5.354069e-03
2.530000e-01 5.423487e-03
2.532000e-01 5.493627e-03
2.534000e-01 5.564495e-03
2.536000e-01 5.636097e-03
2.538000e-01 5.708435e-03
2.540000e-01 5.781516e-03
2.542000e-01 5.855344e-03
2.544000e-01 5.929923e-03
2.546000e-01 6.005258e-03
2.548000e-01 6.081355e-03
2.550000e-01 6.158218e-03
2.552000e-01 6.235851e-03
2.554000e-01 6.314260e-03
2.556000e-01 6.393449e-03
2.558000e-01 6.473424e-03
2.560000e-01 6.554190e-03
2.562000e-01 6.635750e-03
2.564000e-01 6.718106e-03
2.566000e-01 6.801258e-03
2.568000e-01 6.885205e-03
2.570000e-01 6.969943e-03
2.572000e-01 7.055468e-03
2.574000e-01 7.141775e-03
2.576000e-01 7.228858e-03
2.578000e-01 7.316712e-03
2.580000e-01 7.405331e-03
2.582000e-01 7.494710e-03
2.584000e-01 7.584841e-03
2.586000e-01 7.675719e-03
2.588000e-01 7.767337e-03
2.590000e-01 7.859687e-03
2.592000e-01 7.952760e-03
2.594000e-01 8.046548e-03
2.596000e-01 8.141042e-03
2.598000e-01 8.236231e-03
2.600000e-01 8.332105e-03
2.602000e-01 8.428653e-03
2.604000e-01 8.525862e-03
2.606000e-01 8.623722e-03
2.608000e-01 8.722218e-03
2.610000e-01 8.821337e-03
2.612000e-01 8.921065e-03
2.614000e-01 9.021388e-03
2.616000e-01 9.122290e-03
2.618000e-01 9.223754e-03
2.620000e-01 9.325766e-03
2.622000e-01 9.428306e-03
2.624000e-01 9.531356e-03
2.626000e-01 9.634899e-03
2.628000e-01 9.738912e-03
2.630000e-01 9.843377e-03
2.632000e-01 9.948270e-03
2.634000e-01 1.005357e-02
2.636000e-01 1.015926e-02
2.638000e-01 1.026532e-02
2.640000e-01 1.037174e-02
2.642000e-01 1.047848e-02
2.644000e-01 1.058555e-02
2.646000e-01 1.069292e-02
2.648000e-01 1.080057e-02
2.650000e-01 1.090850e-02
2.652000e-01 1.101669e-02
2.654000e-01 1.112512e-02
2.656000e-01 1.123378e-02
2.658000e-01 1.134265e-02
2.660000e-01 1.145173e-02
2.662000e-01 1.156100e-02
2.664000e-01 1.167045e-02
2.666000e-01 1.178007e-02
2.668000e-01 1.188985e-02
2.670000e-01 1.199978e-02
2.672000e-01 1.210986e-02
2.674000e-01 1.222008e-02
2.676000e-01 1.233044e-02
2.678000e-01 1.244094e-02
2.680000e-01 1.255158e-02
2.682000e-01 1.266236e-02
2.684000e-01 1.277328e-02
2.686000e-01 1.288436e-02
2.688000e-01 1.299558e-02
2.690000e-01 1.310698e-02
2.692000e-01 1.321854e-02
2.694000e-01 1.333029e-02
2.696000e-01 1.344224e-02
2.698000e-01 1.355440e-02
2.700000e-01 1.366679e-02
2.702000e-01 1.377943e-02
2.704000e-01 1.389234e-02
2.706000e-01 1.400554e-02
2.708000e-01 1.411906e-02
2.710000e-01 1.423291e-02
2.712000e-01 1.434712e-02
2.714000e-01 1.446172e-02
2.716000e-01 1.457674e-02
2.718000e-01 1.469221e-02
2.720000e-01 1.480815e-02
2.722000e-01 1.492459e-02
2.724000e-01 1.504158e-02
2.726000e-01 1.515914e-02
2.728000e-01 1.527731e-02
2.730000e-01 1.539613e-02
2.732000e-01 1.551564e-02
2.734000e-01 1.563589e-02
2.736000e-01 1.575692e-02
2.738000e-01 1.587877e-02
2.740000e-01 1.600148e-02
2.742000e-01 1.612511e-02
2.744000e-01 1.624967e-02
2.746000e-01 1.637523e-02
2.748000e-01 1.650180e-02
2.750000e-01 1.662943e-02
2.752000e-01 1.675815e-02
2.754000e-01 1.688800e-02
2.756000e-01 1.701900e-02
2.758000e-01 1.715118e-02
2.760000e-01 1.728458e-02
2.762000e-01 1.741921e-02
2.764000e-01 1.755512e-02
2.766000e-01 1.769231e-02
2.768000e-01 1.783081e-02
2.770000e-01 1.797065e-02
2.772000e-01 1.811185e-02
2.774000e-01 1.825441e-02
2.776000e-01 1.839837e-02
2.778000e-01 1.854373e-02
2.780000e-01 1.869051e-02
2.782000e-01 1.883872e-02
2.784000e-01 1.898838e-02
2.786000e-01 1.913949e-02
2.788000e-01 1.929207e-02
2.790000e-01 1.944613e-02
2.792000e-01 1.960168e-02
2.794000e-01 1.975873e-02
2.796000e-01 1.991729e-02
2.798000e-01 2.007736e-02
2.800000e-01 2.023895e-02
2.802000e-01 2.040205e-02
2.804000e-01 2.056667e-02
2.806000e-01 2.073279e-02
2.808000e-01 2.090041e-02
2.810000e-01 2.106952e-02
2.812000e-01 2.124011e-02
2.814000e-01 2.141218e-02
2.816000e-01 2.158572e-02
2.818000e-01 2.176072e-02
2.820000e-01 2.193718e-02
2.822000e-01 2.211510e-02
2.824000e-01 2.229446e-02
2.826000e-01 2.247528e-02
2.828000e-01 2.265754e-02
2.830000e-01 2.284125e-02
2.832000e-01 2.302639e-02
2.834000e-01 2.321298e-02
2.836000e-01 2.340102e-02
2.838000e-01 2.359050e-02
2.840000e-01 2.378142e-02
2.842000e-01 2.397379e-02
2.844000e-01 2.416762e-02
2.846000e-01 2.436292e-02
2.848000e-01 2.455970e-02
2.850000e-01 2.475798e-02
2.852000e-01 2.495779e-02
2.854000e-01 2.515914e-02
2.856000e-01 2.536207e-02
2.858000e-01 2.556659e-02
2.860000e-01 2.577273e-02
2.862000e-01 2.598052e-02
2.864000e-01 2.618999e-02
2.866000e-01 2.640114e-02
2.868000e-01 2.661402e-02
2.870000e-01 2.682866e-02
2.872000e-01 2.704508e-02
2.874000e-01 2.726331e-02
2.876000e-01 2.748341e-02
2.878000e-01 2.770540e-02
2.880000e-01 2.792933e-02
2.882000e-01 2.815523e-02
2.884000e-01 2.838317e-02
2.886000e-01 2.861317e-02
2.888000e-01 2.884529e-02
2.890000e-01 2.907957e-02
2.892000e-01 2.931607e-02
2.894000e-01 2.955484e-02
2.896000e-01 2.979593e-02
2.898000e-01 3.003938e-02
2.900000e-01 3.028526e-02
2.902000e-01 3.053361e-02
2.904000e-01 3.078449e-02
2.906000e-01 3.103793e-02
2.908000e-01 3.129398e-02
2.910000e-01 3.155268e-02
2.912000e-01 3.181408e-02
2.914000e-01 3.207820e-02
2.916000e-01 3.234507e-02
2.918000e-01 3.261469e-02
2.920000e-01 3.288707e-02
2.922000e-01 3.316220e-02
2.924000e-01 3.344006e-02
2.926000e-01 3.372062e-02
2.928000e-01 3.400384e-02
2.930000e-01 3.428968e-02
2.932000e-01 3.457810e-02
2.934000e-01 3.486903e-02
2.936000e-01 3.516242e-02
2.938000e-01 3.545820e-02
2.940000e-01 3.575629e-02
2.942000e-01 3.605660e-02
2.944000e-01 3.635905e-02
2.946000e-01 3.666354e-02
2.948000e-01 3.696996e-02
2.950000e-01 3.727819e-02
2.952000e-01 3.758813e-02
2.954000e-01 3.789963e-02
2.956000e-01 3.821257e-02
2.958000e-01 3.852679e-02
2.960000e-01 3.884216e-02
2.962000e-01 3.915852e-02
2.964000e-01 3.947570e-02
2.966000e-01 3.979353e-02
2.968000e-01 4.011186e-02
2.970000e-01 4.043049e-02
2.972000e-01 4.074925e-02
2.974000e-01 4.106798e-02
2.976000e-01 4.138649e-02
2.978000e-01 4.170463e-02
2.980000e-01 4.202224e-02
2.982000e-01 4.233915e-02
2.984000e-01 4.265522e-02
2.986000e-01 4.297030e-02
2.988000e-01 4.328426e-02
2.990000e-01 4.359697e-02
2.992000e-01 4.390834e-02
2.994000e-01 4.421826e-02
2.996000e-01 4.452665e-02
2.998000e-01 4.483343e-02
3.000000e-01 4.513855e-02
3.002000e-01 4.544195e-02
3.004000e-01 4.574358e-02
3.006000e-01 4.604342e-02
3.008000e-01 4.634145e-02
3.010000e-01 4.663765e-02
3.012000e-01 4.693202e-02
3.014000e-01 4.722458e-02
3.016000e-01 4.751534e-02
3.018000e-01 4.780433e-02
3.020000e-01 4.809160e-02
3.022000e-01 4.837720e-02
3.024000e-01 4.866117e-02
3.026000e-01 4.894360e-02
3.028000e-01 4.922455e-02
3.030000e-01 4.950412e-02
3.032000e-01 4.978240e-02
3.034000e-01 5.005948e-02
3.036000e-01 5.033548e-02
3.038000e-01 5.061048e-02
3.040000e-01 5.088462e-02
3.042000e-01 5.115800e-02
3.044000e-01 5.143074e-02
3.046000e-01 5.170294e-02
3.048000e-01 5.197472e-02
3.050000e-01 5.224618e-02
3.052000e-01 5.251740e-02
3.054000e-01 5.278848e-02
3.056000e-01 5.305951e-02
3.058000e-01 5.333057e-02
3.060000e-01 5.360174e-02
3.062000e-01 5.387306e-02
3.064000e-01 5.414462e-02
3.066000e-01 5.441645e-02
3.068000e-01 5.468861e-02
3.070000e-01 5.496113e-02
3.072000e-01 5.523404e-02
3.074000e-01 5.550737e-02
3.076000e-01 5.578114e-02
3.078000e-01 5.605534e-02
3.080000e-01 5.632999e-02
3.082000e-01 5.660509e-02
3.084000e-01 5.688063e-02
3.086000e-01 5.715658e-02
3.088000e-01 5.743293e-02
3.090000e-01 5.770965e-02
3.092000e-01 5.798672e-02
3.094000e-01 5.826409e-02
3.096000e-01 5.854173e-02
3.098000e-01 5.881961e-02
3.100000e-01 5.909767e-02
3.102000e-01 5.937586e-02
3.104000e-01 5.965415e-02
3.106000e-01 5.993248e-02
3.108000e-01 6.021081e-02
3.110000e-01 6.048909e-02
3.112000e-01 6.076727e-02
3.114000e-01 6.104532e-02
3.116000e-01 6.132319e-02
3.118000e-01 6.160085e-02
3.120000e-01 6.187827e-02
3.122000e-01 6.215541e-02
3.124000e-01 6.243225e-02
3.126000e-01 6.270877e-02
3.128000e-01 6.298496e-02
3.130000e-01 6.326080e-02
3.132000e-01 6.353628e-02
3.134000e-01 6.381140e-02
3.136000e-01 6.408616e-02
3.138000e-01 6.436055e-02
3.140000e-01 6.463457e-02
3.142000e-01 6.490823e-02
3.144000e-01 6.518153e-02
3.146000e-01 6.545448e-02
3.148000e-01 6.572708e-02
3.150000e-01 6.599934e-02
3.152000e-01 6.627127e-02
3.154000e-01 6.654289e-02
3.156000e-01 6.681419e-02
3.158000e-01 6.708520e-02
3.160000e-01 6.735591e-02
3.162000e-01 6.762633e-02
3.164000e-01 6.789648e-02
3.166000e-01 6.816634e-02
3.168000e-01 6.843593e-02
3.170000e-01 6.870523e-02
3.172000e-01 6.897425e-02
3.174000e-01 6.924298e-02
3.176000e-01 6.951139e-02
3.178000e-01 6.977948e-02
3.180000e-01 7.004723e-02
3.182000e-01 7.031461e-02
3.184000e-01 7.058159e-02
3.186000e-01 7.084815e-02
3.188000e-01 7.111424e-02
3.190000e-01 7.137983e-02
3.192000e-01 7.164487e-02
3.194000e-01 7.190931e-02
3.196000e-01 7.217310e-02
3.198000e-01 7.243620e-02
3.200000e-01 7.269854e-02
3.202000e-01 7.296008e-02
3.204000e-01 7.322076e-02
3.206000e-01 7.348051e-02
3.208000e-01 7.373928e-02
3.210000e-01 7.399703e-02
3.212000e-01 7.425370e-02
3.214000e-01 7.450926e-02
3.216000e-01 7.476366e-02
3.218000e-01 7.501688e-02
3.220000e-01 7.526889e-02
3.222000e-01 7.551966e-02
3.224000e-01 7.576917e-02
3.226000e-01 7.601742e-02
3.228000e-01 7.626440e-02
3.230000e-01 7.651010e-02
3.232000e-01 7.675455e-02
3.234000e-01 7.699774e-02
3.236000e-01 7.723970e-02
3.238000e-01 7.748046e-02
3.240000e-01 7.772005e-02
3.242000e-01 7.795851e-02
3.244000e-01 7.819589e-02
3.246000e-01 7.843224e-02
3.248000e-01 7.866762e-02
3.250000e-01 7.890210e-02
3.252000e-01 7.913576e-02
3.254000e-01 7.936867e-02
3.256000e-01 7.960093e-02
3.258000e-01 7.983262e-02
3.260000e-01 8.006385e-02
3.262000e-01 8.029472e-02
3.264000e-01 8.052534e-02
3.266000e-01 8.075584e-02
3.268000e-01 8.098632e-02
3.270000e-01 8.121692e-02
3.272000e-01 8.144774e-02
3.274000e-01 8.167890e-02
3.276000e-01 8.191052e-02
3.278000e-01 8.214272e-02
3.280000e-01 8.237560e-02
3.282000e-01 8.260926e-02
3.284000e-01 8.284381e-02
3.286000e-01 8.307933e-02
3.288000e-01 8.331591e-02
3.290000e-01 8.355362e-02
3.292000e-01 8.379254e-02
3.294000e-01 8.403272e-02
3.296000e-01 8.427423e-02
3.298000e-01 8.451711e-02
3.300000e-01 8.476140e-02
3.302000e-01 8.500715e-02
3.304000e-01 8.525438e-02
3.306000e-01 8.550310e-02
3.308000e-01 8.575334e-02
3.310000e-01 8.600511e-02
3.312000e-01 8.625839e-02
3.314000e-01 8.651319e-02
3.316000e-01 8.676949e-02
3.318000e-01 8.702727e-02
3.320000e-01 8.728649e-02
3.322000e-01 8.754712e-02
3.324000e-01 8.780911e-02
3.326000e-01 8.807242e-02
3.328000e-01 8.833698e-02
3.330000e-01 8.860273e-02
3.332000e-01 8.886961e-02
3.334000e-01 8.913753e-02
3.336000e-01 8.940641e-02
3.338000e-01 8.967618e-02
3.340000e-01 8.994674e-02
3.342000e-01 9.021801e-02
3.344000e-01 9.048990e-02
3.346000e-01 9.076233e-02
3.348000e-01 9.103521e-02
3.350000e-01 9.130847e-02
3.352000e-01 9.158203e-02
3.354000e-01 9.185580e-02
3.356000e-01 9.212972e-02
3.358000e-01 9.240370e-02
3.360000e-01 9.267769e-02
3.362000e-01 9.295162e-02
3.364000e-01 9.322543e-02
3.366000e-01 9.349905e-02
3.368000e-01 9.377243e-02
3.370000e-01 9.404551e-02
3.372000e-01 9.431824e-02
3.374000e-01 9.459058e-02
3.376000e-01 9.486246e-02
3.378000e-01 9.513386e-02
3.380000e-01 9.540471e-02
3.382000e-01 9.567499e-02
3.384000e-01 9.594465e-02
3.386000e-01 9.621366e-02
3.388000e-01 9.648199e-02
3.390000e-01 9.674961e-02
3.392000e-01 9.701649e-02
3.394000e-01 9.728262e-02
3.396000e-01 9.754799e-02
3.398000e-01 9.781257e-02
3.400000e-01 9.807635e-02
3.402000e-01 9.833932e-02
3.404000e-01 9.860148e-02
3.406000e-01 9.886282e-02
3.408000e-01 9.912334e-02
3.410000e-01 9.938302e-02
3.412000e-01 9.964188e-02
3.414000e-01 9.989990e-02
3.416000e-01 1.001571e-01
3.418000e-01 1.004134e-01
3.420000e-01 1.006690e-01
3.422000e-01 1.009236e-01
3.424000e-01 1.011775e-01
3.426000e-01 1.014304e-01
3.428000e-01 1.016825e-01
3.430000e-01 1.019338e-01
3.432000e-01 1.021842e-01
3.434000e-01 1.024337e-01
3.436000e-01 1.026824e-01
3.438000e-01 1.029301e-01
3.440000e-01 1.031770e-01
3.442000e-01 1.034230e-01
3.444000e-01 1.036681e-01
3.446000e-01 1.039122e-01
3.448000e-01 1.041555e-01
3.450000e-01 1.043978e-01
3.452000e-01 1.046393e-01
3.454000e-01 1.048798e-01
3.456000e-01 1.051194e-01
3.458000e-01 1.053581e-01
3.460000e-01 1.055959e-01
3.462000e-01 1.058328e-01
3.464000e-01 1.060687e-01
3.466000e-01 1.063038e-01
3.468000e-01 1.065379e-01
3.470000e-01 1.067712e-01
3.472000e-01 1.070035e-01
3.474000e-01 1.072349e-01
3.476000e-01 1.074655e-01
3.478000e-01 1.076951e-01
3.480000e-01 1.079238e-01
3.482000e-01 1.081517e-01
3.484000e-01 1.083786e-01
3.486000e-01 1.086047e-01
3.488000e-01 1.088299e-01
3.490000e-01 1.090542e-01
3.492000e-01 1.092776e-01
3.494000e-01 1.095002e-01
3.496000e-01 1.097220e-01
3.498000e-01 1.099429e-01
3.500000e-01 1.101630e-01
3.502000e-01 1.103823e-01
3.504000e-01 1.106008e-01
3.506000e-01 1.108185e-01
3.508000e-01 1.110355e-01
3.510000e-01 1.112518e-01
3.512000e-01 1.114674e-01
3.514000e-01 1.116823e-01
3.516000e-01 1.118966e-01
3.518000e-01 1.121103e-01
3.520000e-01 1.123234e-01
3.522000e-01 1.125360e-01
3.524000e-01 1.127481e-01
3.526000e-01 1.129598e-01
3.528000e-01 1.131710e-01
3.530000e-01 1.133818e-01
3.532000e-01 1.135922e-01
3.534000e-01 1.138023e-01
3.536000e-01 1.140122e-01
3.538000e-01 1.142218e-01
3.540000e-01 1.144311e-01
3.542000e-01 1.146404e-01
3.544000e-01 1.148494e-01
3.546000e-01 1.150585e-01
3.548000e-01 1.152674e-01
3.550000e-01 1.154764e-01
3.552000e-01 1.156855e-01
3.554000e-01 1.158946e-01
3.556000e-01 1.161038e-01
3.558000e-01 1.163132e-01
3.560000e-01 1.165228e-01
3.562000e-01 1.167327e-01
3.564000e-01 1.169428e-01
3.566000e-01 1.171532e-01
3.568000e-01 1.173640e-01
3.570000e-01 1.175751e-01
3.572000e-01 1.177865e-01
3.574000e-01 1.179983e-01
3.576000e-01 1.182106e-01
3.578000e-01 1.184232e-01
3.580000e-01 1.186362e-01
3.582000e-01 1.188496e-01
3.584000e-01 1.190633e-01
3.586000e-01 1.192775e-01
3.588000e-01 1.194920e-01
3.590000e-01 1.197068e-01
3.592000e-01 1.199219e-01
3.594000e-01 1.201373e-01
3.596000e-01 1.203530e-01
3.598000e-01 1.205688e-01
3.600000e-01 1.207848e-01
3.602000e-01 1.210010e-01
3.604000e-01 1.212172e-01
3.606000e-01 1.214335e-01
3.608000e-01 1.216497e-01
3.610000e-01 1.218658e-01
3.612000e-01 1.220819e-01
3.614000e-01 1.222977e-01
3.616000e-01 1.225132e-01
3.618000e-01 1.227284e-01
3.620000e-01 1.229433e-01
3.622000e-01 1.231576e-01
3.624000e-01 1.233715e-01
3.626000e-01 1.235848e-01
3.628000e-01 1.237974e-01
3.630000e-01 1.240094e-01
3.632000e-01 1.242207e-01
3.634000e-01 1.244311e-01
3.636000e-01 1.246408e-01
3.638000e-01 1.248496e-01
3.640000e-01 1.250575e-01
3.642000e-01 1.252645e-01
3.644000e-01 1.254705e-01
3.646000e-01 1.256756e-01
3.648000e-01 1.258798e-01
3.650000e-01 1.260830e-01
3.652000e-01 1.262852e-01
3.654000e-01 1.264864e-01
3.656000e-01 1.266867e-01
3.658000e-01 1.268861e-01
3.660000e-01 1.270845e-01
3.662000e-01 1.272821e-01
3.664000e-01 1.274787e-01
3.666000e-01 1.276746e-01
3.668000e-01 1.278697e-01
3.670000e-01 1.280640e-01
3.672000e-01 1.282577e-01
3.674000e-01 1.284507e-01
3.676000e-01 1.286432e-01
3.678000e-01 1.288352e-01
3.680000e-01 1.290267e-01
3.682000e-01 1.292178e-01
3.684000e-01 1.294087e-01
3.686000e-01 1.295993e-01
3.688000e-01 1.297897e-01
3.690000e-01 1.299800e-01
3.692000e-01 1.301704e-01
3.694000e-01 1.303607e-01
3.696000e-01 1.305512e-01
3.698000e-01 1.307418e-01
3.700000e-01 1.309327e-01
3.702000e-01 1.311238e-01
3.704000e-01 1.313153e-01
3.706000e-01 1.315071e-01
3.708000e-01 1.316994e-01
3.710000e-01 1.318921e-01
3.712000e-01 1.320853e-01
3.714000e-01 1.322790e-01
3.716000e-01 1.324732e-01
3.718000e-01 1.326680e-01
3.720000e-01 1.328634e-01
3.722000e-01 1.330594e-01
3.724000e-01 1.332560e-01
3.726000e-01 1.334532e-01
3.728000e-01 1.336510e-01
3.730000e-01 1.338493e-01
3.732000e-01 1.340483e-01
3.734000e-01 1.342479e-01
3.736000e-01 1.344479e-01
3.738000e-01 1.346485e-01
3.740000e-01 1.348496e-01
3.742000e-01 1.350511e-01
3.744000e-01 1.352531e-01
3.746000e-01 1.354554e-01
3.748000e-01 1.356581e-01
3.750000e-01 1.358610e-01
3.752000e-01 1.360641e-01
3.754000e-01 1.362674e-01
3.756000e-01 1.364708e-01
3.758000e-01 1.366744e-01
3.760000e-01 1.368779e-01
3.762000e-01 1.370814e-01
3.764000e-01 1.372848e-01
3.766000e-01 1.374881e-01
3.768000e-01 1.376911e-01
3.770000e-01 1.378940e-01
3.772000e-01 1.380965e-01
3.774000e-01 1.382988e-01
3.776000e-01 1.385006e-01
3.778000e-01 1.387020e-01
3.780000e-01 1.389029e-01
3.782000e-01 1.391033e-01
3.784000e-01 1.393031e-01
3.786000e-01 1.395023e-01
3.788000e-01 1.397009e-01
3.790000e-01 1.398988e-01
3.792000e-01 1.400959e-01
3.794000e-01 1.402923e-01
3.796000e-01 1.404879e-01
3.798000e-01 1.406826e-01
3.800000e-01 1.408766e-01
3.802000e-01 1.410696e-01
3.804000e-01 1.412618e-01
3.806000e-01 1.414531e-01
3.808000e-01 1.416436e-01
3.810000e-01 1.418332e-01
3.812000e-01 1.420218e-01
3.814000e-01 1.422097e-01
3.816000e-01 1.423966e-01
3.818000e-01 1.425828e-01
3.820000e-01 1.427681e-01
3.822000e-01 1.429526e-01
3.824000e-01 1.431363e-01
3.826000e-01 1.433193e-01
3.828000e-01 1.435015e-01
3.830000e-01 1.436831e-01
3.832000e-01 1.438640e-01
3.834000e-01 1.440443e-01
3.836000e-01 1.442241e-01
3.838000e-01 1.444032e-01
3.840000e-01 1.445819e-01
3.842000e-01 1.447602e-01
3.844000e-01 1.449381e-01
3.846000e-01 1.451156e-01
3.848000e-01 1.452928e-01
3.850000e-01 1.454698e-01
3.852000e-01 1.456466e-01
3.854000e-01 1.458233e-01
3.856000e-01 1.459999e-01
3.858000e-01 1.461765e-01
3.860000e-01 1.463532e-01
3.862000e-01 1.465299e-01
3.864000e-01 1.467069e-01
3.866000e-01 1.468840e-01
3.868000e-01 1.470614e-01
3.870000e-01 1.472390e-01
3.872000e-01 1.474171e-01
3.874000e-01 1.475955e-01
3.876000e-01 1.477743e-01
3.878000e-01 1.479535e-01
3.880000e-01 1.481332e-01
3.882000e-01 1.483135e-01
3.884000e-01 1.484942e-01
3.886000e-01 1.486754e-01
3.888000e-01 1.488572e-01
3.890000e-01 1.490395e-01
3.892000e-01 1.492223e-01
3.894000e-01 1.494057e-01
3.896000e-01 1.495896e-01
3.898000e-01 1.497741e-01
3.900000e-01 1.499591e-01
3.902000e-01 1.501446e-01
3.904000e-01 1.503306e-01
3.906000e-01 1.505170e-01
3.908000e-01 1.507039e-01
3.910000e-01 1.508912e-01
3.912000e-01 1.510790e-01
3.914000e-01 1.512670e-01
3.916000e-01 1.514554e-01
3.918000e-01 1.516440e-01
3.920000e-01 1.518329e-01
3.922000e-01 1.520220e-01
3.924000e-01 1.522112e-01
3.926000e-01 1.524005e-01
3.928000e-01 1.525899e-01
3.930000e-01 1.527793e-01
3.932000e-01 1.529687e-01
3.934000e-01 1.531580e-01
3.936000e-01 1.533472e-01
3.938000e-01 1.535363e-01
3.940000e-01 1.537252e-01
3.942000e-01 1.539138e-01
3.944000e-01 1.541022e-01
3.946000e-01 1.542903e-01
3.948000e-01 1.544781e-01
3.950000e-01 1.546656e-01
3.952000e-01 1.548527e-01
3.954000e-01 1.550394e-01
3.956000e-01 1.552257e-01
3.958000e-01 1.554116e-01
3.960000e-01 1.555970e-01
3.962000e-01 1.557820e-01
3.964000e-01 1.559665e-01
3.966000e-01 1.561506e-01
3.968000e-01 1.563342e-01
3.970000e-01 1.565173e-01
3.972000e-01 1.567000e-01
3.974000e-01 1.568823e-01
3.976000e-01 1.570642e-01
3.978000e-01 1.572457e-01
3.980000e-01 1.574269e-01
3.982000e-01 1.576077e-01
3.984000e-01 1.577883e-01
3.986000e-01 1.579686e-01
3.988000e-01 1.581487e-01
3.990000e-01 1.583287e-01
3.992000e-01 1.585085e-01
3.994000e-01 1.586883e-01
3.996000e-01 1.588682e-01
3.998000e-01 1.590480e-01
4.000000e-01 1.592281e-01
4.002000e-01 1.594082e-01
4.004000e-01 1.595887e-01
4.006000e-01 1.597694e-01
4.008000e-01 1.599506e-01
4.010000e-01 1.601321e-01
4.012000e-01 1.603142e-01
4.014000e-01 1.604969e-01
4.016000e-01 1.606802e-01
4.018000e-01 1.608643e-01
4.020000e-01 1.610492e-01
4.022000e-01 1.612350e-01
4.024000e-01 1.614217e-01
4.026000e-01 1.616094e-01
4.028000e-01 1.617982e-01
4.030000e-01 1.619882e-01
4.032000e-01 1.621794e-01
4.034000e-01 1.623718e-01
4.036000e-01 1.625656e-01
4.038000e-01 1.627608e-01
4.040000e-01 1.629573e-01
4.042000e-01 1.631553e-01
4.044000e-01 1.633547e-01
4.046000e-01 1.635556e-01
4.048000e-01 1.637580e-01
4.050000e-01 1.639618e-01
4.052000e-01 1.641670e-01
4.054000e-01 1.643737e-01
4.056000e-01 1.645819e-01
4.058000e-01 1.647914e-01
4.060000e-01 1.650022e-01
4.062000e-01 1.652144e-01
4.064000e-01 1.654278e-01
4.066000e-01 1.656424e-01
4.068000e-01 1.658581e-01
4.070000e-01 1.660749e-01
4.072000e-01 1.662927e-01
4.074000e-01 1.665114e-01
4.076000e-01 1.667309e-01
4.078000e-01 1.669511e-01
4.080000e-01 1.671719e-01
4.082000e-01 1.673932e-01
4.084000e-01 1.676149e-01
4.086000e-01 1.678370e-01
4.088000e-01 1.680591e-01
4.090000e-01 1.682814e-01
4.092000e-01 1.685035e-01
4.094000e-01 1.687255e-01
4.096000e-01 1.689472e-01
4.098000e-01 1.691686e-01
4.100000e-01 1.693894e-01
4.102000e-01 1.696096e-01
4.104000e-01 1.698292e-01
4.106000e-01 1.700480e-01
4.108000e-01 1.702660e-01
4.110000e-01 1.704831e-01
4.112000e-01 1.706992e-01
4.114000e-01 1.709143e-01
4.116000e-01 1.711284e-01
4.118000e-01 1.713414e-01
4.120000e-01 1.715533e-01
4.122000e-01 1.717642e-01
4.124000e-01 1.719739e-01
4.126000e-01 1.721825e-01
4.128000e-01 1.723901e-01
4.130000e-01 1.725967e-01
4.132000e-01 1.728022e-01
4.134000e-01 1.730067e-01
4.136000e-01 1.732104e-01
4.138000e-01 1.734132e-01
4.140000e-01 1.736151e-01
4.142000e-01 1.738164e-01
4.144000e-01 1.740171e-01
4.146000e-01 1.742171e-01
4.148000e-01 1.744168e-01
4.150000e-01 1.746160e-01
4.152000e-01 1.748150e-01
4.154000e-01 1.750138e-01
4.156000e-01 1.752126e-01
4.158000e-01 1.754113e-01
4.160000e-01 1.756102e-01
4.162000e-01 1.758093e-01
4.164000e-01 1.760087e-01
4.166000e-01 1.762085e-01
4.168000e-01 1.764088e-01
4.170000e-01 1.766095e-01
4.172000e-01 1.768108e-01
4.174000e-01 1.770128e-01
4.176000e-01 1.772154e-01
4.178000e-01 1.774188e-01
4.180000e-01 1.776229e-01
4.182000e-01 1.778277e-01
4.184000e-01 1.780333e-01
4.186000e-01 1.782397e-01
4.188000e-01 1.784468e-01
4.190000e-01 1.786547e-01
4.192000e-01 1.788633e-01
4.194000e-01 1.790726e-01
4.196000e-01 1.792826e-01
4.198000e-01 1.794931e-01
4.200000e-01 1.797042e-01
4.202000e-01 1.799158e-01
4.204000e-01 1.801279e-01
4.206000e-01 1.803402e-01
4.208000e-01 1.805529e-01
4.210000e-01 1.807657e-01
4.212000e-01 1.809787e-01
4.214000e-01 1.811917e-01
4.216000e-01 1.814047e-01
4.218000e-01 1.816176e-01
4.220000e-01 1.818303e-01
4.222000e-01 1.820427e-01
4.224000e-01 1.822548e-01
4.226000e-01 1.824665e-01
4.228000e-01 1.826777e-01
4.230000e-01 1.828885e-01
4.232000e-01 1.830986e-01
4.234000e-01 1.833082e-01
4.236000e-01 1.835171e-01
4.238000e-01 1.837253e-01
4.240000e-01 1.839329e-01
4.242000e-01 1.841398e-01
4.244000e-01 1.843460e-01
4.246000e-01 1.845515e-01
4.248000e-01 1.847563e-01
4.250000e-01 1.849605e-01
4.252000e-01 1.851640e-01
4.254000e-01 1.853670e-01
4.256000e-01 1.855694e-01
4.258000e-01 1.857714e-01
4.260000e-01 1.859728e-01
4.262000e-01 1.861740e-01
4.264000e-01 1.863747e-01
4.266000e-01 1.865753e-01
4.268000e-01 1.867757e-01
4.270000e-01 1.869760e-01
4.272000e-01 1.871763e-01
4.274000e-01 1.873767e-01
4.276000e-01 1.875772e-01
4.278000e-01 1.877779e-01
4.280000e-01 1.879789e-01
4.282000e-01 1.881804e-01
4.284000e-01 1.883822e-01
4.286000e-01 1.885846e-01
4.288000e-01 1.887875e-01
4.290000e-01 1.889911e-01
4.292000e-01 1.891953e-01
4.294000e-01 1.894002e-01
4.296000e-01 1.896058e-01
4.298000e-01 1.898122e-01
4.300000e-01 1.900194e-01
4.302000e-01 1.902274e-01
4.304000e-01 1.904361e-01
4.306000e-01 1.906457e-01
4.308000e-01 1.908561e-01
4.310000e-01 1.910673e-01
4.312000e-01 1.912792e-01
4.314000e-01 1.914919e-01
4.316000e-01 1.917052e-01
4.318000e-01 1.919192e-01
4.320000e-01 1.921339e-01
4.322000e-01 1.923490e-01
4.324000e-01 1.925647e-01
4.326000e-01 1.927807e-01
4.328000e-01 1.929971e-01
4.330000e-01 1.932137e-01
4.332000e-01 1.934305e-01
4.334000e-01 1.936474e-01
4.336000e-01 1.938643e-01
4.338000e-01 1.940811e-01
4.340000e-01 1.942978e-01
4.342000e-01 1.945141e-01
4.344000e-01 1.947301e-01
4.346000e-01 1.949457e-01
4.348000e-01 1.951607e-01
4.350000e-01 1.953752e-01
4.352000e-01 1.955889e-01
4.354000e-01 1.958019e-01
4.356000e-01 1.960141e-01
4.358000e-01 1.962254e-01
4.360000e-01 1.964357e-01
4.362000e-01 1.966450e-01
4.364000e-01 1.968532e-01
4.366000e-01 1.970603e-01
4.368000e-01 1.972663e-01
4.370000e-01 1.974710e-01
4.372000e-01 1.976744e-01
4.374000e-01 1.978766e-01
4.376000e-01 1.980775e-01
4.378000e-01 1.982770e-01
4.380000e-01 1.984751e-01
4.382000e-01 1.986719e-01
4.384000e-01 1.988673e-01
4.386000e-01 1.990613e-01
4.388000e-01 1.992540e-01
4.390000e-01 1.994454e-01
4.392000e-01 1.996354e-01
4.394000e-01 1.998241e-01
4.396000e-01 2.000117e-01
4.398000e-01 2.001980e-01
4.400000e-01 2.003832e-01
4.402000e-01 2.005673e-01
4.404000e-01 2.007504e-01
4.406000e-01 2.009325e-01
4.408000e-01 2.011137e-01
4.410000e-01 2.012941e-01
4.412000e-01 2.014737e-01
4.414000e-01 2.016527e-01
4.416000e-01 2.018310e-01
4.418000e-01 2.020088e-01
4.420000e-01 2.021861e-01
4.422000e-01 2.023631e-01
4.424000e-01 2.025398e-01
4.426000e-01 2.027163e-01
4.428000e-01 2.028926e-01
4.430000e-01 2.030690e-01
4.432000e-01 2.032453e-01
4.434000e-01 2.034219e-01
4.436000e-01 2.035986e-01
4.438000e-01 2.037756e-01
4.440000e-01 2.039529e-01
4.442000e-01 2.041307e-01
4.444000e-01 2.043089e-01
4.446000e-01 2.044877e-01
4.448000e-01 2.046670e-01
4.450000e-01 2.048469e-01
4.452000e-01 2.050275e-01
4.454000e-01 2.052087e-01
4.456000e-01 2.053905e-01
4.458000e-01 2.055730e-01
4.460000e-01 2.057561e-01
4.462000e-01 2.059397e-01
4.464000e-01 2.061240e-01
4.466000e-01 2.063088e-01
4.468000e-01 2.064940e-01
4.470000e-01 2.066796e-01
4.472000e-01 2.068655e-01
4.474000e-01 2.070516e-01
4.476000e-01 2.072378e-01
4.478000e-01 2.074241e-01
4.480000e-01 2.076102e-01
4.482000e-01 2.077962e-01
4.484000e-01 2.079817e-01
4.486000e-01 2.081668e-01
4.488000e-01 2.083512e-01
4.490000e-01 2.085348e-01
4.492000e-01 2.087175e-01
4.494000e-01 2.088990e-01
4.496000e-01 2.090792e-01
4.498000e-01 2.092580e-01
4.500000e-01 2.094352e-01
4.502000e-01 2.096106e-01
4.504000e-01 2.097842e-01
4.506000e-01 2.099557e-01
4.508000e-01 2.101251e-01
4.510000e-01 2.102922e-01
4.512000e-01 2.104571e-01
4.514000e-01 2.106196e-01
4.516000e-01 2.107796e-01
4.518000e-01 2.109372e-01
4.520000e-01 2.110923e-01
4.522000e-01 2.112449e-01
4.524000e-01 2.113951e-01
4.526000e-01 2.115428e-01
4.528000e-01 2.116882e-01
4.530000e-01 2.118314e-01
4.532000e-01 2.119723e-01
4.534000e-01 2.121112e-01
4.536000e-01 2.122482e-01
4.538000e-01 2.123835e-01
4.540000e-01 2.125172e-01
4.542000e-01 2.126494e-01
4.544000e-01 2.127806e-01
4.546000e-01 2.129108e-01
4.548000e-01 2.130403e-01
4.550000e-01 2.131694e-01
4.552000e-01 2.132983e-01
4.554000e-01 2.134273e-01
4.556000e-01 2.136720e-01
4.558000e-01 2.138458e-01
4.560000e-01 2.140183e-01
4.562000e-01 2.141895e-01
4.564000e-01 2.143595e-01
4.566000e-01 2.145283e-01
4.568000e-01 2.146958e-01
4.570000e-01 2.148620e-01
4.572000e-01 2.150270e-01
4.574000e-01 2.151908e-01
4.576000e-01 2.153533e-01
4.578000e-01 2.155146e-01
4.580000e-01 2.156747e-01
4.582000e-01 2.158335e-01
4.584000e-01 2.159911e-01
4.586000e-01 2.161475e-01
4.588000e-01 2.163027e-01
4.590000e-01 2.164567e-01
4.592000e-01 2.166094e-01
4.594000e-01 2.167610e-01
4.596000e-01 2.169113e-01
4.598000e-01 2.170604e-01
4.600000e-01 2.172083e-01
4.602000e-01 2.173551e-01
4.604000e-01 2.175006e-01
4.606000e-01 2.176449e-01
4.608000e-01 2.177881e-01
4.610000e-01 2.179301e-01
4.612000e-01 2.180708e-01
4.614000e-01 2.182104e-01
4.616000e-01 2.183489e-01
4.618000e-01 2.184861e-01
4.620000e-01 2.186222e-01
4.622000e-01 2.187572e-01
4.624000e-01 2.188909e-01
4.626000e-01 2.190235e-01
4.628000e-01 2.191550e-01
4.630000e-01 2.192853e-01
4.632000e-01 2.194144e-01
4.634000e-01 2.195424e-01
4.636000e-01 2.196693e-01
4.638000e-01 2.197950e-01
4.640000e-01 2.199196e-01
4.642000e-01 2.200430e-01
4.644000e-01 2.201653e-01
4.646000e-01 2.202865e-01
4.648000e-01 2.204066e-01
4.650000e-01 2.205255e-01
4.652000e-01 2.206434e-01
4.654000e-01 2.207601e-01
4.656000e-01 2.208757e-01
4.658000e-01 2.209902e-01
4.660000e-01 2.211036e-01
4.662000e-01 2.212159e-01
4.664000e-01 2.213271e-01
4.666000e-01 2.214372e-01
4.668000e-01 2.215462e-01
4.670000e-01 2.216541e-01
4.672000e-01 2.217609e-01
4.674000e-01 2.218667e-01
4.676000e-01 2.219714e-01
4.678000e-01 2.220750e-01
4.680000e-01 2.221775e-01
4.682000e-01 2.222790e-01
4.684000e-01 2.223794e-01
4.686000e-01 2.224787e-01
4.688000e-01 2.225770e-01
4.690000e-01 2.226742e-01
4.692000e-01 2.227704e-01
4.694000e-01 2.228655e-01
4.696000e-01 2.229596e-01
4.698000e-01 2.230526e-01
4.700000e-01 2.231446e-01
4.702000e-01 2.232356e-01
4.704000e-01 2.233255e-01
4.706000e-01 2.234144e-01
4.708000e-01 2.235022e-01
4.710000e-01 2.235891e-01
4.712000e-01 2.236749e-01
4.714000e-01 2.237597e-01
4.716000e-01 2.238435e-01
4.718000e-01 2.239262e-01
4.720000e-01 2.240080e-01
4.722000e-01 2.240887e-01
4.724000e-01 2.241685e-01
4.726000e-01 2.242472e-01
4.728000e-01 2.243249e-01
4.730000e-01 2.244017e-01
4.732000e-01 2.244774e-01
4.734000e-01 2.245522e-01
4.736000e-01 2.246260e-01
4.738000e-01 2.246988e-01
4.740000e-01 2.247706e-01
4.742000e-01 2.248414e-01
4.744000e-01 2.249113e-01
4.746000e-01 2.249801e-01
4.748000e-01 2.250480e-01
4.750000e-01 2.251150e-01
4.752000e-01 2.251810e-01
4.754000e-01 2.252460e-01
4.756000e-01 2.253100e-01
4.758000e-01 2.253731e-01
4.760000e-01 2.254352e-01
4.762000e-01 2.254964e-01
4.764000e-01 2.255566e-01
4.766000e-01 2.256159e-01
4.768000e-01 2.256743e-01
4.770000e-01 2.257317e-01
4.772000e-01 2.257881e-01
4.774000e-01 2.258436e-01
4.776000e-01 2.258982e-01
4.778000e-01 2.259518e-01
4.780000e-01 2.260045e-01
4.782000e-01 2.260563e-01
4.784000e-01 2.261072e-01
4.786000e-01 2.261571e-01
4.788000e-01 2.262061e-01
4.790000e-01 2.262541e-01
4.792000e-01 2.263013e-01
4.794000e-01 2.263475e-01
4.796000e-01 2.263929e-01
4.798000e-01 2.264373e-01
4.800000e-01 2.264808e-01
4.802000e-01 2.265234e-01
4.804000e-01 2.265651e-01
4.806000e-01 2.266058e-01
4.808000e-01 2.266457e-01
4.810000e-01 2.266847e-01
4.812000e-01 2.267227e-01
4.814000e-01 2.267599e-01
4.816000e-01 2.267962e-01
4.818000e-01 2.268316e-01
4.820000e-01 2.268660e-01
4.822000e-01 2.268996e-01
4.824000e-01 2.269323e-01
4.826000e-01 2.269642e-01
4.828000e-01 2.269951e-01
4.830000e-01 2.270251e-01
4.832000e-01 2.270543e-01
4.834000e-01 2.270825e-01
4.836000e-01 2.271099e-01
4.838000e-01 2.271364e-01
4.840000e-01 2.271621e-01
4.842000e-01 2.271868e-01
4.844000e-01 2.272107e-01
4.846000e-01 2.272337e-01
4.848000e-01 2.272558e-01
4.850000e-01 2.272771e-01
4.852000e-01 2.272975e-01
4.854000e-01 2.273170e-01
4.856000e-01 2.273356e-01
4.858000e-01 2.273534e-01
4.860000e-01 2.273703e-01
4.862000e-01 2.273863e-01
4.864000e-01 2.274015e-01
4.866000e-01 2.274158e-01
4.868000e-01 2.274293e-01
4.870000e-01 2.274419e-01
4.872000e-01 2.274536e-01
4.874000e-01 2.274644e-01
4.876000e-01 2.274744e-01
4.878000e-01 2.274836e-01
4.880000e-01 2.274918e-01
4.882000e-01 2.274993e-01
4.884000e-01 2.275058e-01
4.886000e-01 2.275115e-01
4.888000e-01 2.275164e-01
4.890000e-01 2.275203e-01
4.892000e-01 2.275235e-01
4.894000e-01 2.275257e-01
4.896000e-01 2.275272e-01
4.898000e-01 2.275277e-01
4.900000e-01 2.275274e-01
4.902000e-01 2.275263e-01
4.904000e-01 2.275243e-01
4.906000e-01 2.275214e-01
4.908000e-01 2.275177e-01
4.910000e-01 2.275132e-01
4.912000e-01 2.275077e-01
4.914000e-01 2.275015e-01
4.916000e-01 2.274943e-01
4.918000e-01 2.274863e-01
4.920000e-01 2.274775e-01
4.922000e-01 2.274678e-01
4.924000e-01 2.274573e-01
4.926000e-01 2.274459e-01
4.928000e-01 2.274336e-01
4.930000e-01 2.274205e-01
4.932000e-01 2.274065e-01
4.934000e-01 2.273917e-01
4.936000e-01 2.273761e-01
4.938000e-01 2.273595e-01
4.940000e-01 2.273421e-01
4.942000e-01 2.273239e-01
4.944000e-01 2.273048e-01
4.946000e-01 2.272848e-01
4.948000e-01 2.272640e-01
4.950000e-01 2.272423e-01
4.952000e-01 2.272198e-01
4.954000e-01 2.271964e-01
4.956000e-01 2.271721e-01
4.958000e-01 2.271470e-01
4.960000e-01 2.271210e-01
4.962000e-01 2.270942e-01
4.964000e-01 2.270665e-01
4.966000e-01 2.270379e-01
4.968000e-01 2.270085e-01
4.970000e-01 2.269782e-01
4.972000e-01 2.269470e-01
4.974000e-01 2.269150e-01
4.976000e-01 2.268821e-01
4.978000e-01 2.268483e-01
4.980000e-01 2.268136e-01
4.982000e-01 2.267781e-01
4.984000e-01 2.267417e-01
4.986000e-01 2.267045e-01
4.988000e-01 2.266663e-01
4.990000e-01 2.266273e-01
4.992000e-01 2.265874e-01
4.994000e-01 2.265466e-01
4.996000e-01 2.265050e-01
4.998000e-01 2.264624e-01
5.000000e-01 2.264190e-01
5.002000e-01 2.263747e-01
5.004000e-01 2.263295e-01
5.006000e-01 2.262835e-01
5.008000e-01 2.262365e-01
5.010000e-01 2.261886e-01
5.012000e-01 2.261399e-01
5.014000e-01 2.260903e-01
5.016000e-01 2.260397e-01
5.018000e-01 2.259883e-01
5.020000e-01 2.259360e-01
5.022000e-01 2.258828e-01
5.024000e-01 2.258286e-01
5.026000e-01 2.257736e-01
5.028000e-01 2.257177e-01
5.030000e-01 2.256609e-01
5.032000e-01 2.256031e-01
5.034000e-01 2.255445e-01
5.036000e-01 2.254849e-01
5.038000e-01 2.254245e-01
5.040000e-01 2.253631e-01
5.042000e-01 2.253008e-01
5.044000e-01 2.252376e-01
5.046000e-01 2.251734e-01
5.048000e-01 2.251084e-01
5.050000e-01 2.250424e-01
5.052000e-01 2.249755e-01
5.054000e-01 2.249076e-01
5.056000e-01 2.248389e-01
5.058000e-01 2.247692e-01
5.060000e-01 2.246986e-01
5.062000e-01 2.246270e-01
5.064000e-01 2.245545e-01
5.066000e-01 2.244811e-01
5.068000e-01 2.244067e-01
5.070000e-01 2.243314e-01
5.072000e-01 2.242551e-01
5.074000e-01 2.241779e-01
5.076000e-01 2.240997e-01
5.078000e-01 2.240206e-01
5.080000e-01 2.239405e-01
5.082000e-01 2.238595e-01
5.084000e-01 2.237775e-01
5.086000e-01 2.236946e-01
5.088000e-01 2.236107e-01
5.090000e-01 2.235258e-01
5.092000e-01 2.234400e-01
5.094000e-01 2.233532e-01
5.096000e-01 2.232654e-01
5.098000e-01 2.231766e-01
5.100000e-01 2.230869e-01
5.102000e-01 2.229962e-01
5.104000e-01 2.229045e-01
5.106000e-01 2.228119e-01
5.108000e-01 2.227182e-01
5.110000e-01 2.226236e-01
5.112000e-01 2.225279e-01
5.114000e-01 2.224313e-01
5.116000e-01 2.223337e-01
5.118000e-01 2.222351e-01
5.120000e-01 2.221355e-01
5.122000e-01 2.220349e-01
5.124000e-01 2.219333e-01
5.126000e-01 2.218307e-01
5.128000e-01 2.217270e-01
5.130000e-01 2.216224e-01
5.132000e-01 2.215168e-01
5.134000e-01 2.214101e-01
5.136000e-01 2.213024e-01
5.138000e-01 2.211937e-01
5.140000e-01 2.210840e-01
5.142000e-01 2.209733e-01
5.144000e-01 2.208615e-01
5.146000e-01 2.207487e-01
5.148000e-01 2.206349e-01
5.150000e-01 2.205200e-01
5.152000e-01 2.204041e-01
5.154000e-01 2.202872e-01
5.156000e-01 2.201692e-01
5.158000e-01 2.200502e-01
5.160000e-01 2.199301e-01
5.162000e-01 2.198090e-01
5.164000e-01 2.196869e-01
5.166000e-01 2.195637e-01
5.168000e-01 2.194394e-01
5.170000e-01 2.193141e-01
5.172000e-01 2.191877e-01
5.174000e-01 2.190603e-01
5.176000e-01 2.189318e-01
5.178000e-01 2.188022e-01
5.180000e-01 2.186716e-01
5.182000e-01 2.185399e-01
5.184000e-01 2.184072e-01
5.186000e-01 2.182733e-01
5.188000e-01 2.181384e-01
5.190000e-01 2.180024e-01
5.192000e-01 2.178654e-01
5.194000e-01 2.177272e-01
5.196000e-01 2.175880e-01
5.198000e-01 2.174477e-01
5.200000e-01 2.173063e-01
5.202000e-01 2.171638e-01
5.204000e-01 2.170202e-01
5.206000e-01 2.168755e-01
5.208000e-01 2.167298e-01
5.210000e-01 2.165829e-01
5.212000e-01 2.164350e-01
5.214000e-01 2.162859e-01
5.216000e-01 2.161357e-01
5.218000e-01 2.159845e-01
5.220000e-01 2.158321e-01
5.222000e-01 2.156786e-01
5.224000e-01 2.155240e-01
5.226000e-01 2.153684e-01
5.228000e-01 2.152116e-01
5.230000e-01 2.150536e-01
5.232000e-01 2.148946e-01
5.234000e-01 2.147345e-01
5.236000e-01 2.145732e-01
5.238000e-01 2.144108e-01
5.240000e-01 2.142473e-01
5.242000e-01 2.140827e-01
5.244000e-01 2.139170e-01
5.246000e-01 2.137501e-01
5.248000e-01 2.135821e-01
5.250000e-01 2.134130e-01
5.252000e-01 2.132427e-01
5.254000e-01 2.130714e-01
5.256000e-01 2.128989e-01
5.258000e-01 2.127252e-01
5.260000e-01 2.125505e-01
5.262000e-01 2.123746e-01
5.264000e-01 2.121976e-01
5.266000e-01 2.120194e-01
5.268000e-01 2.118401e-01
5.270000e-01 2.116597e-01
5.272000e-01 2.114781e-01
5.274000e-01 2.112954e-01
5.276000e-01 2.111116e-01
5.278000e-01 2.109266e-01
5.280000e-01 2.107405e-01
5.282000e-01 2.105533e-01
5.284000e-01 2.103649e-01
5.286000e-01 2.101753e-01
5.288000e-01 2.099847e-01
5.290000e-01 2.097929e-01
5.292000e-01 2.095999e-01
5.294000e-01 2.094059e-01
5.296000e-01 2.092107e-01
5.298000e-01 2.090143e-01
5.300000e-01 2.088168e-01
5.302000e-01 2.086182e-01
5.304000e-01 2.084184e-01
5.306000e-01 2.082175e-01
5.308000e-01 2.080155e-01
5.310000e-01 2.078123e-01
5.312000e-01 2.076080e-01
5.314000e-01 2.074025e-01
5.316000e-01 2.071959e-01
5.318000e-01 2.069882e-01
5.320000e-01 2.067794e-01
5.322000e-01 2.065694e-01
5.324000e-01 2.063583e-01
5.326000e-01 2.061460e-01
5.328000e-01 2.059327e-01
5.330000e-01 2.057182e-01
5.332000e-01 2.055025e-01
5.334000e-01 2.052858e-01
5.336000e-01 2.050679e-01
5.338000e-01 2.048489e-01
5.340000e-01 2.046288e-01
5.342000e-01 2.044076e-01
5.344000e-01 2.041852e-01
5.346000e-01 2.039618e-01
5.348000e-01 2.037372e-01
5.350000e-01 2.035115e-01
5.352000e-01 2.032848e-01
5.354000e-01 2.030569e-01
5.356000e-01 2.028279e-01
5.358000e-01 2.027033e-01
5.360000e-01 2.025031e-01
5.362000e-01 2.022992e-01
5.364000e-01 2.020917e-01
5.366000e-01 2.018807e-01
5.368000e-01 2.016662e-01
5.370000e-01 2.014484e-01
5.372000e-01 2.012273e-01
5.374000e-01 2.010031e-01
5.376000e-01 2.007758e-01
5.378000e-01 2.005454e-01
5.380000e-01 2.003122e-01
5.382000e-01 2.000761e-01
5.384000e-01 1.998373e-01
5.386000e-01 1.995957e-01
5.388000e-01 1.993516e-01
5.390000e-01 1.991050e-01
5.392000e-01 1.988558e-01
5.394000e-01 1.986043e-01
5.396000e-01 1.983505e-01
5.398000e-01 1.980945e-01
5.400000e-01 1.978363e-01
5.402000e-01 1.975760e-01
5.404000e-01 1.973136e-01
5.406000e-01 1.970493e-01
5.408000e-01 1.967831e-01
5.410000e-01 1.965150e-01
5.412000e-01 1.962451e-01
5.414000e-01 1.959736e-01
5.416000e-01 1.957004e-01
5.418000e-01 1.954255e-01
5.420000e-01 1.951492e-01
5.422000e-01 1.948713e-01
5.424000e-01 1.945921e-01
5.426000e-01 1.943114e-01
5.428000e-01 1.940294e-01
5.430000e-01 1.937462e-01
5.432000e-01 1.934618e-01
5.434000e-01 1.931762e-01
5.436000e-01 1.928894e-01
5.438000e-01 1.926017e-01
5.440000e-01 1.923128e-01
5.442000e-01 1.920231e-01
5.444000e-01 1.917324e-01
5.446000e-01 1.914408e-01
5.448000e-01 1.911483e-01
5.450000e-01 1.908551e-01
5.452000e-01 1.905612e-01
5.454000e-01 1.902665e-01
5.456000e-01 1.899711e-01
5.458000e-01 1.896751e-01
5.460000e-01 1.893786e-01
5.462000e-01 1.890814e-01
5.464000e-01 1.887838e-01
5.466000e-01 1.884857e-01
5.468000e-01 1.881871e-01
5.470000e-01 1.878881e-01
5.472000e-01 1.875887e-01
5.474000e-01 1.872890e-01
5.476000e-01 1.869889e-01
5.478000e-01 1.866886e-01
5.480000e-01 1.863880e-01
5.482000e-01 1.860872e-01
5.484000e-01 1.857862e-01
5.486000e-01 1.854851e-01
5.488000e-01 1.851838e-01
5.490000e-01 1.848824e-01
5.492000e-01 1.845808e-01
5.494000e-01 1.842793e-01
5.496000e-01 1.839777e-01
5.498000e-01 1.836760e-01
5.500000e-01 1.833744e-01
5.502000e-01 1.830728e-01
5.504000e-01 1.827713e-01
5.506000e-01 1.824698e-01
5.508000e-01 1.821684e-01
5.510000e-01 1.818672e-01
5.512000e-01 1.815660e-01
5.514000e-01 1.812651e-01
5.516000e-01 1.809643e-01
5.518000e-01 1.806636e-01
5.520000e-01 1.803632e-01
5.522000e-01 1.800630e-01
5.524000e-01 1.797630e-01
5.526000e-01 1.794633e-01
5.528000e-01 1.791638e-01
5.530000e-01 1.788647e-01
5.532000e-01 1.785658e-01
5.534000e-01 1.782672e-01
5.536000e-01 1.779689e-01
5.538000e-01 1.776710e-01
5.540000e-01 1.773734e-01
5.542000e-01 1.770761e-01
5.544000e-01 1.767792e-01
5.546000e-01 1.764827e-01
5.548000e-01 1.761866e-01
5.550000e-01 1.758908e-01
5.552000e-01 1.755954e-01
5.554000e-01 1.753005e-01
5.556000e-01 1.750059e-01
5.558000e-01 1.747118e-01
5.560000e-01 1.744181e-01
5.562000e-01 1.741248e-01
5.564000e-01 1.738320e-01
5.566000e-01 1.735396e-01
5.568000e-01 1.732477e-01
5.570000e-01 1.729562e-01
5.572000e-01 1.726651e-01
5.574000e-01 1.723746e-01
5.576000e-01 1.720845e-01
5.578000e-01 1.717948e-01
5.580000e-01 1.715057e-01
5.582000e-01 1.712170e-01
5.584000e-01 1.709287e-01
5.586000e-01 1.706410e-01
5.588000e-01 1.703537e-01
5.590000e-01 1.700669e-01
5.592000e-01 1.697806e-01
5.594000e-01 1.694948e-01
5.596000e-01 1.692094e-01
5.598000e-01 1.689246e-01
5.600000e-01 1.686402e-01
5.602000e-01 1.683563e-01
5.604000e-01 1.680728e-01
5.606000e-01 1.677899e-01
5.608000e-01 1.675074e-01
5.610000e-01 1.672254e-01
5.612000e-01 1.669438e-01
5.614000e-01 1.666628e-01
5.616000e-01 1.663822e-01
5.618000e-01 1.661020e-01
5.620000e-01 1.658224e-01
5.622000e-01 1.655432e-01
5.624000e-01 1.652644e-01
5.626000e-01 1.649861e-01
5.628000e-01 1.647082e-01
5.630000e-01 1.644308e-01
5.632000e-01 1.641539e-01
5.634000e-01 1.638773e-01
5.636000e-01 1.636012e-01
5.638000e-01 1.633255e-01
5.640000e-01 1.630503e-01
5.642000e-01 1.627754e-01
5.644000e-01 1.625010e-01
5.646000e-01 1.622270e-01
5.648000e-01 1.619534e-01
5.650000e-01 1.616802e-01
5.652000e-01 1.614073e-01
5.654000e-01 1.611349e-01
5.656000e-01 1.608628e-01
5.658000e-01 1.605911e-01
5.660000e-01 1.603198e-01
5.662000e-01 1.600488e-01
5.664000e-01 1.597782e-01
5.666000e-01 1.595080e-01
5.668000e-01 1.592380e-01
5.670000e-01 1.589685e-01
5.672000e-01 1.586992e-01
5.674000e-01 1.584303e-01
5.676000e-01 1.581617e-01
5.678000e-01 1.578933e-01
5.680000e-01 1.576253e-01
5.682000e-01 1.573576e-01
5.684000e-01 1.570902e-01
5.686000e-01 1.568230e-01
5.688000e-01 1.565562e-01
5.690000e-01 1.562896e-01
5.692000e-01 1.560232e-01
5.694000e-01 1.557571e-01
5.696000e-01 1.554913e-01
5.698000e-01 1.552257e-01
5.700000e-01 1.549603e-01
5.702000e-01 1.546951e-01
5.704000e-01 1.544302e-01
5.706000e-01 1.541654e-01
5.708000e-01 1.539009e-01
5.710000e-01 1.536365e-01
5.712000e-01 1.533724e-01
5.714000e-01 1.531084e-01
5.716000e-01 1.528446e-01
5.718000e-01 1.525810e-01
5.720000e-01 1.523175e-01
5.722000e-01 1.520541e-01
5.724000e-01 1.517909e-01
5.726000e-01 1.515279e-01
5.728000e-01 1.512650e-01
5.730000e-01 1.510022e-01
5.732000e-01 1.507395e-01
5.734000e-01 1.504769e-01
5.736000e-01 1.502144e-01
5.738000e-01 1.499520e-01
5.740000e-01 1.496897e-01
5.742000e-01 1.494275e-01
5.744000e-01 1.491653e-01
5.746000e-01 1.489033e-01
5.748000e-01 1.486412e-01
5.750000e-01 1.483793e-01
5.752000e-01 1.481173e-01
5.754000e-01 1.478555e-01
5.756000e-01 1.475936e-01
5.758000e-01 1.473318e-01
5.760000e-01 1.470700e-01
5.762000e-01 1.468082e-01
5.764000e-01 1.465465e-01
5.766000e-01 1.462847e-01
5.768000e-01 1.460229e-01
5.770000e-01 1.457612e-01
5.772000e-01 1.454994e-01
5.774000e-01 1.452376e-01
5.776000e-01 1.449758e-01
5.778000e-01 1.447139e-01
5.780000e-01 1.444520e-01
5.782000e-01 1.441901e-01
5.784000e-01 1.439281e-01
5.786000e-01 1.436661e-01
5.788000e-01 1.434040e-01
5.790000e-01 1.431419e-01
5.792000e-01 1.428797e-01
5.794000e-01 1.426174e-01
5.796000e-01 1.423551e-01
5.798000e-01 1.420927e-01
5.800000e-01 1.418302e-01
5.802000e-01 1.415676e-01
5.804000e-01 1.413049e-01
5.806000e-01 1.410422e-01
5.808000e-01 1.407793e-01
5.810000e-01 1.405163e-01
5.812000e-01 1.402533e-01
5.814000e-01 1.399901e-01
5.816000e-01 1.397269e-01
5.818000e-01 1.394635e-01
5.820000e-01 1.392000e-01
5.822000e-01 1.389364e-01
5.824000e-01 1.386727e-01
5.826000e-01 1.384088e-01
5.828000e-01 1.381448e-01
5.830000e-01 1.378807e-01
5.832000e-01 1.376165e-01
5.834000e-01 1.373521e-01
5.836000e-01 1.370877e-01
5.838000e-01 1.368230e-01
5.840000e-01 1.365583e-01
5.842000e-01 1.362934e-01
5.844000e-01 1.360284e-01
5.846000e-01 1.357632e-01
5.848000e-01 1.354979e-01
5.850000e-01 1.352324e-01
5.852000e-01 1.349669e-01
5.854000e-01 1.347011e-01
5.856000e-01 1.344353e-01
5.858000e-01 1.341693e-01
5.860000e-01 1.339031e-01
5.862000e-01 1.336368e-01
5.864000e-01 1.333704e-01
5.866000e-01 1.331038e-01
5.868000e-01 1.328371e-01
5.870000e-01 1.325703e-01
5.872000e-01 1.323033e-01
5.874000e-01 1.320362e-01
5.876000e-01 1.317689e-01
5.878000e-01 1.315015e-01
5.880000e-01 1.312340e-01
5.882000e-01 1.309664e-01
5.884000e-01 1.306986e-01
5.886000e-01 1.304307e-01
5.888000e-01 1.301626e-01
5.890000e-01 1.298945e-01
5.892000e-01 1.296262e-01
5.894000e-01 1.293578e-01
5.896000e-01 1.290893e-01
5.898000e-01 1.288206e-01
5.900000e-01 1.285519e-01
5.902000e-01 1.282830e-01
5.904000e-01 1.280141e-01
5.906000e-01 1.277450e-01
5.908000e-01 1.274759e-01
5.910000e-01 1.272066e-01
5.912000e-01 1.269373e-01
5.914000e-01 1.266678e-01
5.916000e-01 1.263983e-01
5.918000e-01 1.261287e-01
5.920000e-01 1.258590e-01
5.922000e-01 1.255893e-01
5.924000e-01 1.253195e-01
5.926000e-01 1.250496e-01
5.928000e-01 1.247797e-01
5.930000e-01 1.245097e-01
5.932000e-01 1.242396e-01
5.934000e-01 1.239695e-01
5.936000e-01 1.236994e-01
5.938000e-01 1.234292e-01
5.940000e-01 1.231590e-01
5.942000e-01 1.228888e-01
5.944000e-01 1.226185e-01
5.946000e-01 1.223483e-01
5.948000e-01 1.220780e-01
5.950000e-01 1.218077e-01
5.952000e-01 1.215375e-01
5.954000e-01 1.212672e-01
5.956000e-01 1.209970e-01
5.958000e-01 1.207267e-01
5.960000e-01 1.204565e-01
5.962000e-01 1.201863e-01
5.964000e-01 1.199162e-01
5.966000e-01 1.196461e-01
5.968000e-01 1.193761e-01
5.970000e-01 1.191061e-01
5.972000e-01 1.188361e-01
5.974000e-01 1.185663e-01
5.976000e-01 1.182965e-01
5.978000e-01 1.180268e-01
5.980000e-01 1.177572e-01
5.982000e-01 1.174876e-01
5.984000e-01 1.172182e-01
5.986000e-01 1.169489e-01
5.988000e-01 1.166797e-01
5.990000e-01 1.164106e-01
5.992000e-01 1.161417e-01
5.994000e-01 1.158728e-01
5.996000e-01 1.156042e-01
5.998000e-01 1.153356e-01
6.000000e-01 1.150673e-01
6.002000e-01 1.147990e-01
6.004000e-01 1.145310e-01
6.006000e-01 1.142631e-01
6.008000e-01 1.139954e-01
6.010000e-01 1.137279e-01
6.012000e-01 1.134606e-01
6.014000e-01 1.131935e-01
6.016000e-01 1.129266e-01
6.018000e-01 1.126600e-01
6.020000e-01 1.123935e-01
6.022000e-01 1.121273e-01
6.024000e-01 1.118613e-01
6.026000e-01 1.115955e-01
6.028000e-01 1.113300e-01
6.030000e-01 1.110648e-01
6.032000e-01 1.107998e-01
6.034000e-01 1.105351e-01
6.036000e-01 1.102706e-01
6.038000e-01 1.100065e-01
6.040000e-01 1.097426e-01
6.042000e-01 1.094790e-01
6.044000e-01 1.092157e-01
6.046000e-01 1.089528e-01
6.048000e-01 1.086901e-01
6.050000e-01 1.084278e-01
6.052000e-01 1.081657e-01
6.054000e-01 1.079040e-01
6.056000e-01 1.076427e-01
6.058000e-01 1.073816e-01
6.060000e-01 1.071209e-01
6.062000e-01 1.068606e-01
6.064000e-01 1.066006e-01
6.066000e-01 1.063410e-01
6.068000e-01 1.060817e-01
6.070000e-01 1.058228e-01
6.072000e-01 1.055643e-01
6.074000e-01 1.053062e-01
6.076000e-01 1.050484e-01
6.078000e-01 1.047910e-01
6.080000e-01 1.045340e-01
6.082000e-01 1.042774e-01
6.084000e-01 1.040212e-01
6.086000e-01 1.037654e-01
6.088000e-01 1.035100e-01
6.090000e-01 1.032550e-01
6.092000e-01 1.030004e-01
6.094000e-01 1.027462e-01
6.096000e-01 1.024924e-01
6.098000e-01 1.022390e-01
6.100000e-01 1.019861e-01
6.102000e-01 1.017335e-01
6.104000e-01 1.014814e-01
6.106000e-01 1.012297e-01
6.108000e-01 1.009784e-01
6.110000e-01 1.007275e-01
6.112000e-01 1.004771e-01
6.114000e-01 1.002270e-01
6.116000e-01 9.997739e-02
6.118000e-01 9.972818e-02
6.120000e-01 9.947939e-02
6.122000e-01 9.923100e-02
6.124000e-01 9.898303e-02
6.126000e-01 9.873547e-02
6.128000e-01 9.848832e-02
6.130000e-01 9.824157e-02
6.132000e-01 9.799522e-02
6.134000e-01 9.774927e-02
6.136000e-01 9.750371e-02
6.138000e-01 9.725855e-02
6.140000e-01 9.701377e-02
6.142000e-01 9.676937e-02
6.144000e-01 9.652534e-02
6.146000e-01 9.628169e-02
6.148000e-01 9.603839e-02
6.150000e-01 9.579546e-02
6.152000e-01 9.555287e-02
6.154000e-01 9.531063e-02
6.156000e-01 9.506872e-02
6.158000e-01 9.482714e-02
6.160000e-01 9.458588e-02
6.162000e-01 9.434492e-02
6.164000e-01 9.410427e-02
6.166000e-01 9.386390e-02
6.168000e-01 9.362382e-02
6.170000e-01 9.338400e-02
6.172000e-01 9.314444e-02
6.174000e-01 9.290512e-02
6.176000e-01 9.266603e-02
6.178000e-01 9.242717e-02
6.180000e-01 9.218850e-02
6.182000e-01 9.195003e-02
6.184000e-01 9.171174e-02
6.186000e-01 9.147361e-02
6.188000e-01 9.123562e-02
6.190000e-01 9.099776e-02
6.192000e-01 9.076001e-02
6.194000e-01 9.052236e-02
6.196000e-01 9.028479e-02
6.198000e-01 9.004727e-02
6.200000e-01 8.980980e-02
6.202000e-01 8.957234e-02
6.204000e-01 8.933488e-02
6.206000e-01 8.909739e-02
6.208000e-01 8.885987e-02
6.210000e-01 8.862227e-02
6.212000e-01 8.838459e-02
6.214000e-01 8.814679e-02
6.216000e-01 8.790885e-02
6.218000e-01 8.767075e-02
6.220000e-01 8.743246e-02
6.222000e-01 8.719395e-02
6.224000e-01 8.695520e-02
6.226000e-01 8.671617e-02
6.228000e-01 8.647685e-02
6.230000e-01 8.623719e-02
6.232000e-01 8.599718e-02
6.234000e-01 8.575677e-02
6.236000e-01 8.551594e-02
6.238000e-01 8.527465e-02
6.240000e-01 8.503288e-02
6.242000e-01 8.479057e-02
6.244000e-01 8.454771e-02
6.246000e-01 8.430426e-02
6.248000e-01 8.406017e-02
6.250000e-01 8.381541e-02
6.252000e-01 8.356995e-02
6.254000e-01 8.332374e-02
6.256000e-01 8.307674e-02
6.258000e-01 8.282891e-02
6.260000e-01 8.258021e-02
6.262000e-01 8.233059e-02
6.264000e-01 8.208002e-02
6.266000e-01 8.182845e-02
6.268000e-01 8.157583e-02
6.270000e-01 8.132211e-02
6.272000e-01 8.106725e-02
6.274000e-01 8.081120e-02
6.276000e-01 8.055391e-02
6.278000e-01 8.029533e-02
6.280000e-01 8.003540e-02
6.282000e-01 7.977408e-02
6.284000e-01 7.951131e-02
6.286000e-01 7.924704e-02
6.288000e-01 7.898120e-02
6.290000e-01 7.871375e-02
6.292000e-01 7.844463e-02
6.294000e-01 7.817377e-02
6.296000e-01 7.790112e-02
6.298000e-01 7.762661e-02
6.300000e-01 7.735019e-02
6.302000e-01 7.707179e-02
6.304000e-01 7.679134e-02
6.306000e-01 7.652545e-02
6.308000e-01 7.627489e-02
6.310000e-01 7.602432e-02
6.312000e-01 7.577376e-02
6.314000e-01 7.552320e-02
6.316000e-01 7.527264e-02
6.318000e-01 7.502207e-02
6.320000e-01 7.477152e-02
6.322000e-01 7.452097e-02
6.324000e-01 7.427045e-02
6.326000e-01 7.401997e-02
6.328000e-01 7.376955e-02
6.330000e-01 7.351922e-02
6.332000e-01 7.326900e-02
6.334000e-01 7.301893e-02
6.336000e-01 7.276904e-02
6.338000e-01 7.251938e-02
6.340000e-01 7.226999e-02
6.342000e-01 7.202092e-02
6.344000e-01 7.177222e-02
6.346000e-01 7.152395e-02
6.348000e-01 7.127617e-02
6.350000e-01 7.102895e-02
6.352000e-01 7.078235e-02
6.354000e-01 7.053646e-02
6.356000e-01 7.029134e-02
6.358000e-01 7.004709e-02
6.360000e-01 6.980378e-02
6.362000e-01 6.956150e-02
6.364000e-01 6.932036e-02
6.366000e-01 6.908044e-02
6.368000e-01 6.884186e-02
6.370000e-01 6.860471e-02
6.372000e-01 6.836911e-02
6.374000e-01 6.813518e-02
6.376000e-01 6.790302e-02
6.378000e-01 6.767277e-02
6.380000e-01 6.744455e-02
6.382000e-01 6.721849e-02
6.384000e-01 6.699473e-02
6.386000e-01 6.677341e-02
6.388000e-01 6.655466e-02
6.390000e-01 6.633864e-02
