1.000000e-01 0.000000e+00
1.002000e-01 1.584938e-09
1.004000e-01 3.251545e-09
1.006000e-01 5.001206e-09
1.008000e-01 6.835223e-09
1.010000e-01 8.754818e-09
1.012000e-01 1.076113e-08
1.014000e-01 1.285522e-08
1.016000e-01 1.503806e-08
1.018000e-01 1.731055e-08
1.020000e-01 1.967351e-08
1.022000e-01 2.212766e-08
1.024000e-01 2.467365e-08
1.026000e-01 2.731207e-08
1.028000e-01 3.004339e-08
1.030000e-01 3.286802e-08
1.032000e-01 3.578630e-08
1.034000e-01 3.879845e-08
1.036000e-01 4.147278e-08
1.038000e-01 4.419555e-08
1.040000e-01 4.696400e-08
1.042000e-01 4.977536e-08
1.044000e-01 5.262686e-08
1.046000e-01 5.551574e-08
1.048000e-01 5.843923e-08
1.050000e-01 6.139455e-08
1.052000e-01 6.437894e-08
1.054000e-01 6.738963e-08
1.056000e-01 7.042385e-08
1.058000e-01 7.347883e-08
1.060000e-01 7.655181e-08
1.062000e-01 7.964002e-08
1.064000e-01 8.274069e-08
1.066000e-01 8.585104e-08
1.068000e-01 8.896832e-08
1.070000e-01 9.208974e-08
1.072000e-01 9.522363e-08
1.074000e-01 9.836859e-08
1.076000e-01 1.015233e-07
1.078000e-01 1.046866e-07
1.080000e-01 1.078573e-07
1.082000e-01 1.110343e-07
1.084000e-01 1.142167e-07
1.086000e-01 1.174036e-07
1.088000e-01 1.205942e-07
1.090000e-01 1.237877e-07
1.092000e-01 1.269835e-07
1.094000e-01 1.301809e-07
1.096000e-01 1.333796e-07
1.098000e-01 1.365792e-07
1.100000e-01 1.397792e-07
1.102000e-01 1.429794e-07
1.104000e-01 1.461797e-07
1.106000e-01 1.493801e-07
1.108000e-01 1.525804e-07
1.110000e-01 1.557807e-07
1.112000e-01 1.589810e-07
1.114000e-01 1.621814e-07
1.116000e-01 1.653817e-07
1.118000e-01 1.685820e-07
1.120000e-01 1.717824e-07
1.122000e-01 1.749827e-07
1.124000e-01 1.781830e-07
1.126000e-01 1.813834e-07
1.128000e-01 1.845837e-07
1.130000e-01 1.877840e-07
1.132000e-01 1.909843e-07
1.134000e-01 1.941847e-07
1.136000e-01 1.973850e-07
1.138000e-01 2.005853e-07
1.140000e-01 2.037857e-07
1.142000e-01 2.069860e-07
1.144000e-01 2.101863e-07
1.146000e-01 2.133866e-07
1.148000e-01 2.165870e-07
1.150000e-01 2.197873e-07
1.152000e-01 2.229876e-07
1.154000e-01 2.261880e-07
1.156000e-01 2.293883e-07
1.158000e-01 2.325886e-07
1.160000e-01 2.357889e-07
1.162000e-01 2.389893e-07
1.164000e-01 2.421896e-07
1.166000e-01 2.453899e-07
1.168000e-01 2.485903e-07
1.170000e-01 2.517906e-07
1.172000e-01 2.549909e-07
1.174000e-01 2.581912e-07
1.176000e-01 2.613916e-07
1.178000e-01 2.645919e-07
1.180000e-01 2.677922e-07
1.182000e-01 2.709926e-07
1.184000e-01 2.741929e-07
1.186000e-01 2.773932e-07
1.188000e-01 2.805935e-07
1.190000e-01 2.837939e-07
1.192000e-01 2.869942e-07
1.194000e-01 2.901945e-07
1.196000e-01 2.933949e-07
1.198000e-01 2.965952e-07
1.200000e-01 2.997955e-07
1.202000e-01 3.029959e-07
1.204000e-01 3.061962e-07
1.206000e-01 3.093965e-07
1.208000e-01 3.125968e-07
1.210000e-01 3.157972e-07
1.212000e-01 3.189975e-07
1.214000e-01 3.221978e-07
1.216000e-01 3.253982e-07
1.218000e-01 3.285985e-07
1.220000e-01 3.317988e-07
1.222000e-01 3.349991e-07
1.224000e-01 3.381995e-07
1.226000e-01 3.413998e-07
1.228000e-01 3.446001e-07
1.230000e-01 3.478005e-07
1.232000e-01 3.510008e-07
1.234000e-01 3.542011e-07
1.236000e-01 3.574014e-07
1.238000e-01 3.606018e-07
1.240000e-01 3.638021e-07
1.242000e-01 3.670024e-07
1.244000e-01 3.702028e-07
1.246000e-01 3.734031e-07
1.248000e-01 3.766034e-07
1.250000e-01 3.798037e-07
1.252000e-01 3.830041e-07
1.254000e-01 3.862044e-07
1.256000e-01 3.894047e-07
1.258000e-01 3.926051e-07
1.260000e-01 3.958054e-07
1.262000e-01 3.990057e-07
1.264000e-01 4.022061e-07
1.266000e-01 4.054064e-07
1.268000e-01 4.086067e-07
1.270000e-01 4.118070e-07
1.272000e-01 4.150074e-07
1.274000e-01 4.182077e-07
1.276000e-01 4.214080e-07
1.278000e-01 4.246084e-07
1.280000e-01 4.278087e-07
1.282000e-01 4.310090e-07
1.284000e-01 4.342093e-07
1.286000e-01 4.374097e-07
1.288000e-01 4.406100e-07
1.290000e-01 4.438103e-07
1.292000e-01 4.470107e-07
1.294000e-01 4.502110e-07
1.296000e-01 4.534113e-07
1.298000e-01 4.566116e-07
1.300000e-01 4.598120e-07
1.302000e-01 4.630123e-07
1.304000e-01 4.662126e-07
1.306000e-01 4.694130e-07
1.308000e-01 4.726133e-07
1.310000e-01 4.758136e-07
1.312000e-01 4.790139e-07
1.314000e-01 4.822143e-07
1.316000e-01 4.854146e-07
1.318000e-01 4.886149e-07
1.320000e-01 4.918153e-07
1.322000e-01 4.950156e-07
1.324000e-01 4.982159e-07
1.326000e-01 5.014162e-07
1.328000e-01 5.046166e-07
1.330000e-01 5.078169e-07
1.332000e-01 5.110172e-07
1.334000e-01 5.142176e-07
1.336000e-01 5.174179e-07
1.338000e-01 5.206182e-07
1.340000e-01 5.238186e-07
1.342000e-01 5.270189e-07
1.344000e-01 5.302192e-07
1.346000e-01 5.334195e-07
1.348000e-01 5.366199e-07
1.350000e-01 5.398202e-07
1.352000e-01 5.430205e-07
1.354000e-01 5.462209e-07
1.356000e-01 5.494212e-07
1.358000e-01 5.526215e-07
1.360000e-01 5.558218e-07
1.362000e-01 5.590222e-07
1.364000e-01 5.622225e-07
1.366000e-01 5.654228e-07
1.368000e-01 5.686232e-07
1.370000e-01 5.718235e-07
1.372000e-01 5.750238e-07
1.374000e-01 5.782241e-07
1.376000e-01 5.814245e-07
1.378000e-01 5.846248e-07
1.380000e-01 5.878251e-07
1.382000e-01 5.910255e-07
1.384000e-01 5.942258e-07
1.386000e-01 5.974261e-07
1.388000e-01 6.006264e-07
1.390000e-01 6.038268e-07
1.392000e-01 6.070271e-07
1.394000e-01 6.102274e-07
1.396000e-01 6.134278e-07
1.398000e-01 6.166281e-07
1.400000e-01 6.198284e-07
1.402000e-01 6.230288e-07
1.404000e-01 6.262291e-07
1.406000e-01 6.294294e-07
1.408000e-01 6.326297e-07
1.410000e-01 6.358301e-07
1.412000e-01 6.390304e-07
1.414000e-01 6.422307e-07
1.416000e-01 6.454311e-07
1.418000e-01 6.486314e-07
1.420000e-01 6.518317e-07
1.422000e-01 6.550320e-07
1.424000e-01 6.582324e-07
1.426000e-01 6.614327e-07
1.428000e-01 6.646330e-07
1.430000e-01 6.678334e-07
1.432000e-01 6.710337e-07
1.434000e-01 6.742340e-07
1.436000e-01 6.774343e-07
1.438000e-01 6.806347e-07
1.440000e-01 6.838350e-07
1.442000e-01 6.870353e-07
1.444000e-01 6.902357e-07
1.446000e-01 6.934360e-07
1.448000e-01 6.966363e-07
1.450000e-01 6.998366e-07
1.452000e-01 7.030370e-07
1.454000e-01 7.062373e-07
1.456000e-01 7.094376e-07
1.458000e-01 7.126380e-07
1.460000e-01 7.158383e-07
1.462000e-01 7.190386e-07
1.464000e-01 7.222389e-07
1.466000e-01 7.254393e-07
1.468000e-01 7.286396e-07
1.470000e-01 7.318399e-07
1.472000e-01 7.350403e-07
1.474000e-01 7.382406e-07
1.476000e-01 7.414409e-07
1.478000e-01 7.446413e-07
1.480000e-01 7.478416e-07
1.482000e-01 7.510419e-07
1.484000e-01 7.542422e-07
1.486000e-01 7.574426e-07
1.488000e-01 7.606429e-07
1.490000e-01 7.638432e-07
1.492000e-01 7.670436e-07
1.494000e-01 7.702439e-07
1.496000e-01 7.734442e-07
1.498000e-01 7.766445e-07
1.500000e-01 7.798449e-07
1.502000e-01 7.830452e-07
1.504000e-01 7.862455e-07
1.506000e-01 7.894459e-07
1.508000e-01 7.926462e-07
1.510000e-01 7.958465e-07
1.512000e-01 7.990468e-07
1.514000e-01 8.022472e-07
1.516000e-01 8.054475e-07
1.518000e-01 8.086478e-07
1.520000e-01 8.118482e-07
1.522000e-01 8.150485e-07
1.524000e-01 8.182488e-07
1.526000e-01 8.214491e-07
1.528000e-01 8.246495e-07
1.530000e-01 8.278498e-07
1.532000e-01 8.310501e-07
1.534000e-01 8.342505e-07
1.536000e-01 8.374508e-07
1.538000e-01 8.406511e-07
1.540000e-01 8.438515e-07
1.542000e-01 8.470518e-07
1.544000e-01 8.502521e-07
1.546000e-01 8.534524e-07
1.548000e-01 8.566528e-07
1.550000e-01 8.598531e-07
1.552000e-01 8.630534e-07
1.554000e-01 8.662538e-07
1.556000e-01 8.694541e-07
1.558000e-01 8.726544e-07
1.560000e-01 8.758547e-07
1.562000e-01 8.790551e-07
1.564000e-01 8.822554e-07
1.566000e-01 8.854557e-07
1.568000e-01 8.886561e-07
1.570000e-01 8.918564e-07
1.572000e-01 8.950567e-07
1.574000e-01 8.982570e-07
1.576000e-01 9.014574e-07
1.578000e-01 9.046577e-07
1.580000e-01 9.078580e-07
1.582000e-01 9.110584e-07
1.584000e-01 9.142587e-07
1.586000e-01 9.174590e-07
1.588000e-01 9.206593e-07
1.590000e-01 9.238597e-07
1.592000e-01 9.270600e-07
1.594000e-01 9.302603e-07
1.596000e-01 9.334607e-07
1.598000e-01 9.366610e-07
1.600000e-01 9.398613e-07
1.602000e-01 9.430616e-07
1.604000e-01 9.462620e-07
1.606000e-01 9.494623e-07
1.608000e-01 9.526626e-07
1.610000e-01 9.558630e-07
1.612000e-01 9.590633e-07
1.614000e-01 9.622636e-07
1.616000e-01 9.654640e-07
1.618000e-01 9.686643e-07
1.620000e-01 9.718646e-07
1.622000e-01 9.750649e-07
1.624000e-01 9.782653e-07
1.626000e-01 9.814656e-07
1.628000e-01 9.846659e-07
1.630000e-01 9.878663e-07
1.632000e-01 9.910666e-07
1.634000e-01 9.942669e-07
1.636000e-01 9.974672e-07
1.638000e-01 1.000668e-06
1.640000e-01 1.003868e-06
1.642000e-01 1.007068e-06
1.644000e-01 1.010269e-06
1.646000e-01 1.013469e-06
1.648000e-01 1.016669e-06
1.650000e-01 1.019870e-06
1.652000e-01 1.023070e-06
1.654000e-01 1.026270e-06
1.656000e-01 1.029471e-06
1.658000e-01 1.032671e-06
1.660000e-01 1.035871e-06
1.662000e-01 1.039072e-06
1.664000e-01 1.042272e-06
1.666000e-01 1.045472e-06
1.668000e-01 1.048673e-06
1.670000e-01 1.051873e-06
1.672000e-01 1.055073e-06
1.674000e-01 1.058273e-06
1.676000e-01 1.061474e-06
1.678000e-01 1.064674e-06
1.680000e-01 1.067874e-06
1.682000e-01 1.071075e-06
1.684000e-01 1.074275e-06
1.686000e-01 1.077475e-06
1.688000e-01 1.080676e-06
1.690000e-01 1.083876e-06
1.692000e-01 1.087076e-06
1.694000e-01 1.090277e-06
1.696000e-01 1.093477e-06
1.698000e-01 1.096677e-06
1.700000e-01 1.099878e-06
1.702000e-01 1.103078e-06
1.704000e-01 1.106278e-06
1.706000e-01 1.109479e-06
1.708000e-01 1.112679e-06
1.710000e-01 1.115879e-06
1.712000e-01 1.119080e-06
1.714000e-01 1.122280e-06
1.716000e-01 1.125480e-06
1.718000e-01 1.128681e-06
1.720000e-01 1.131881e-06
1.722000e-01 1.135081e-06
1.724000e-01 1.138282e-06
1.726000e-01 1.141482e-06
1.728000e-01 1.144682e-06
1.730000e-01 1.147883e-06
1.732000e-01 1.151083e-06
1.734000e-01 1.154283e-06
1.736000e-01 1.157484e-06
1.738000e-01 1.160684e-06
1.740000e-01 1.163884e-06
1.742000e-01 1.167085e-06
1.744000e-01 1.170285e-06
1.746000e-01 1.173485e-06
1.748000e-01 1.176686e-06
1.750000e-01 1.179886e-06
1.752000e-01 1.183086e-06
1.754000e-01 1.186287e-06
1.756000e-01 1.189487e-06
1.758000e-01 1.192687e-06
1.760000e-01 1.195888e-06
1.762000e-01 1.199088e-06
1.764000e-01 1.202288e-06
1.766000e-01 1.205489e-06
1.768000e-01 1.208689e-06
1.770000e-01 1.211889e-06
1.772000e-01 1.215090e-06
1.774000e-01 1.218290e-06
1.776000e-01 1.221490e-06
1.778000e-01 1.224691e-06
1.780000e-01 1.227891e-06
1.782000e-01 1.231091e-06
1.784000e-01 1.234292e-06
1.786000e-01 1.237492e-06
1.788000e-01 1.240692e-06
1.790000e-01 1.243893e-06
1.792000e-01 1.247093e-06
1.794000e-01 1.250293e-06
1.796000e-01 1.253494e-06
1.798000e-01 1.256694e-06
1.800000e-01 1.259894e-06
1.802000e-01 1.263095e-06
1.804000e-01 1.266295e-06
1.806000e-01 1.269495e-06
1.808000e-01 1.272696e-06
1.810000e-01 1.275896e-06
1.812000e-01 1.279096e-06
1.814000e-01 1.282297e-06
1.816000e-01 1.285497e-06
1.818000e-01 1.288697e-06
1.820000e-01 1.291898e-06
1.822000e-01 1.295098e-06
1.824000e-01 1.298298e-06
1.826000e-01 1.301498e-06
1.828000e-01 1.304699e-06
1.830000e-01 1.307899e-06
1.832000e-01 1.311099e-06
1.834000e-01 1.314300e-06
1.836000e-01 1.317500e-06
1.838000e-01 1.320700e-06
1.840000e-01 1.323901e-06
1.842000e-01 1.327101e-06
1.844000e-01 1.330301e-06
1.846000e-01 1.333502e-06
1.848000e-01 1.336702e-06
1.850000e-01 1.339902e-06
1.852000e-01 1.343103e-06
1.854000e-01 1.346303e-06
1.856000e-01 1.349503e-06
1.858000e-01 1.352704e-06
1.860000e-01 1.355904e-06
1.862000e-01 1.359104e-06
1.864000e-01 1.362305e-06
1.866000e-01 1.365505e-06
1.868000e-01 1.368705e-06
1.870000e-01 1.371906e-06
1.872000e-01 1.375106e-06
1.874000e-01 1.378306e-06
1.876000e-01 1.381507e-06
1.878000e-01 1.384707e-06
1.880000e-01 1.387907e-06
1.882000e-01 1.391108e-06
1.884000e-01 1.394308e-06
1.886000e-01 1.397508e-06
1.888000e-01 1.400709e-06
1.890000e-01 1.403909e-06
1.892000e-01 1.407109e-06
1.894000e-01 1.410310e-06
1.896000e-01 1.413510e-06
1.898000e-01 1.416710e-06
1.900000e-01 1.419911e-06
1.902000e-01 1.423111e-06
1.904000e-01 1.426311e-06
1.906000e-01 1.429515e-06
1.908000e-01 1.432730e-06
1.910000e-01 1.435965e-06
1.912000e-01 1.439236e-06
1.914000e-01 1.442560e-06
1.916000e-01 1.445958e-06
1.918000e-01 1.449455e-06
1.920000e-01 1.453079e-06
1.922000e-01 1.456862e-06
1.924000e-01 1.460840e-06
1.926000e-01 1.465050e-06
1.928000e-01 1.469536e-06
1.930000e-01 1.474343e-06
1.932000e-01 1.479521e-06
1.934000e-01 1.485122e-06
1.936000e-01 1.491204e-06
1.938000e-01 1.497827e-06
1.940000e-01 1.505053e-06
1.942000e-01 1.512950e-06
1.944000e-01 1.521589e-06
1.946000e-01 1.531043e-06
1.948000e-01 1.541391e-06
1.950000e-01 1.552714e-06
1.952000e-01 1.565096e-06
1.954000e-01 1.578625e-06
1.956000e-01 1.593395e-06
1.958000e-01 1.609499e-06
1.960000e-01 1.627037e-06
1.962000e-01 1.646111e-06
1.964000e-01 1.666827e-06
1.966000e-01 1.689295e-06
1.968000e-01 1.713627e-06
1.970000e-01 1.739940e-06
1.972000e-01 1.768355e-06
1.974000e-01 1.798984e-06
1.976000e-01 1.831933e-06
1.978000e-01 1.867301e-06
1.980000e-01 1.905180e-06
1.982000e-01 1.945653e-06
1.984000e-01 1.988799e-06
1.986000e-01 2.034686e-06
1.988000e-01 2.083378e-06
1.990000e-01 2.134929e-06
1.992000e-01 2.189387e-06
1.994000e-01 2.246793e-06
1.996000e-01 2.307181e-06
1.998000e-01 2.370576e-06
2.000000e-01 2.436997e-06
2.002000e-01 2.506457e-06
2.004000e-01 2.578958e-06
2.006000e-01 2.654498e-06
2.008000e-01 2.733067e-06
2.010000e-01 2.814647e-06
2.012000e-01 2.899213e-06
2.014000e-01 2.986733e-06
2.016000e-01 3.077168e-06
2.018000e-01 3.170471e-06
2.020000e-01 3.266588e-06
2.022000e-01 3.365457e-06
2.024000e-01 3.467011e-06
2.026000e-01 3.571172e-06
2.028000e-01 3.677859e-06
2.030000e-01 3.786981e-06
2.032000e-01 3.898440e-06
2.034000e-01 4.012131e-06
2.036000e-01 4.127942e-06
2.038000e-01 4.245754e-06
2.040000e-01 4.365439e-06
2.042000e-01 4.486875e-06
2.044000e-01 4.609940e-06
2.046000e-01 4.734519e-06
2.048000e-01 4.860498e-06
2.050000e-01 4.987768e-06
2.052000e-01 5.116225e-06
2.054000e-01 5.245785e-06
2.056000e-01 5.376383e-06
2.058000e-01 5.507978e-06
2.060000e-01 5.640548e-06
2.062000e-01 5.774093e-06
2.064000e-01 5.908631e-06
2.066000e-01 6.044205e-06
2.068000e-01 6.180876e-06
2.070000e-01 6.318726e-06
2.072000e-01 6.457859e-06
2.074000e-01 6.598399e-06
2.076000e-01 6.740491e-06
2.078000e-01 6.884301e-06
2.080000e-01 7.030015e-06
2.082000e-01 7.177842e-06
2.084000e-01 7.328010e-06
2.086000e-01 7.480767e-06
2.088000e-01 7.636384e-06
2.090000e-01 7.795152e-06
2.092000e-01 7.957382e-06
2.094000e-01 8.123407e-06
2.096000e-01 8.293581e-06
2.098000e-01 8.468276e-06
2.100000e-01 8.647890e-06
2.102000e-01 8.832837e-06
2.104000e-01 9.023554e-06
2.106000e-01 9.220499e-06
2.108000e-01 9.424149e-06
2.110000e-01 9.635002e-06
2.112000e-01 9.853569e-06
2.114000e-01 1.008038e-05
2.116000e-01 1.031598e-05
2.118000e-01 1.056094e-05
2.120000e-01 1.081584e-05
2.122000e-01 1.108122e-05
2.124000e-01 1.135759e-05
2.126000e-01 1.164543e-05
2.128000e-01 1.194522e-05
2.130000e-01 1.225740e-05
2.132000e-01 1.258244e-05
2.134000e-01 1.292077e-05
2.136000e-01 1.327282e-05
2.138000e-01 1.363901e-05
2.140000e-01 1.401976e-05
2.142000e-01 1.441548e-05
2.144000e-01 1.482654e-05
2.146000e-01 1.525334e-05
2.148000e-01 1.569625e-05
2.150000e-01 1.615563e-05
2.152000e-01 1.663184e-05
2.154000e-01 1.712524e-05
2.156000e-01 1.763614e-05
2.158000e-01 1.816488e-05
2.160000e-01 1.871179e-05
2.162000e-01 1.927715e-05
2.164000e-01 1.986129e-05
2.166000e-01 2.046447e-05
2.168000e-01 2.108699e-05
2.170000e-01 2.172911e-05
2.172000e-01 2.239110e-05
2.174000e-01 2.307320e-05
2.176000e-01 2.377566e-05
2.178000e-01 2.449871e-05
2.180000e-01 2.524257e-05
2.182000e-01 2.600746e-05
2.184000e-01 2.679358e-05
2.186000e-01 2.760112e-05
2.188000e-01 2.843028e-05
2.190000e-01 2.928128e-05
2.192000e-01 3.015438e-05
2.194000e-01 3.104990e-05
2.196000e-01 3.196811e-05
2.198000e-01 3.290927e-05
2.200000e-01 3.387358e-05
2.202000e-01 3.486126e-05
2.204000e-01 3.587257e-05
2.206000e-01 3.690774e-05
2.208000e-01 3.796704e-05
2.210000e-01 3.905075e-05
2.212000e-01 4.015914e-05
2.214000e-01 4.129253e-05
2.216000e-01 4.245121e-05
2.218000e-01 4.363551e-05
2.220000e-01 4.484576e-05
2.222000e-01 4.608232e-05
2.224000e-01 4.734554e-05
2.226000e-01 4.863579e-05
2.228000e-01 4.995345e-05
2.230000e-01 5.129893e-05
2.232000e-01 5.267262e-05
2.234000e-01 5.407495e-05
2.236000e-01 5.550635e-05
2.238000e-01 5.696726e-05
2.240000e-01 5.845813e-05
2.242000e-01 5.997945e-05
2.244000e-01 6.153167e-05
2.246000e-01 6.311531e-05
2.248000e-01 6.473086e-05
2.250000e-01 6.637883e-05
2.252000e-01 6.805976e-05
2.254000e-01 6.977419e-05
2.256000e-01 7.152267e-05
2.258000e-01 7.330575e-05
2.260000e-01 7.512396e-05
2.262000e-01 7.697786e-05
2.264000e-01 7.886804e-05
2.266000e-01 8.079518e-05
2.268000e-01 8.276003e-05
2.270000e-01 8.476327e-05
2.272000e-01 8.680551e-05
2.274000e-01 8.888732e-05
2.276000e-01 9.100921e-05
2.278000e-01 9.317162e-05
2.280000e-01 9.537498e-05
2.282000e-01 9.761961e-05
2.284000e-01 9.990583e-05
2.286000e-01 1.022339e-04
2.288000e-01 1.046039e-04
2.290000e-01 1.070161e-04
2.292000e-01 1.094706e-04
2.294000e-01 1.119672e-04
2.296000e-01 1.145062e-04
2.298000e-01 1.170872e-04
2.300000e-01 1.197103e-04
2.302000e-01 1.223753e-04
2.304000e-01 1.250818e-04
2.306000e-01 1.278296e-04
2.308000e-01 1.306184e-04
2.310000e-01 1.334478e-04
2.312000e-01 1.363172e-04
2.314000e-01 1.392263e-04
2.316000e-01 1.421744e-04
2.318000e-01 1.451610e-04
2.320000e-01 1.481853e-04
2.322000e-01 1.512466e-04
2.324000e-01 1.543442e-04
2.326000e-01 1.574773e-04
2.328000e-01 1.606449e-04
2.330000e-01 1.638461e-04
2.332000e-01 1.670800e-04
2.334000e-01 1.703454e-04
2.336000e-01 1.736411e-04
2.338000e-01 1.769661e-04
2.340000e-01 1.803193e-04
2.342000e-01 1.836996e-04
2.344000e-01 1.871060e-04
2.346000e-01 1.905377e-04
2.348000e-01 1.939936e-04
2.350000e-01 1.974732e-04
2.352000e-01 2.009759e-04
2.354000e-01 2.045013e-04
2.356000e-01 2.080493e-04
2.358000e-01 2.116199e-04
2.360000e-01 2.152130e-04
2.362000e-01 2.188290e-04
2.364000e-01 2.224683e-04
2.366000e-01 2.261315e-04
2.368000e-01 2.298193e-04
2.370000e-01 2.335326e-04
2.372000e-01 2.372725e-04
2.374000e-01 2.410401e-04
2.376000e-01 2.448368e-04
2.378000e-01 2.486641e-04
2.380000e-01 2.525238e-04
2.382000e-01 2.564175e-04
2.384000e-01 2.603474e-04
2.386000e-01 2.643155e-04
2.388000e-01 2.683242e-04
2.390000e-01 2.723759e-04
2.392000e-01 2.764733e-04
2.394000e-01 2.806190e-04
2.396000e-01 2.848161e-04
2.398000e-01 2.890675e-04
2.400000e-01 2.933766e-04
2.402000e-01 2.977468e-04
2.404000e-01 3.021815e-04
2.406000e-01 3.066845e-04
2.408000e-01 3.112595e-04
2.410000e-01 3.159105e-04
2.412000e-01 3.206415e-04
2.414000e-01 3.254567e-04
2.416000e-01 3.303601e-04
2.418000e-01 3.353554e-04
2.420000e-01 3.404460e-04
2.422000e-01 3.456353e-04
2.424000e-01 3.509269e-04
2.426000e-01 3.563242e-04
2.428000e-01 3.618308e-04
2.430000e-01 3.674500e-04
2.432000e-01 3.731856e-04
2.434000e-01 3.790409e-04
2.436000e-01 3.850196e-04
2.438000e-01 3.911252e-04
2.440000e-01 3.973613e-04
2.442000e-01 4.037316e-04
2.444000e-01 4.102396e-04
2.446000e-01 4.168890e-04
2.448000e-01 4.236834e-04
2.450000e-01 4.306265e-04
2.452000e-01 4.377219e-04
2.454000e-01 4.449734e-04
2.456000e-01 4.523846e-04
2.458000e-01 4.599593e-04
2.460000e-01 4.677012e-04
2.462000e-01 4.756140e-04
2.464000e-01 4.837016e-04
2.466000e-01 4.919677e-04
2.468000e-01 5.004160e-04
2.470000e-01 5.090504e-04
2.472000e-01 5.178748e-04
2.474000e-01 5.268929e-04
2.476000e-01 5.361087e-04
2.478000e-01 5.455259e-04
2.480000e-01 5.551484e-04
2.482000e-01 5.649801e-04
2.484000e-01 5.750253e-04
2.486000e-01 5.852886e-04
2.488000e-01 5.957751e-04
2.490000e-01 6.064895e-04
2.492000e-01 6.174361e-04
2.494000e-01 6.286186e-04
2.496000e-01 6.400407e-04
2.498000e-01 6.517057e-04
2.500000e-01 6.636165e-04
2.502000e-01 6.757759e-04
2.504000e-01 6.881863e-04
2.506000e-01 7.008498e-04
2.508000e-01 7.137683e-04
2.510000e-01 7.269434e-04
2.512000e-01 7.403764e-04
2.514000e-01 7.540683e-04
2.516000e-01 7.680199e-04
2.518000e-01 7.822314e-04
2.520000e-01 7.967033e-04
2.522000e-01 8.114352e-04
2.524000e-01 8.264268e-04
2.526000e-01 8.416774e-04
2.528000e-01 8.571861e-04
2.530000e-01 8.729515e-04
2.532000e-01 8.889722e-04
2.534000e-01 9.052462e-04
2.536000e-01 9.217715e-04
2.538000e-01 9.385457e-04
2.540000e-01 9.555661e-04
2.542000e-01 9.728298e-04
2.544000e-01 9.903334e-04
2.546000e-01 1.008073e-03
2.548000e-01 1.026046e-03
2.550000e-01 1.044247e-03
2.552000e-01 1.062673e-03
2.554000e-01 1.081317e-03
2.556000e-01 1.100175e-03
2.558000e-01 1.119242e-03
2.560000e-01 1.138513e-03
2.562000e-01 1.157984e-03
2.564000e-01 1.177651e-03
2.566000e-01 1.197510e-03
2.568000e-01 1.217557e-03
2.570000e-01 1.237788e-03
2.572000e-01 1.258200e-03
2.574000e-01 1.278790e-03
2.576000e-01 1.299555e-03
2.578000e-01 1.320492e-03
2.580000e-01 1.341600e-03
2.582000e-01 1.362876e-03
2.584000e-01 1.384319e-03
2.586000e-01 1.405926e-03
2.588000e-01 1.427697e-03
2.590000e-01 1.449631e-03
2.592000e-01 1.471727e-03
2.594000e-01 1.493985e-03
2.596000e-01 1.516403e-03
2.598000e-01 1.538984e-03
2.600000e-01 1.561726e-03
2.602000e-01 1.584630e-03
2.604000e-01 1.607697e-03
2.606000e-01 1.630929e-03
2.608000e-01 1.654327e-03
2.610000e-01 1.677892e-03
2.612000e-01 1.701626e-03
2.614000e-01 1.725531e-03
2.616000e-01 1.749610e-03
2.618000e-01 1.773866e-03
2.620000e-01 1.798301e-03
2.622000e-01 1.822919e-03
2.624000e-01 1.847723e-03
2.626000e-01 1.872717e-03
2.628000e-01 1.897904e-03
2.630000e-01 1.923287e-03
2.632000e-01 1.948870e-03
2.634000e-01 1.974658e-03
2.636000e-01 2.000655e-03
2.638000e-01 2.026863e-03
2.640000e-01 2.053285e-03
2.642000e-01 2.079926e-03
2.644000e-01 2.106788e-03
2.646000e-01 2.133873e-03
2.648000e-01 2.161185e-03
2.650000e-01 2.188726e-03
2.652000e-01 2.216499e-03
2.654000e-01 2.244506e-03
2.656000e-01 2.272750e-03
2.658000e-01 2.301233e-03
2.660000e-01 2.329957e-03
2.662000e-01 2.358926e-03
2.664000e-01 2.388140e-03
2.666000e-01 2.417602e-03
2.668000e-01 2.447314e-03
2.670000e-01 2.477277e-03
2.672000e-01 2.507494e-03
2.674000e-01 2.537967e-03
2.676000e-01 2.568696e-03
2.678000e-01 2.599684e-03
2.680000e-01 2.630931e-03
2.682000e-01 2.662440e-03
2.684000e-01 2.694212e-03
2.686000e-01 2.726248e-03
2.688000e-01 2.758548e-03
2.690000e-01 2.791115e-03
2.692000e-01 2.823949e-03
2.694000e-01 2.857051e-03
2.696000e-01 2.890422e-03
2.698000e-01 2.924063e-03
2.700000e-01 2.957974e-03
2.702000e-01 2.992155e-03
2.704000e-01 3.026608e-03
2.706000e-01 3.061333e-03
2.708000e-01 3.096333e-03
2.710000e-01 3.131610e-03
2.712000e-01 3.167164e-03
2.714000e-01 3.202996e-03
2.716000e-01 3.239109e-03
2.718000e-01 3.275506e-03
2.720000e-01 3.312192e-03
2.722000e-01 3.349174e-03
2.724000e-01 3.386458e-03
2.726000e-01 3.424053e-03
2.728000e-01 3.461970e-03
2.730000e-01 3.500220e-03
2.732000e-01 3.538815e-03
2.734000e-01 3.577769e-03
2.736000e-01 3.617098e-03
2.738000e-01 3.656817e-03
2.740000e-01 3.696946e-03
2.742000e-01 3.737502e-03
2.744000e-01 3.778506e-03
2.746000e-01 3.819980e-03
2.748000e-01 3.861947e-03
2.750000e-01 3.904431e-03
2.752000e-01 3.947458e-03
2.754000e-01 3.991055e-03
2.756000e-01 4.035249e-03
2.758000e-01 4.080070e-03
2.760000e-01 4.125549e-03
2.762000e-01 4.171718e-03
2.764000e-01 4.218610e-03
2.766000e-01 4.266260e-03
2.768000e-01 4.314704e-03
2.770000e-01 4.363979e-03
2.772000e-01 4.414123e-03
2.774000e-01 4.465176e-03
2.776000e-01 4.517177e-03
2.778000e-01 4.570170e-03
2.780000e-01 4.624199e-03
2.782000e-01 4.679308e-03
2.784000e-01 4.735543e-03
2.786000e-01 4.792942e-03
2.788000e-01 4.851542e-03
2.790000e-01 4.911379e-03
2.792000e-01 4.972481e-03
2.794000e-01 5.034877e-03
2.796000e-01 5.098590e-03
2.798000e-01 5.163640e-03
2.800000e-01 5.230043e-03
2.802000e-01 5.297815e-03
2.804000e-01 5.366964e-03
2.806000e-01 5.437498e-03
2.808000e-01 5.509420e-03
2.810000e-01 5.582730e-03
2.812000e-01 5.657424e-03
2.814000e-01 5.733496e-03
2.816000e-01 5.810936e-03
2.818000e-01 5.889730e-03
2.820000e-01 5.969861e-03
2.822000e-01 6.051309e-03
2.824000e-01 6.134051e-03
2.826000e-01 6.218058e-03
2.828000e-01 6.303301e-03
2.830000e-01 6.389746e-03
2.832000e-01 6.477356e-03
2.834000e-01 6.566089e-03
2.836000e-01 6.655903e-03
2.838000e-01 6.746750e-03
2.840000e-01 6.838578e-03
2.842000e-01 6.931335e-03
2.844000e-01 7.024962e-03
2.846000e-01 7.119398e-03
2.848000e-01 7.214578e-03
2.850000e-01 7.310434e-03
2.852000e-01 7.406899e-03
2.854000e-01 7.503906e-03
2.856000e-01 7.601390e-03
2.858000e-01 7.699289e-03
2.860000e-01 7.797543e-03
2.862000e-01 7.896096e-03
2.864000e-01 7.994895e-03
2.866000e-01 8.093893e-03
2.868000e-01 8.193046e-03
2.870000e-01 8.292314e-03
2.872000e-01 8.391661e-03
2.874000e-01 8.491055e-03
2.876000e-01 8.590468e-03
2.878000e-01 8.689877e-03
2.880000e-01 8.789260e-03
2.882000e-01 8.888603e-03
2.884000e-01 8.987894e-03
2.886000e-01 9.087124e-03
2.888000e-01 9.186290e-03
2.890000e-01 9.285393e-03
2.892000e-01 9.384435e-03
2.894000e-01 9.483426e-03
2.896000e-01 9.582378e-03
2.898000e-01 9.681307e-03
2.900000e-01 9.780232e-03
2.902000e-01 9.879180e-03
2.904000e-01 9.978177e-03
2.906000e-01 1.007726e-02
2.908000e-01 1.017645e-02
2.910000e-01 1.027581e-02
2.912000e-01 1.037537e-02
2.914000e-01 1.047518e-02
2.916000e-01 1.057529e-02
2.918000e-01 1.067576e-02
2.920000e-01 1.077666e-02
2.922000e-01 1.087803e-02
2.924000e-01 1.097994e-02
2.926000e-01 1.108247e-02
2.928000e-01 1.118566e-02
2.930000e-01 1.128960e-02
2.932000e-01 1.139432e-02
2.934000e-01 1.149990e-02
2.936000e-01 1.160638e-02
2.938000e-01 1.171382e-02
2.940000e-01 1.182226e-02
2.942000e-01 1.193176e-02
2.944000e-01 1.204236e-02
2.946000e-01 1.215411e-02
2.948000e-01 1.226704e-02
2.950000e-01 1.238120e-02
2.952000e-01 1.249664e-02
2.954000e-01 1.261339e-02
2.956000e-01 1.273148e-02
2.958000e-01 1.285095e-02
2.960000e-01 1.297183e-02
2.962000e-01 1.309416e-02
2.964000e-01 1.321797e-02
2.966000e-01 1.334328e-02
2.968000e-01 1.347012e-02
2.970000e-01 1.359851e-02
2.972000e-01 1.372847e-02
2.974000e-01 1.386004e-02
2.976000e-01 1.399322e-02
2.978000e-01 1.412804e-02
2.980000e-01 1.426450e-02
2.982000e-01 1.440264e-02
2.984000e-01 1.454245e-02
2.986000e-01 1.468395e-02
2.988000e-01 1.482715e-02
2.990000e-01 1.497205e-02
2.992000e-01 1.511866e-02
2.994000e-01 1.526699e-02
2.996000e-01 1.541704e-02
2.998000e-01 1.556882e-02
3.000000e-01 1.572233e-02
3.002000e-01 1.587759e-02
3.004000e-01 1.603460e-02
3.006000e-01 1.619339e-02
3.008000e-01 1.635395e-02
3.010000e-01 1.651630e-02
3.012000e-01 1.668043e-02
3.014000e-01 1.684635e-02
3.016000e-01 1.701406e-02
3.018000e-01 1.718357e-02
3.020000e-01 1.735487e-02
3.022000e-01 1.752796e-02
3.024000e-01 1.770284e-02
3.026000e-01 1.787951e-02
3.028000e-01 1.805796e-02
3.030000e-01 1.823819e-02
3.032000e-01 1.842019e-02
3.034000e-01 1.860395e-02
3.036000e-01 1.878945e-02
3.038000e-01 1.897671e-02
3.040000e-01 1.916569e-02
3.042000e-01 1.935638e-02
3.044000e-01 1.954878e-02
3.046000e-01 1.974287e-02
3.048000e-01 1.993863e-02
3.050000e-01 2.013604e-02
3.052000e-01 2.033509e-02
3.054000e-01 2.053576e-02
3.056000e-01 2.073802e-02
3.058000e-01 2.094185e-02
3.060000e-01 2.114723e-02
3.062000e-01 2.135413e-02
3.064000e-01 2.156254e-02
3.066000e-01 2.177241e-02
3.068000e-01 2.198373e-02
3.070000e-01 2.219645e-02
3.072000e-01 2.241054e-02
3.074000e-01 2.262598e-02
3.076000e-01 2.284275e-02
3.078000e-01 2.306080e-02
3.080000e-01 2.328013e-02
3.082000e-01 2.350070e-02
3.084000e-01 2.372249e-02
3.086000e-01 2.394547e-02
3.088000e-01 2.416962e-02
3.090000e-01 2.439491e-02
3.092000e-01 2.462133e-02
3.094000e-01 2.484884e-02
3.096000e-01 2.507743e-02
3.098000e-01 2.530708e-02
3.100000e-01 2.553775e-02
3.102000e-01 2.576944e-02
3.104000e-01 2.600212e-02
3.106000e-01 2.623576e-02
3.108000e-01 2.647036e-02
3.110000e-01 2.670589e-02
3.112000e-01 2.694232e-02
3.114000e-01 2.717965e-02
3.116000e-01 2.741785e-02
3.118000e-01 2.765691e-02
3.120000e-01 2.789681e-02
3.122000e-01 2.813752e-02
3.124000e-01 2.837904e-02
3.126000e-01 2.862136e-02
3.128000e-01 2.886444e-02
3.130000e-01 2.910828e-02
3.132000e-01 2.935287e-02
3.134000e-01 2.959818e-02
3.136000e-01 2.984421e-02
3.138000e-01 3.009094e-02
3.140000e-01 3.033835e-02
3.142000e-01 3.058644e-02
3.144000e-01 3.083518e-02
3.146000e-01 3.108455e-02
3.148000e-01 3.133455e-02
3.150000e-01 3.158516e-02
3.152000e-01 3.183635e-02
3.154000e-01 3.208813e-02
3.156000e-01 3.234048e-02
3.158000e-01 3.259338e-02
3.160000e-01 3.284683e-02
3.162000e-01 3.310080e-02
3.164000e-01 3.335530e-02
3.166000e-01 3.361032e-02
3.168000e-01 3.386584e-02
3.170000e-01 3.412186e-02
3.172000e-01 3.437838e-02
3.174000e-01 3.463537e-02
3.176000e-01 3.489285e-02
3.178000e-01 3.515081e-02
3.180000e-01 3.540923e-02
3.182000e-01 3.566813e-02
3.184000e-01 3.592749e-02
3.186000e-01 3.618732e-02
3.188000e-01 3.644761e-02
3.190000e-01 3.670837e-02
3.192000e-01 3.696960e-02
3.194000e-01 3.723129e-02
3.196000e-01 3.749345e-02
3.198000e-01 3.775608e-02
3.200000e-01 3.801919e-02
3.202000e-01 3.828278e-02
3.204000e-01 3.854686e-02
3.206000e-01 3.881142e-02
3.208000e-01 3.907649e-02
3.210000e-01 3.934207e-02
3.212000e-01 3.960816e-02
3.214000e-01 3.987477e-02
3.216000e-01 4.014192e-02
3.218000e-01 4.040961e-02
3.220000e-01 4.067784e-02
3.222000e-01 4.094664e-02
3.224000e-01 4.121600e-02
3.226000e-01 4.148595e-02
3.228000e-01 4.175647e-02
3.230000e-01 4.202759e-02
3.232000e-01 4.229930e-02
3.234000e-01 4.257160e-02
3.236000e-01 4.284449e-02
3.238000e-01 4.311798e-02
3.240000e-01 4.339205e-02
3.242000e-01 4.366670e-02
3.244000e-01 4.394192e-02
3.246000e-01 4.421770e-02
3.248000e-01 4.449402e-02
3.250000e-01 4.477088e-02
3.252000e-01 4.504824e-02
3.254000e-01 4.532610e-02
3.256000e-01 4.560443e-02
3.258000e-01 4.588321e-02
3.260000e-01 4.616241e-02
3.262000e-01 4.644200e-02
3.264000e-01 4.672196e-02
3.266000e-01 4.700225e-02
3.268000e-01 4.728285e-02
3.270000e-01 4.756370e-02
3.272000e-01 4.784479e-02
3.274000e-01 4.812605e-02
3.276000e-01 4.840746e-02
3.278000e-01 4.868897e-02
3.280000e-01 4.897054e-02
3.282000e-01 4.925211e-02
3.284000e-01 4.953363e-02
3.286000e-01 4.981506e-02
3.288000e-01 5.009633e-02
3.290000e-01 5.037739e-02
3.292000e-01 5.065819e-02
3.294000e-01 5.093866e-02
3.296000e-01 5.121874e-02
3.298000e-01 5.149839e-02
3.300000e-01 5.177754e-02
3.302000e-01 5.205615e-02
3.304000e-01 5.233417e-02
3.306000e-01 5.261156e-02
3.308000e-01 5.288830e-02
3.310000e-01 5.316435e-02
3.312000e-01 5.343969e-02
3.314000e-01 5.371431e-02
3.316000e-01 5.398820e-02
3.318000e-01 5.426134e-02
3.320000e-01 5.453375e-02
3.322000e-01 5.480543e-02
3.324000e-01 5.507639e-02
3.326000e-01 5.534666e-02
3.328000e-01 5.561624e-02
3.330000e-01 5.588518e-02
3.332000e-01 5.615351e-02
3.334000e-01 5.642127e-02
3.336000e-01 5.668851e-02
3.338000e-01 5.695527e-02
3.340000e-01 5.722162e-02
3.342000e-01 5.748763e-02
3.344000e-01 5.775335e-02
3.346000e-01 5.801887e-02
3.348000e-01 5.828426e-02
3.350000e-01 5.854961e-02
3.352000e-01 5.881502e-02
3.354000e-01 5.908058e-02
3.356000e-01 5.934640e-02
3.358000e-01 5.961258e-02
3.360000e-01 5.987924e-02
3.362000e-01 6.014649e-02
3.364000e-01 6.041447e-02
3.366000e-01 6.068330e-02
3.368000e-01 6.095310e-02
3.370000e-01 6.122400e-02
3.372000e-01 6.149614e-02
3.374000e-01 6.176961e-02
3.376000e-01 6.204454e-02
3.378000e-01 6.232101e-02
3.380000e-01 6.259913e-02
3.382000e-01 6.287896e-02
3.384000e-01 6.316057e-02
3.386000e-01 6.344404e-02
3.388000e-01 6.372939e-02
3.390000e-01 6.401667e-02
3.392000e-01 6.430591e-02
3.394000e-01 6.459712e-02
3.396000e-01 6.489031e-02
3.398000e-01 6.518548e-02
3.400000e-01 6.548261e-02
3.402000e-01 6.578169e-02
3.404000e-01 6.608266e-02
3.406000e-01 6.638551e-02
3.408000e-01 6.669015e-02
3.410000e-01 6.699654e-02
3.412000e-01 6.730460e-02
3.414000e-01 6.761425e-02
3.416000e-01 6.792538e-02
3.418000e-01 6.823789e-02
3.420000e-01 6.855167e-02
3.422000e-01 6.886659e-02
3.424000e-01 6.918251e-02
3.426000e-01 6.949930e-02
3.428000e-01 6.981678e-02
3.430000e-01 7.013480e-02
3.432000e-01 7.045318e-02
3.434000e-01 7.077173e-02
3.436000e-01 7.109026e-02
3.438000e-01 7.140856e-02
3.440000e-01 7.172643e-02
3.442000e-01 7.204366e-02
3.444000e-01 7.236005e-02
3.446000e-01 7.267539e-02
3.448000e-01 7.298951e-02
3.450000e-01 7.330222e-02
3.452000e-01 7.361337e-02
3.454000e-01 7.392279e-02
3.456000e-01 7.423036e-02
3.458000e-01 7.453596e-02
3.460000e-01 7.483946e-02
3.462000e-01 7.514079e-02
3.464000e-01 7.543985e-02
3.466000e-01 7.573657e-02
3.468000e-01 7.603091e-02
3.470000e-01 7.632281e-02
3.472000e-01 7.661226e-02
3.474000e-01 7.689923e-02
3.476000e-01 7.718373e-02
3.478000e-01 7.746577e-02
3.480000e-01 7.774537e-02
3.482000e-01 7.802257e-02
3.484000e-01 7.829743e-02
3.486000e-01 7.857001e-02
3.488000e-01 7.884040e-02
3.490000e-01 7.910868e-02
3.492000e-01 7.937497e-02
3.494000e-01 7.963938e-02
3.496000e-01 7.990205e-02
3.498000e-01 8.016312e-02
3.500000e-01 8.042276e-02
3.502000e-01 8.068115e-02
3.504000e-01 8.093846e-02
3.506000e-01 8.119491e-02
3.508000e-01 8.145070e-02
3.510000e-01 8.170606e-02
3.512000e-01 8.196123e-02
3.514000e-01 8.221643e-02
3.516000e-01 8.247190e-02
3.518000e-01 8.272787e-02
3.520000e-01 8.298458e-02
3.522000e-01 8.324222e-02
3.524000e-01 8.350101e-02
3.526000e-01 8.376114e-02
3.528000e-01 8.402280e-02
3.530000e-01 8.428615e-02
3.532000e-01 8.455137e-02
3.534000e-01 8.481862e-02
3.536000e-01 8.508804e-02
3.538000e-01 8.535978e-02
3.540000e-01 8.563395e-02
3.542000e-01 8.591069e-02
3.544000e-01 8.619011e-02
3.546000e-01 8.647230e-02
3.548000e-01 8.675737e-02
3.550000e-01 8.704539e-02
3.552000e-01 8.733645e-02
3.554000e-01 8.763060e-02
3.556000e-01 8.792791e-02
3.558000e-01 8.822842e-02
3.560000e-01 8.853217e-02
3.562000e-01 8.883919e-02
3.564000e-01 8.914950e-02
3.566000e-01 8.946312e-02
3.568000e-01 8.978003e-02
3.570000e-01 9.010025e-02
3.572000e-01 9.042374e-02
3.574000e-01 9.075049e-02
3.576000e-01 9.108045e-02
3.578000e-01 9.141360e-02
3.580000e-01 9.174986e-02
3.582000e-01 9.208919e-02
3.584000e-01 9.243152e-02
3.586000e-01 9.277678e-02
3.588000e-01 9.312490e-02
3.590000e-01 9.347583e-02
3.592000e-01 9.382951e-02
3.594000e-01 9.418587e-02
3.596000e-01 9.454487e-02
3.598000e-01 9.490643e-02
3.600000e-01 9.527050e-02
3.602000e-01 9.563701e-02
3.604000e-01 9.600590e-02
3.606000e-01 9.637708e-02
3.608000e-01 9.675049e-02
3.610000e-01 9.712606e-02
3.612000e-01 9.750370e-02
3.614000e-01 9.788334e-02
3.616000e-01 9.826489e-02
3.618000e-01 9.864827e-02
3.620000e-01 9.903339e-02
3.622000e-01 9.942015e-02
3.624000e-01 9.980848e-02
3.626000e-01 1.001983e-01
3.628000e-01 1.005894e-01
3.630000e-01 1.009818e-01
3.632000e-01 1.013754e-01
3.634000e-01 1.017701e-01
3.636000e-01 1.021657e-01
3.638000e-01 1.025621e-01
3.640000e-01 1.029593e-01
3.642000e-01 1.033571e-01
3.644000e-01 1.037554e-01
3.646000e-01 1.041540e-01
3.648000e-01 1.045530e-01
3.650000e-01 1.049520e-01
3.652000e-01 1.053511e-01
3.654000e-01 1.057501e-01
3.656000e-01 1.061488e-01
3.658000e-01 1.065471e-01
3.660000e-01 1.069449e-01
3.662000e-01 1.073420e-01
3.664000e-01 1.077382e-01
3.666000e-01 1.081336e-01
3.668000e-01 1.085278e-01
3.670000e-01 1.089208e-01
3.672000e-01 1.093125e-01
3.674000e-01 1.097027e-01
3.676000e-01 1.100915e-01
3.678000e-01 1.104786e-01
3.680000e-01 1.108641e-01
3.682000e-01 1.112478e-01
3.684000e-01 1.116297e-01
3.686000e-01 1.120097e-01
3.688000e-01 1.123879e-01
3.690000e-01 1.127642e-01
3.692000e-01 1.131385e-01
3.694000e-01 1.135109e-01
3.696000e-01 1.138814e-01
3.698000e-01 1.142500e-01
3.700000e-01 1.146166e-01
3.702000e-01 1.149815e-01
3.704000e-01 1.153445e-01
3.706000e-01 1.157057e-01
3.708000e-01 1.160652e-01
3.710000e-01 1.164231e-01
3.712000e-01 1.167794e-01
3.714000e-01 1.171343e-01
3.716000e-01 1.174878e-01
3.718000e-01 1.178400e-01
3.720000e-01 1.181911e-01
3.722000e-01 1.185412e-01
3.724000e-01 1.188904e-01
3.726000e-01 1.192388e-01
3.728000e-01 1.195868e-01
3.730000e-01 1.199343e-01
3.732000e-01 1.202815e-01
3.734000e-01 1.206287e-01
3.736000e-01 1.209761e-01
3.738000e-01 1.213237e-01
3.740000e-01 1.216717e-01
3.742000e-01 1.220204e-01
3.744000e-01 1.223697e-01
3.746000e-01 1.227200e-01
3.748000e-01 1.230713e-01
3.750000e-01 1.234237e-01
3.752000e-01 1.237774e-01
3.754000e-01 1.241325e-01
3.756000e-01 1.244889e-01
3.758000e-01 1.248469e-01
3.760000e-01 1.252066e-01
3.762000e-01 1.255678e-01
3.764000e-01 1.259309e-01
3.766000e-01 1.262957e-01
3.768000e-01 1.266623e-01
3.770000e-01 1.270307e-01
3.772000e-01 1.274011e-01
3.774000e-01 1.277733e-01
3.776000e-01 1.281474e-01
3.778000e-01 1.285234e-01
3.780000e-01 1.289013e-01
3.782000e-01 1.292810e-01
3.784000e-01 1.296626e-01
3.786000e-01 1.300459e-01
3.788000e-01 1.304309e-01
3.790000e-01 1.308176e-01
3.792000e-01 1.312059e-01
3.794000e-01 1.315957e-01
3.796000e-01 1.319870e-01
3.798000e-01 1.323796e-01
3.800000e-01 1.327734e-01
3.802000e-01 1.331684e-01
3.804000e-01 1.335643e-01
3.806000e-01 1.339612e-01
3.808000e-01 1.343588e-01
3.810000e-01 1.347571e-01
3.812000e-01 1.351559e-01
3.814000e-01 1.355551e-01
3.816000e-01 1.359546e-01
3.818000e-01 1.363543e-01
3.820000e-01 1.367541e-01
3.822000e-01 1.371540e-01
3.824000e-01 1.375537e-01
3.826000e-01 1.379533e-01
3.828000e-01 1.383527e-01
3.830000e-01 1.387518e-01
3.832000e-01 1.391506e-01
3.834000e-01 1.395489e-01
3.836000e-01 1.399468e-01
3.838000e-01 1.403442e-01
3.840000e-01 1.407410e-01
3.842000e-01 1.411373e-01
3.844000e-01 1.415330e-01
3.846000e-01 1.419281e-01
3.848000e-01 1.423225e-01
3.850000e-01 1.427164e-01
3.852000e-01 1.431096e-01
3.854000e-01 1.435021e-01
3.856000e-01 1.438941e-01
3.858000e-01 1.442854e-01
3.860000e-01 1.446762e-01
3.862000e-01 1.450664e-01
3.864000e-01 1.454561e-01
3.866000e-01 1.458453e-01
3.868000e-01 1.462340e-01
3.870000e-01 1.466224e-01
3.872000e-01 1.470105e-01
3.874000e-01 1.473983e-01
3.876000e-01 1.477860e-01
3.878000e-01 1.481735e-01
3.880000e-01 1.485609e-01
3.882000e-01 1.489484e-01
3.884000e-01 1.493360e-01
3.886000e-01 1.497238e-01
3.888000e-01 1.501118e-01
3.890000e-01 1.505001e-01
3.892000e-01 1.508888e-01
3.894000e-01 1.512779e-01
3.896000e-01 1.516675e-01
3.898000e-01 1.520576e-01
3.900000e-01 1.524483e-01
3.902000e-01 1.528397e-01
3.904000e-01 1.532317e-01
3.906000e-01 1.536244e-01
3.908000e-01 1.540179e-01
3.910000e-01 1.544121e-01
3.912000e-01 1.548072e-01
3.914000e-01 1.552031e-01
3.916000e-01 1.556000e-01
3.918000e-01 1.559977e-01
3.920000e-01 1.563963e-01
3.922000e-01 1.567959e-01
3.924000e-01 1.571964e-01
3.926000e-01 1.575979e-01
3.928000e-01 1.580004e-01
3.930000e-01 1.584039e-01
3.932000e-01 1.588084e-01
3.934000e-01 1.592139e-01
3.936000e-01 1.596203e-01
3.938000e-01 1.600278e-01
3.940000e-01 1.604362e-01
3.942000e-01 1.608456e-01
3.944000e-01 1.612559e-01
3.946000e-01 1.616672e-01
3.948000e-01 1.620794e-01
3.950000e-01 1.624925e-01
3.952000e-01 1.629065e-01
3.954000e-01 1.633214e-01
3.956000e-01 1.637371e-01
3.958000e-01 1.641536e-01
3.960000e-01 1.645709e-01
3.962000e-01 1.649890e-01
3.964000e-01 1.654079e-01
3.966000e-01 1.658276e-01
3.968000e-01 1.662480e-01
3.970000e-01 1.666691e-01
3.972000e-01 1.670909e-01
3.974000e-01 1.675134e-01
3.976000e-01 1.679366e-01
3.978000e-01 1.683605e-01
3.980000e-01 1.687850e-01
3.982000e-01 1.692101e-01
3.984000e-01 1.696358e-01
3.986000e-01 1.700622e-01
3.988000e-01 1.704892e-01
3.990000e-01 1.709167e-01
3.992000e-01 1.713448e-01
3.994000e-01 1.717735e-01
3.996000e-01 1.722027e-01
3.998000e-01 1.726324e-01
4.000000e-01 1.730627e-01
4.002000e-01 1.734935e-01
4.004000e-01 1.739247e-01
4.006000e-01 1.743565e-01
4.008000e-01 1.747887e-01
4.010000e-01 1.752214e-01
4.012000e-01 1.756545e-01
4.014000e-01 1.760882e-01
4.016000e-01 1.765222e-01
4.018000e-01 1.769567e-01
4.020000e-01 1.773916e-01
4.022000e-01 1.778269e-01
4.024000e-01 1.782626e-01
4.026000e-01 1.786987e-01
4.028000e-01 1.791351e-01
4.030000e-01 1.795720e-01
4.032000e-01 1.800092e-01
4.034000e-01 1.804468e-01
4.036000e-01 1.808847e-01
4.038000e-01 1.813229e-01
4.040000e-01 1.817615e-01
4.042000e-01 1.822004e-01
4.044000e-01 1.826396e-01
4.046000e-01 1.830791e-01
4.048000e-01 1.835189e-01
4.050000e-01 1.839589e-01
4.052000e-01 1.843993e-01
4.054000e-01 1.848398e-01
4.056000e-01 1.852806e-01
4.058000e-01 1.857216e-01
4.060000e-01 1.861628e-01
4.062000e-01 1.866042e-01
4.064000e-01 1.870458e-01
4.066000e-01 1.874875e-01
4.068000e-01 1.879293e-01
4.070000e-01 1.883713e-01
4.072000e-01 1.888133e-01
4.074000e-01 1.892555e-01
4.076000e-01 1.896976e-01
4.078000e-01 1.901399e-01
4.080000e-01 1.905821e-01
4.082000e-01 1.910243e-01
4.084000e-01 1.914665e-01
4.086000e-01 1.919086e-01
4.088000e-01 1.923506e-01
4.090000e-01 1.927926e-01
4.092000e-01 1.932344e-01
4.094000e-01 1.936760e-01
4.096000e-01 1.941174e-01
4.098000e-01 1.945587e-01
4.100000e-01 1.949997e-01
4.102000e-01 1.954404e-01
4.104000e-01 1.958808e-01
4.106000e-01 1.963208e-01
4.108000e-01 1.967605e-01
4.110000e-01 1.971998e-01
4.112000e-01 1.976387e-01
4.114000e-01 1.980772e-01
4.116000e-01 1.985151e-01
4.118000e-01 1.989526e-01
4.120000e-01 1.993896e-01
4.122000e-01 1.998260e-01
4.124000e-01 2.002620e-01
4.126000e-01 2.006973e-01
4.128000e-01 2.011321e-01
4.130000e-01 2.015664e-01
4.132000e-01 2.020000e-01
4.134000e-01 2.024331e-01
4.136000e-01 2.028656e-01
4.138000e-01 2.032975e-01
4.140000e-01 2.037289e-01
4.142000e-01 2.041597e-01
4.144000e-01 2.045898e-01
4.146000e-01 2.050195e-01
4.148000e-01 2.054486e-01
4.150000e-01 2.058771e-01
4.152000e-01 2.063051e-01
4.154000e-01 2.067326e-01
4.156000e-01 2.071595e-01
4.158000e-01 2.075860e-01
4.160000e-01 2.080121e-01
4.162000e-01 2.084377e-01
4.164000e-01 2.088629e-01
4.166000e-01 2.092877e-01
4.168000e-01 2.097121e-01
4.170000e-01 2.101363e-01
4.172000e-01 2.105601e-01
4.174000e-01 2.109837e-01
4.176000e-01 2.114070e-01
4.178000e-01 2.118302e-01
4.180000e-01 2.122532e-01
4.182000e-01 2.126760e-01
4.184000e-01 2.130988e-01
4.186000e-01 2.135215e-01
4.188000e-01 2.139441e-01
4.190000e-01 2.143667e-01
4.192000e-01 2.147893e-01
4.194000e-01 2.152119e-01
4.196000e-01 2.156346e-01
4.198000e-01 2.160572e-01
4.200000e-01 2.164799e-01
4.202000e-01 2.169026e-01
4.204000e-01 2.173254e-01
4.206000e-01 2.177482e-01
4.208000e-01 2.181711e-01
4.210000e-01 2.185940e-01
4.212000e-01 2.190169e-01
4.214000e-01 2.194399e-01
4.216000e-01 2.198628e-01
4.218000e-01 2.202858e-01
4.220000e-01 2.207087e-01
4.222000e-01 2.211316e-01
4.224000e-01 2.215544e-01
4.226000e-01 2.219771e-01
4.228000e-01 2.223997e-01
4.230000e-01 2.228221e-01
4.232000e-01 2.232444e-01
4.234000e-01 2.236664e-01
4.236000e-01 2.240881e-01
4.238000e-01 2.245095e-01
4.240000e-01 2.249306e-01
4.242000e-01 2.253513e-01
4.244000e-01 2.257715e-01
4.246000e-01 2.261912e-01
4.248000e-01 2.266104e-01
4.250000e-01 2.270290e-01
4.252000e-01 2.274469e-01
4.254000e-01 2.278641e-01
4.256000e-01 2.282805e-01
4.258000e-01 2.286961e-01
4.260000e-01 2.291109e-01
4.262000e-01 2.295248e-01
4.264000e-01 2.299377e-01
4.266000e-01 2.303497e-01
4.268000e-01 2.307607e-01
4.270000e-01 2.311706e-01
4.272000e-01 2.315794e-01
4.274000e-01 2.319872e-01
4.276000e-01 2.323938e-01
4.278000e-01 2.327992e-01
4.280000e-01 2.332035e-01
4.282000e-01 2.336065e-01
4.284000e-01 2.340083e-01
4.286000e-01 2.344088e-01
4.288000e-01 2.348081e-01
4.290000e-01 2.352060e-01
4.292000e-01 2.356027e-01
4.294000e-01 2.359979e-01
4.296000e-01 2.363919e-01
4.298000e-01 2.367845e-01
4.300000e-01 2.371757e-01
4.302000e-01 2.375655e-01
4.304000e-01 2.379540e-01
4.306000e-01 2.383411e-01
4.308000e-01 2.387268e-01
4.310000e-01 2.391111e-01
4.312000e-01 2.394940e-01
4.314000e-01 2.398755e-01
4.316000e-01 2.402556e-01
4.318000e-01 2.406343e-01
4.320000e-01 2.410117e-01
4.322000e-01 2.413877e-01
4.324000e-01 2.417623e-01
4.326000e-01 2.421356e-01
4.328000e-01 2.425075e-01
4.330000e-01 2.428780e-01
4.332000e-01 2.432471e-01
4.334000e-01 2.436149e-01
4.336000e-01 2.439813e-01
4.338000e-01 2.443464e-01
4.340000e-01 2.447100e-01
4.342000e-01 2.450724e-01
4.344000e-01 2.454333e-01
4.346000e-01 2.457929e-01
4.348000e-01 2.461512e-01
4.350000e-01 2.465081e-01
4.352000e-01 2.468636e-01
4.354000e-01 2.472178e-01
4.356000e-01 2.475706e-01
4.358000e-01 2.479221e-01
4.360000e-01 2.482722e-01
4.362000e-01 2.486210e-01
4.364000e-01 2.489685e-01
4.366000e-01 2.493146e-01
4.368000e-01 2.496593e-01
4.370000e-01 2.500027e-01
4.372000e-01 2.503448e-01
4.374000e-01 2.506855e-01
4.376000e-01 2.510249e-01
4.378000e-01 2.513629e-01
4.380000e-01 2.516996e-01
4.382000e-01 2.520349e-01
4.384000e-01 2.523690e-01
4.386000e-01 2.527016e-01
4.388000e-01 2.530329e-01
4.390000e-01 2.533629e-01
4.392000e-01 2.536916e-01
4.394000e-01 2.540189e-01
4.396000e-01 2.543449e-01
4.398000e-01 2.546695e-01
4.400000e-01 2.549929e-01
4.402000e-01 2.553148e-01
4.404000e-01 2.556355e-01
4.406000e-01 2.559548e-01
4.408000e-01 2.562727e-01
4.410000e-01 2.565894e-01
4.412000e-01 2.569046e-01
4.414000e-01 2.572186e-01
4.416000e-01 2.575312e-01
4.418000e-01 2.578425e-01
4.420000e-01 2.581524e-01
4.422000e-01 2.584611e-01
4.424000e-01 2.587684e-01
4.426000e-01 2.590744e-01
4.428000e-01 2.593790e-01
4.430000e-01 2.596824e-01
4.432000e-01 2.599845e-01
4.434000e-01 2.602853e-01
4.436000e-01 2.605848e-01
4.438000e-01 2.608830e-01
4.440000e-01 2.611800e-01
4.442000e-01 2.614757e-01
4.444000e-01 2.617702e-01
4.446000e-01 2.620634e-01
4.448000e-01 2.623554e-01
4.450000e-01 2.626462e-01
4.452000e-01 2.629358e-01
4.454000e-01 2.632242e-01
4.456000e-01 2.635114e-01
4.458000e-01 2.637975e-01
4.460000e-01 2.640824e-01
4.462000e-01 2.643662e-01
4.464000e-01 2.646488e-01
4.466000e-01 2.649304e-01
4.468000e-01 2.652109e-01
4.470000e-01 2.655172e-01
4.472000e-01 2.658040e-01
4.474000e-01 2.660891e-01
4.476000e-01 2.663724e-01
4.478000e-01 2.666538e-01
4.480000e-01 2.669334e-01
4.482000e-01 2.672112e-01
4.484000e-01 2.674872e-01
4.486000e-01 2.677613e-01
4.488000e-01 2.680335e-01
4.490000e-01 2.683039e-01
4.492000e-01 2.685725e-01
4.494000e-01 2.688391e-01
4.496000e-01 2.691039e-01
4.498000e-01 2.693668e-01
4.500000e-01 2.696279e-01
4.502000e-01 2.698870e-01
4.504000e-01 2.701443e-01
4.506000e-01 2.703996e-01
4.508000e-01 2.706530e-01
4.510000e-01 2.709046e-01
4.512000e-01 2.711542e-01
4.514000e-01 2.714019e-01
4.516000e-01 2.716477e-01
4.518000e-01 2.718916e-01
4.520000e-01 2.721336e-01
4.522000e-01 2.723736e-01
4.524000e-01 2.726117e-01
4.526000e-01 2.728479e-01
4.528000e-01 2.730822e-01
4.530000e-01 2.733145e-01
4.532000e-01 2.735449e-01
4.534000e-01 2.737734e-01
4.536000e-01 2.739999e-01
4.538000e-01 2.742245e-01
4.540000e-01 2.744472e-01
4.542000e-01 2.746679e-01
4.544000e-01 2.748867e-01
4.546000e-01 2.751036e-01
4.548000e-01 2.753185e-01
4.550000e-01 2.755315e-01
4.552000e-01 2.757426e-01
4.554000e-01 2.759518e-01
4.556000e-01 2.761590e-01
4.558000e-01 2.763643e-01
4.560000e-01 2.765677e-01
4.562000e-01 2.767691e-01
4.564000e-01 2.769687e-01
4.566000e-01 2.771663e-01
4.568000e-01 2.773620e-01
4.570000e-01 2.775557e-01
4.572000e-01 2.777476e-01
4.574000e-01 2.779376e-01
4.576000e-01 2.781256e-01
4.578000e-01 2.783118e-01
4.580000e-01 2.784960e-01
4.582000e-01 2.786784e-01
4.584000e-01 2.788588e-01
4.586000e-01 2.790374e-01
4.588000e-01 2.792141e-01
4.590000e-01 2.793889e-01
4.592000e-01 2.795618e-01
4.594000e-01 2.797328e-01
4.596000e-01 2.799020e-01
4.598000e-01 2.800693e-01
4.600000e-01 2.802348e-01
4.602000e-01 2.803984e-01
4.604000e-01 2.805601e-01
4.606000e-01 2.807200e-01
4.608000e-01 2.808780e-01
4.610000e-01 2.810343e-01
4.612000e-01 2.811886e-01
4.614000e-01 2.813412e-01
4.616000e-01 2.814919e-01
4.618000e-01 2.816408e-01
4.620000e-01 2.817879e-01
4.622000e-01 2.819332e-01
4.624000e-01 2.820767e-01
4.626000e-01 2.822184e-01
4.628000e-01 2.823584e-01
4.630000e-01 2.824965e-01
4.632000e-01 2.826328e-01
4.634000e-01 2.827674e-01
4.636000e-01 2.829003e-01
4.638000e-01 2.830313e-01
4.640000e-01 2.831606e-01
4.642000e-01 2.832882e-01
4.644000e-01 2.834140e-01
4.646000e-01 2.835381e-01
4.648000e-01 2.836605e-01
4.650000e-01 2.837811e-01
4.652000e-01 2.839000e-01
4.654000e-01 2.840173e-01
4.656000e-01 2.841328e-01
4.658000e-01 2.842466e-01
4.660000e-01 2.843588e-01
4.662000e-01 2.844692e-01
4.664000e-01 2.845780e-01
4.666000e-01 2.846851e-01
4.668000e-01 2.847906e-01
4.670000e-01 2.848944e-01
4.672000e-01 2.849966e-01
4.674000e-01 2.850971e-01
4.676000e-01 2.851960e-01
4.678000e-01 2.852933e-01
4.680000e-01 2.853889e-01
4.682000e-01 2.854829e-01
4.684000e-01 2.855754e-01
4.686000e-01 2.856662e-01
4.688000e-01 2.857555e-01
4.690000e-01 2.858431e-01
4.692000e-01 2.859292e-01
4.694000e-01 2.860138e-01
4.696000e-01 2.860967e-01
4.698000e-01 2.861782e-01
4.700000e-01 2.862580e-01
4.702000e-01 2.863364e-01
4.704000e-01 2.864131e-01
4.706000e-01 2.864884e-01
4.708000e-01 2.865622e-01
4.710000e-01 2.866344e-01
4.712000e-01 2.867052e-01
4.714000e-01 2.867744e-01
4.716000e-01 2.868422e-01
4.718000e-01 2.869085e-01
4.720000e-01 2.869733e-01
4.722000e-01 2.870366e-01
4.724000e-01 2.870985e-01
4.726000e-01 2.871589e-01
4.728000e-01 2.872179e-01
4.730000e-01 2.872754e-01
4.732000e-01 2.873315e-01
4.734000e-01 2.873862e-01
4.736000e-01 2.874395e-01
4.738000e-01 2.874914e-01
4.740000e-01 2.875418e-01
4.742000e-01 2.875909e-01
4.744000e-01 2.876385e-01
4.746000e-01 2.876848e-01
4.748000e-01 2.877297e-01
4.750000e-01 2.877733e-01
4.752000e-01 2.878154e-01
4.754000e-01 2.878563e-01
4.756000e-01 2.878957e-01
4.758000e-01 2.879339e-01
4.760000e-01 2.879707e-01
4.762000e-01 2.880061e-01
4.764000e-01 2.880403e-01
4.766000e-01 2.880731e-01
4.768000e-01 2.881046e-01
4.770000e-01 2.881348e-01
4.772000e-01 2.881637e-01
4.774000e-01 2.881913e-01
4.776000e-01 2.882177e-01
4.778000e-01 2.882427e-01
4.780000e-01 2.882665e-01
4.782000e-01 2.882890e-01
4.784000e-01 2.883103e-01
4.786000e-01 2.883303e-01
4.788000e-01 2.883490e-01
4.790000e-01 2.883666e-01
4.792000e-01 2.883828e-01
4.794000e-01 2.883979e-01
4.796000e-01 2.884117e-01
4.798000e-01 2.884243e-01
4.800000e-01 2.884357e-01
4.802000e-01 2.884458e-01
4.804000e-01 2.884548e-01
4.806000e-01 2.884626e-01
4.808000e-01 2.884691e-01
4.810000e-01 2.884745e-01
4.812000e-01 2.884787e-01
4.814000e-01 2.884817e-01
4.816000e-01 2.884836e-01
4.818000e-01 2.884843e-01
4.820000e-01 2.884838e-01
4.822000e-01 2.884821e-01
4.824000e-01 2.884793e-01
4.826000e-01 2.884754e-01
4.828000e-01 2.884703e-01
4.830000e-01 2.884641e-01
4.832000e-01 2.884567e-01
4.834000e-01 2.884482e-01
4.836000e-01 2.884385e-01
4.838000e-01 2.884278e-01
4.840000e-01 2.884159e-01
4.842000e-01 2.884029e-01
4.844000e-01 2.883888e-01
4.846000e-01 2.883736e-01
4.848000e-01 2.883573e-01
4.850000e-01 2.883399e-01
4.852000e-01 2.883214e-01
4.854000e-01 2.883018e-01
4.856000e-01 2.882811e-01
4.858000e-01 2.882593e-01
4.860000e-01 2.882364e-01
4.862000e-01 2.882125e-01
4.864000e-01 2.881874e-01
4.866000e-01 2.881613e-01
4.868000e-01 2.881342e-01
4.870000e-01 2.881059e-01
4.872000e-01 2.880766e-01
4.874000e-01 2.880462e-01
4.876000e-01 2.880148e-01
4.878000e-01 2.879823e-01
4.880000e-01 2.879487e-01
4.882000e-01 2.879141e-01
4.884000e-01 2.878785e-01
4.886000e-01 2.878418e-01
4.888000e-01 2.878040e-01
4.890000e-01 2.877652e-01
4.892000e-01 2.877254e-01
4.894000e-01 2.876845e-01
4.896000e-01 2.876426e-01
4.898000e-01 2.875996e-01
4.900000e-01 2.875556e-01
4.902000e-01 2.875106e-01
4.904000e-01 2.874645e-01
4.906000e-01 2.874174e-01
4.908000e-01 2.873692e-01
4.910000e-01 2.873200e-01
4.912000e-01 2.872698e-01
4.914000e-01 2.872186e-01
4.916000e-01 2.871663e-01
4.918000e-01 2.871130e-01
4.920000e-01 2.870587e-01
4.922000e-01 2.870034e-01
4.924000e-01 2.869470e-01
4.926000e-01 2.868896e-01
4.928000e-01 2.868312e-01
4.930000e-01 2.867717e-01
4.932000e-01 2.867112e-01
4.934000e-01 2.866497e-01
4.936000e-01 2.865872e-01
4.938000e-01 2.865236e-01
4.940000e-01 2.864590e-01
4.942000e-01 2.863934e-01
4.944000e-01 2.863268e-01
4.946000e-01 2.862591e-01
4.948000e-01 2.861904e-01
4.950000e-01 2.861206e-01
4.952000e-01 2.860499e-01
4.954000e-01 2.859781e-01
4.956000e-01 2.859052e-01
4.958000e-01 2.858314e-01
4.960000e-01 2.857565e-01
4.962000e-01 2.856805e-01
4.964000e-01 2.856036e-01
4.966000e-01 2.855256e-01
4.968000e-01 2.854465e-01
4.970000e-01 2.853664e-01
4.972000e-01 2.852853e-01
4.974000e-01 2.852031e-01
4.976000e-01 2.851198e-01
4.978000e-01 2.850356e-01
4.980000e-01 2.849502e-01
4.982000e-01 2.848638e-01
4.984000e-01 2.847764e-01
4.986000e-01 2.846879e-01
4.988000e-01 2.845983e-01
4.990000e-01 2.845077e-01
4.992000e-01 2.844160e-01
4.994000e-01 2.843232e-01
4.996000e-01 2.842294e-01
4.998000e-01 2.841345e-01
5.000000e-01 2.840385e-01
5.002000e-01 2.839414e-01
5.004000e-01 2.838433e-01
5.006000e-01 2.837441e-01
5.008000e-01 2.836438e-01
5.010000e-01 2.835424e-01
5.012000e-01 2.834399e-01
5.014000e-01 2.833363e-01
5.016000e-01 2.832316e-01
5.018000e-01 2.831258e-01
5.020000e-01 2.830189e-01
5.022000e-01 2.829109e-01
5.024000e-01 2.828017e-01
5.026000e-01 2.826915e-01
5.028000e-01 2.825801e-01
5.030000e-01 2.824676e-01
5.032000e-01 2.823540e-01
5.034000e-01 2.822392e-01
5.036000e-01 2.821233e-01
5.038000e-01 2.820063e-01
5.040000e-01 2.818881e-01
5.042000e-01 2.817688e-01
5.044000e-01 2.816483e-01
5.046000e-01 2.815267e-01
5.048000e-01 2.814039e-01
5.050000e-01 2.812799e-01
5.052000e-01 2.811547e-01
5.054000e-01 2.810284e-01
5.056000e-01 2.809009e-01
5.058000e-01 2.807723e-01
5.060000e-01 2.806424e-01
5.062000e-01 2.805114e-01
5.064000e-01 2.803791e-01
5.066000e-01 2.802457e-01
5.068000e-01 2.801110e-01
5.070000e-01 2.799751e-01
5.072000e-01 2.798380e-01
5.074000e-01 2.796997e-01
5.076000e-01 2.795602e-01
5.078000e-01 2.794194e-01
5.080000e-01 2.792775e-01
5.082000e-01 2.791342e-01
5.084000e-01 2.789897e-01
5.086000e-01 2.788440e-01
5.088000e-01 2.786970e-01
5.090000e-01 2.785488e-01
5.092000e-01 2.783993e-01
5.094000e-01 2.782485e-01
5.096000e-01 2.780965e-01
5.098000e-01 2.779431e-01
5.100000e-01 2.777885e-01
5.102000e-01 2.776326e-01
5.104000e-01 2.774754e-01
5.106000e-01 2.773169e-01
5.108000e-01 2.771571e-01
5.110000e-01 2.769960e-01
5.112000e-01 2.768336e-01
5.114000e-01 2.766699e-01
5.116000e-01 2.765048e-01
5.118000e-01 2.763384e-01
5.120000e-01 2.761707e-01
5.122000e-01 2.760016e-01
5.124000e-01 2.758312e-01
5.126000e-01 2.756594e-01
5.128000e-01 2.754863e-01
5.130000e-01 2.753118e-01
5.132000e-01 2.751360e-01
5.134000e-01 2.749588e-01
5.136000e-01 2.747802e-01
5.138000e-01 2.746002e-01
5.140000e-01 2.744189e-01
5.142000e-01 2.742362e-01
5.144000e-01 2.740520e-01
5.146000e-01 2.738665e-01
5.148000e-01 2.736795e-01
5.150000e-01 2.734912e-01
5.152000e-01 2.733014e-01
5.154000e-01 2.731103e-01
5.156000e-01 2.729177e-01
5.158000e-01 2.727236e-01
5.160000e-01 2.725282e-01
5.162000e-01 2.723313e-01
5.164000e-01 2.721330e-01
5.166000e-01 2.719332e-01
5.168000e-01 2.717319e-01
5.170000e-01 2.715293e-01
5.172000e-01 2.713251e-01
5.174000e-01 2.711195e-01
5.176000e-01 2.709125e-01
5.178000e-01 2.707039e-01
5.180000e-01 2.704939e-01
5.182000e-01 2.702824e-01
5.184000e-01 2.700694e-01
5.186000e-01 2.698550e-01
5.188000e-01 2.696390e-01
5.190000e-01 2.694216e-01
5.192000e-01 2.692026e-01
5.194000e-01 2.689822e-01
5.196000e-01 2.687603e-01
5.198000e-01 2.685368e-01
5.200000e-01 2.683118e-01
5.202000e-01 2.680854e-01
5.204000e-01 2.678574e-01
5.206000e-01 2.676279e-01
5.208000e-01 2.673969e-01
5.210000e-01 2.671643e-01
5.212000e-01 2.669302e-01
5.214000e-01 2.666946e-01
5.216000e-01 2.664575e-01
5.218000e-01 2.662188e-01
5.220000e-01 2.659786e-01
5.222000e-01 2.657368e-01
5.224000e-01 2.654935e-01
5.226000e-01 2.652487e-01
5.228000e-01 2.650023e-01
5.230000e-01 2.647544e-01
5.232000e-01 2.645049e-01
5.234000e-01 2.642539e-01
5.236000e-01 2.640014e-01
5.238000e-01 2.637472e-01
5.240000e-01 2.634916e-01
5.242000e-01 2.632344e-01
5.244000e-01 2.629756e-01
5.246000e-01 2.627153e-01
5.248000e-01 2.624534e-01
5.250000e-01 2.621900e-01
5.252000e-01 2.619250e-01
5.254000e-01 2.616585e-01
5.256000e-01 2.613904e-01
5.258000e-01 2.611207e-01
5.260000e-01 2.608496e-01
5.262000e-01 2.605768e-01
5.264000e-01 2.603025e-01
5.266000e-01 2.600267e-01
5.268000e-01 2.597493e-01
5.270000e-01 2.594704e-01
5.272000e-01 2.591900e-01
5.274000e-01 2.589080e-01
5.276000e-01 2.586244e-01
5.278000e-01 2.583393e-01
5.280000e-01 2.580527e-01
5.282000e-01 2.577646e-01
5.284000e-01 2.574749e-01
5.286000e-01 2.571838e-01
5.288000e-01 2.568910e-01
5.290000e-01 2.565968e-01
5.292000e-01 2.563011e-01
5.294000e-01 2.560038e-01
5.296000e-01 2.557051e-01
5.298000e-01 2.554049e-01
5.300000e-01 2.551031e-01
5.302000e-01 2.547999e-01
5.304000e-01 2.544952e-01
5.306000e-01 2.541890e-01
5.308000e-01 2.538813e-01
5.310000e-01 2.535722e-01
5.312000e-01 2.532616e-01
5.314000e-01 2.529496e-01
5.316000e-01 2.526361e-01
5.318000e-01 2.523212e-01
5.320000e-01 2.520048e-01
5.322000e-01 2.516871e-01
5.324000e-01 2.513679e-01
5.326000e-01 2.510473e-01
5.328000e-01 2.507253e-01
5.330000e-01 2.504019e-01
5.332000e-01 2.500771e-01
5.334000e-01 2.497510e-01
5.336000e-01 2.494235e-01
5.338000e-01 2.490946e-01
5.340000e-01 2.487644e-01
5.342000e-01 2.484329e-01
5.344000e-01 2.481000e-01
5.346000e-01 2.477659e-01
5.348000e-01 2.474304e-01
5.350000e-01 2.470937e-01
5.352000e-01 2.467557e-01
5.354000e-01 2.464164e-01
5.356000e-01 2.460759e-01
5.358000e-01 2.457342e-01
5.360000e-01 2.453912e-01
5.362000e-01 2.449263e-01
5.364000e-01 2.445346e-01
5.366000e-01 2.441442e-01
5.368000e-01 2.437551e-01
5.370000e-01 2.433674e-01
5.372000e-01 2.429809e-01
5.374000e-01 2.425958e-01
5.376000e-01 2.422119e-01
5.378000e-01 2.418292e-01
5.380000e-01 2.414478e-01
5.382000e-01 2.410675e-01
5.384000e-01 2.406885e-01
5.386000e-01 2.403106e-01
5.388000e-01 2.399338e-01
5.390000e-01 2.395582e-01
5.392000e-01 2.391838e-01
5.394000e-01 2.388104e-01
5.396000e-01 2.384381e-01
5.398000e-01 2.380668e-01
5.400000e-01 2.376966e-01
5.402000e-01 2.373275e-01
5.404000e-01 2.369593e-01
5.406000e-01 2.365922e-01
5.408000e-01 2.362260e-01
5.410000e-01 2.358608e-01
5.412000e-01 2.354965e-01
5.414000e-01 2.351332e-01
5.416000e-01 2.347708e-01
5.418000e-01 2.344093e-01
5.420000e-01 2.340487e-01
5.422000e-01 2.336889e-01
5.424000e-01 2.333301e-01
5.426000e-01 2.329720e-01
5.428000e-01 2.326148e-01
5.430000e-01 2.322584e-01
5.432000e-01 2.319028e-01
5.434000e-01 2.315480e-01
5.436000e-01 2.311940e-01
5.438000e-01 2.308407e-01
5.440000e-01 2.304882e-01
5.442000e-01 2.301364e-01
5.444000e-01 2.297853e-01
5.446000e-01 2.294349e-01
5.448000e-01 2.290852e-01
5.450000e-01 2.287362e-01
5.452000e-01 2.283878e-01
5.454000e-01 2.280401e-01
5.456000e-01 2.276931e-01
5.458000e-01 2.273467e-01
5.460000e-01 2.270008e-01
5.462000e-01 2.266556e-01
5.464000e-01 2.263110e-01
5.466000e-01 2.259670e-01
5.468000e-01 2.256235e-01
5.470000e-01 2.252806e-01
5.472000e-01 2.249382e-01
5.474000e-01 2.245963e-01
5.476000e-01 2.242550e-01
5.478000e-01 2.239142e-01
5.480000e-01 2.235739e-01
5.482000e-01 2.232340e-01
5.484000e-01 2.228947e-01
5.486000e-01 2.225558e-01
5.488000e-01 2.222174e-01
5.490000e-01 2.218794e-01
5.492000e-01 2.215418e-01
5.494000e-01 2.212047e-01
5.496000e-01 2.208680e-01
5.498000e-01 2.205317e-01
5.500000e-01 2.201958e-01
5.502000e-01 2.198602e-01
5.504000e-01 2.195251e-01
5.506000e-01 2.191903e-01
5.508000e-01 2.188559e-01
5.510000e-01 2.185218e-01
5.512000e-01 2.181881e-01
5.514000e-01 2.178547e-01
5.516000e-01 2.175216e-01
5.518000e-01 2.171888e-01
5.520000e-01 2.168564e-01
5.522000e-01 2.165242e-01
5.524000e-01 2.161923e-01
5.526000e-01 2.158607e-01
5.528000e-01 2.155294e-01
5.530000e-01 2.151983e-01
5.532000e-01 2.148675e-01
5.534000e-01 2.145369e-01
5.536000e-01 2.142066e-01
5.538000e-01 2.138765e-01
5.540000e-01 2.135467e-01
5.542000e-01 2.132170e-01
5.544000e-01 2.128876e-01
5.546000e-01 2.125583e-01
5.548000e-01 2.122293e-01
5.550000e-01 2.119005e-01
5.552000e-01 2.115718e-01
5.554000e-01 2.112433e-01
5.556000e-01 2.109150e-01
5.558000e-01 2.105868e-01
5.560000e-01 2.102588e-01
5.562000e-01 2.099310e-01
5.564000e-01 2.096032e-01
5.566000e-01 2.092757e-01
5.568000e-01 2.089482e-01
5.570000e-01 2.086209e-01
5.572000e-01 2.082937e-01
5.574000e-01 2.079666e-01
5.576000e-01 2.076397e-01
5.578000e-01 2.073128e-01
5.580000e-01 2.069860e-01
5.582000e-01 2.066593e-01
5.584000e-01 2.063327e-01
5.586000e-01 2.060062e-01
5.588000e-01 2.056798e-01
5.590000e-01 2.053534e-01
5.592000e-01 2.050271e-01
5.594000e-01 2.047009e-01
5.596000e-01 2.043747e-01
5.598000e-01 2.040486e-01
5.600000e-01 2.037225e-01
5.602000e-01 2.033964e-01
5.604000e-01 2.030704e-01
5.606000e-01 2.027445e-01
5.608000e-01 2.024185e-01
5.610000e-01 2.020926e-01
5.612000e-01 2.017667e-01
5.614000e-01 2.014409e-01
5.616000e-01 2.011150e-01
5.618000e-01 2.007892e-01
5.620000e-01 2.004633e-01
5.622000e-01 2.001375e-01
5.624000e-01 1.998117e-01
5.626000e-01 1.994858e-01
5.628000e-01 1.991600e-01
5.630000e-01 1.988341e-01
5.632000e-01 1.985083e-01
5.634000e-01 1.981824e-01
5.636000e-01 1.978565e-01
5.638000e-01 1.975306e-01
5.640000e-01 1.972046e-01
5.642000e-01 1.968786e-01
5.644000e-01 1.965526e-01
5.646000e-01 1.962266e-01
5.648000e-01 1.959005e-01
5.650000e-01 1.955744e-01
5.652000e-01 1.952482e-01
5.654000e-01 1.949220e-01
5.656000e-01 1.945958e-01
5.658000e-01 1.942695e-01
5.660000e-01 1.939431e-01
5.662000e-01 1.936167e-01
5.664000e-01 1.932903e-01
5.666000e-01 1.929637e-01
5.668000e-01 1.926372e-01
5.670000e-01 1.923105e-01
5.672000e-01 1.919838e-01
5.674000e-01 1.916571e-01
5.676000e-01 1.913303e-01
5.678000e-01 1.910034e-01
5.680000e-01 1.906764e-01
5.682000e-01 1.903494e-01
5.684000e-01 1.900223e-01
5.686000e-01 1.896951e-01
5.688000e-01 1.893679e-01
5.690000e-01 1.890405e-01
5.692000e-01 1.887131e-01
5.694000e-01 1.883857e-01
5.696000e-01 1.880581e-01
5.698000e-01 1.877305e-01
5.700000e-01 1.874028e-01
5.702000e-01 1.870750e-01
5.704000e-01 1.867471e-01
5.706000e-01 1.864191e-01
5.708000e-01 1.860911e-01
5.710000e-01 1.857630e-01
5.712000e-01 1.854348e-01
5.714000e-01 1.851065e-01
5.716000e-01 1.847781e-01
5.718000e-01 1.844496e-01
5.720000e-01 1.841211e-01
5.722000e-01 1.837924e-01
5.724000e-01 1.834637e-01
5.726000e-01 1.831349e-01
5.728000e-01 1.828060e-01
5.730000e-01 1.824770e-01
5.732000e-01 1.821479e-01
5.734000e-01 1.818188e-01
5.736000e-01 1.814895e-01
5.738000e-01 1.811602e-01
5.740000e-01 1.808308e-01
5.742000e-01 1.805013e-01
5.744000e-01 1.801717e-01
5.746000e-01 1.798420e-01
5.748000e-01 1.795123e-01
5.750000e-01 1.791824e-01
5.752000e-01 1.788525e-01
5.754000e-01 1.785225e-01
5.756000e-01 1.781924e-01
5.758000e-01 1.778622e-01
5.760000e-01 1.775319e-01
5.762000e-01 1.772016e-01
5.764000e-01 1.768712e-01
5.766000e-01 1.765406e-01
5.768000e-01 1.762101e-01
5.770000e-01 1.758794e-01
5.772000e-01 1.755487e-01
5.774000e-01 1.752178e-01
5.776000e-01 1.748870e-01
5.778000e-01 1.745560e-01
5.780000e-01 1.742250e-01
5.782000e-01 1.738938e-01
5.784000e-01 1.735627e-01
5.786000e-01 1.732314e-01
5.788000e-01 1.729001e-01
5.790000e-01 1.725687e-01
5.792000e-01 1.722372e-01
5.794000e-01 1.719057e-01
5.796000e-01 1.715741e-01
5.798000e-01 1.712425e-01
5.800000e-01 1.709108e-01
5.802000e-01 1.705790e-01
5.804000e-01 1.702472e-01
5.806000e-01 1.699153e-01
5.808000e-01 1.695834e-01
5.810000e-01 1.692514e-01
5.812000e-01 1.689194e-01
5.814000e-01 1.685873e-01
5.816000e-01 1.682552e-01
5.818000e-01 1.679230e-01
5.820000e-01 1.675908e-01
5.822000e-01 1.672585e-01
5.824000e-01 1.669262e-01
5.826000e-01 1.665938e-01
5.828000e-01 1.662614e-01
5.830000e-01 1.659290e-01
5.832000e-01 1.655966e-01
5.834000e-01 1.652641e-01
5.836000e-01 1.649316e-01
5.838000e-01 1.645990e-01
5.840000e-01 1.642664e-01
5.842000e-01 1.639339e-01
5.844000e-01 1.636012e-01
5.846000e-01 1.632686e-01
5.848000e-01 1.629360e-01
5.850000e-01 1.626033e-01
5.852000e-01 1.622706e-01
5.854000e-01 1.619379e-01
5.856000e-01 1.616052e-01
5.858000e-01 1.612725e-01
5.860000e-01 1.609398e-01
5.862000e-01 1.606071e-01
5.864000e-01 1.602744e-01
5.866000e-01 1.599417e-01
5.868000e-01 1.596090e-01
5.870000e-01 1.592763e-01
5.872000e-01 1.589436e-01
5.874000e-01 1.586110e-01
5.876000e-01 1.582783e-01
5.878000e-01 1.579457e-01
5.880000e-01 1.576131e-01
5.882000e-01 1.572805e-01
5.884000e-01 1.569479e-01
5.886000e-01 1.566154e-01
5.888000e-01 1.562828e-01
5.890000e-01 1.559504e-01
5.892000e-01 1.556179e-01
5.894000e-01 1.552855e-01
5.896000e-01 1.549532e-01
5.898000e-01 1.546208e-01
5.900000e-01 1.542886e-01
5.902000e-01 1.539563e-01
5.904000e-01 1.536242e-01
5.906000e-01 1.532920e-01
5.908000e-01 1.529600e-01
5.910000e-01 1.526280e-01
5.912000e-01 1.522960e-01
5.914000e-01 1.519641e-01
5.916000e-01 1.516323e-01
5.918000e-01 1.513006e-01
5.920000e-01 1.509689e-01
5.922000e-01 1.506373e-01
5.924000e-01 1.503058e-01
5.926000e-01 1.499744e-01
5.928000e-01 1.496430e-01
5.930000e-01 1.493118e-01
5.932000e-01 1.489806e-01
5.934000e-01 1.486495e-01
5.936000e-01 1.483185e-01
5.938000e-01 1.479877e-01
5.940000e-01 1.476569e-01
5.942000e-01 1.473262e-01
5.944000e-01 1.469956e-01
5.946000e-01 1.466652e-01
5.948000e-01 1.463348e-01
5.950000e-01 1.460046e-01
5.952000e-01 1.456745e-01
5.954000e-01 1.453445e-01
5.956000e-01 1.450146e-01
5.958000e-01 1.446849e-01
5.960000e-01 1.443553e-01
5.962000e-01 1.440258e-01
5.964000e-01 1.436965e-01
5.966000e-01 1.433673e-01
5.968000e-01 1.430382e-01
5.970000e-01 1.427093e-01
5.972000e-01 1.423805e-01
5.974000e-01 1.420519e-01
5.976000e-01 1.417235e-01
5.978000e-01 1.413952e-01
5.980000e-01 1.410670e-01
5.982000e-01 1.407391e-01
5.984000e-01 1.404112e-01
5.986000e-01 1.400836e-01
5.988000e-01 1.397561e-01
5.990000e-01 1.394288e-01
5.992000e-01 1.391017e-01
5.994000e-01 1.387748e-01
5.996000e-01 1.384480e-01
5.998000e-01 1.381215e-01
6.000000e-01 1.377951e-01
6.002000e-01 1.374689e-01
6.004000e-01 1.371430e-01
6.006000e-01 1.368172e-01
6.008000e-01 1.364916e-01
6.010000e-01 1.361662e-01
6.012000e-01 1.358411e-01
6.014000e-01 1.355161e-01
6.016000e-01 1.351914e-01
6.018000e-01 1.348669e-01
6.020000e-01 1.345425e-01
6.022000e-01 1.342185e-01
6.024000e-01 1.338946e-01
6.026000e-01 1.335710e-01
6.028000e-01 1.332476e-01
6.030000e-01 1.329245e-01
6.032000e-01 1.326015e-01
6.034000e-01 1.322789e-01
6.036000e-01 1.319564e-01
6.038000e-01 1.316343e-01
6.040000e-01 1.313123e-01
6.042000e-01 1.309906e-01
6.044000e-01 1.306692e-01
6.046000e-01 1.303481e-01
6.048000e-01 1.300271e-01
6.050000e-01 1.297065e-01
6.052000e-01 1.293861e-01
6.054000e-01 1.290660e-01
6.056000e-01 1.287462e-01
6.058000e-01 1.284267e-01
6.060000e-01 1.281074e-01
6.062000e-01 1.277884e-01
6.064000e-01 1.274697e-01
6.066000e-01 1.271513e-01
6.068000e-01 1.268332e-01
6.070000e-01 1.265153e-01
6.072000e-01 1.261978e-01
6.074000e-01 1.258806e-01
6.076000e-01 1.255637e-01
6.078000e-01 1.252470e-01
6.080000e-01 1.249307e-01
6.082000e-01 1.246147e-01
6.084000e-01 1.242990e-01
6.086000e-01 1.239836e-01
6.088000e-01 1.236686e-01
6.090000e-01 1.233539e-01
6.092000e-01 1.230394e-01
6.094000e-01 1.227254e-01
6.096000e-01 1.224116e-01
6.098000e-01 1.220982e-01
6.100000e-01 1.217851e-01
6.102000e-01 1.214724e-01
6.104000e-01 1.211600e-01
6.106000e-01 1.208479e-01
6.108000e-01 1.205362e-01
6.110000e-01 1.202249e-01
6.112000e-01 1.199138e-01
6.114000e-01 1.196032e-01
6.116000e-01 1.192929e-01
6.118000e-01 1.189830e-01
6.120000e-01 1.186734e-01
6.122000e-01 1.183642e-01
6.124000e-01 1.180553e-01
6.126000e-01 1.177469e-01
6.128000e-01 1.174388e-01
6.130000e-01 1.171311e-01
6.132000e-01 1.168237e-01
6.134000e-01 1.165168e-01
6.136000e-01 1.162102e-01
6.138000e-01 1.159040e-01
6.140000e-01 1.155982e-01
6.142000e-01 1.152928e-01
6.144000e-01 1.149878e-01
6.146000e-01 1.146831e-01
6.148000e-01 1.143789e-01
6.150000e-01 1.140751e-01
6.152000e-01 1.137717e-01
6.154000e-01 1.134687e-01
6.156000e-01 1.131661e-01
6.158000e-01 1.128639e-01
6.160000e-01 1.125621e-01
6.162000e-01 1.122607e-01
6.164000e-01 1.119598e-01
6.166000e-01 1.116592e-01
6.168000e-01 1.113591e-01
6.170000e-01 1.110594e-01
6.172000e-01 1.107602e-01
6.174000e-01 1.104614e-01
6.176000e-01 1.101630e-01
6.178000e-01 1.098650e-01
6.180000e-01 1.095675e-01
6.182000e-01 1.092704e-01
6.184000e-01 1.089737e-01
6.186000e-01 1.086775e-01
6.188000e-01 1.083818e-01
6.190000e-01 1.080865e-01
6.192000e-01 1.077916e-01
6.194000e-01 1.074972e-01
6.196000e-01 1.072032e-01
6.198000e-01 1.069097e-01
6.200000e-01 1.066167e-01
6.202000e-01 1.063241e-01
6.204000e-01 1.060319e-01
6.206000e-01 1.057403e-01
6.208000e-01 1.054491e-01
6.210000e-01 1.051584e-01
6.212000e-01 1.048681e-01
6.214000e-01 1.045783e-01
6.216000e-01 1.042890e-01
6.218000e-01 1.040001e-01
6.220000e-01 1.037118e-01
6.222000e-01 1.034239e-01
6.224000e-01 1.031365e-01
6.226000e-01 1.028496e-01
6.228000e-01 1.025631e-01
6.230000e-01 1.022772e-01
6.232000e-01 1.019917e-01
6.234000e-01 1.017067e-01
6.236000e-01 1.014223e-01
6.238000e-01 1.011383e-01
6.240000e-01 1.008548e-01
6.242000e-01 1.005718e-01
6.244000e-01 1.002893e-01
6.246000e-01 1.000073e-01
6.248000e-01 9.972581e-02
6.250000e-01 9.944482e-02
6.252000e-01 9.916434e-02
6.254000e-01 9.888436e-02
6.256000e-01 9.860490e-02
6.258000e-01 9.832594e-02
6.260000e-01 9.804750e-02
6.262000e-01 9.776957e-02
6.264000e-01 9.749216e-02
6.266000e-01 9.721526e-02
6.268000e-01 9.693889e-02
6.270000e-01 9.666303e-02
6.272000e-01 9.638769e-02
6.274000e-01 9.611288e-02
6.276000e-01 9.583859e-02
6.278000e-01 9.556483e-02
6.280000e-01 9.529159e-02
6.282000e-01 9.501888e-02
6.284000e-01 9.474671e-02
6.286000e-01 9.447506e-02
6.288000e-01 9.420395e-02
6.290000e-01 9.393337e-02
6.292000e-01 9.366333e-02
6.294000e-01 9.339382e-02
6.296000e-01 9.312485e-02
6.298000e-01 9.285643e-02
6.300000e-01 9.258854e-02
6.302000e-01 9.232119e-02
6.304000e-01 9.205439e-02
6.306000e-01 9.178813e-02
6.308000e-01 9.152242e-02
6.310000e-01 9.125725e-02
6.312000e-01 9.099263e-02
6.314000e-01 9.072856e-02
6.316000e-01 9.046504e-02
6.318000e-01 9.020208e-02
6.320000e-01 8.993966e-02
6.322000e-01 8.967780e-02
6.324000e-01 8.941649e-02
6.326000e-01 8.915574e-02
6.328000e-01 8.889554e-02
6.330000e-01 8.863591e-02
6.332000e-01 8.837683e-02
6.334000e-01 8.811831e-02
6.336000e-01 8.786035e-02
6.338000e-01 8.760295e-02
6.340000e-01 8.734612e-02
6.342000e-01 8.708985e-02
6.344000e-01 8.683414e-02
6.346000e-01 8.657900e-02
6.348000e-01 8.632443e-02
6.350000e-01 8.607042e-02
6.352000e-01 8.581698e-02
6.354000e-01 8.556411e-02
6.356000e-01 8.531181e-02
6.358000e-01 8.506008e-02
6.360000e-01 8.480892e-02
6.362000e-01 8.455833e-02
6.364000e-01 8.430831e-02
6.366000e-01 8.405887e-02
6.368000e-01 8.381001e-02
6.370000e-01 8.356171e-02
6.372000e-01 8.331400e-02
6.374000e-01 8.306686e-02
6.376000e-01 8.282029e-02
6.378000e-01 8.257431e-02
6.380000e-01 8.232890e-02
6.382000e-01 8.208407e-02
6.384000e-01 8.183983e-02
6.386000e-01 8.159616e-02
6.388000e-01 8.135307e-02
6.390000e-01 8.111057e-02
6.392000e-01 8.086864e-02
6.394000e-01 8.062730e-02
6.396000e-01 8.038654e-02
6.398000e-01 8.014637e-02
6.400000e-01 7.990678e-02
6.402000e-01 7.966777e-02
6.404000e-01 7.942936e-02
6.406000e-01 7.919152e-02
6.408000e-01 7.895427e-02
6.410000e-01 7.871761e-02
6.412000e-01 7.848154e-02
6.414000e-01 7.824605e-02
6.416000e-01 7.801115e-02
6.418000e-01 7.777684e-02
6.420000e-01 7.754312e-02
6.422000e-01 7.730999e-02
6.424000e-01 7.707745e-02
6.426000e-01 7.684550e-02
6.428000e-01 7.661414e-02
6.430000e-01 7.638337e-02
6.432000e-01 7.615319e-02
6.434000e-01 7.592360e-02
6.436000e-01 7.569460e-02
6.438000e-01 7.546620e-02
6.440000e-01 7.523838e-02
6.442000e-01 7.501116e-02
6.444000e-01 7.478454e-02
6.446000e-01 7.455850e-02
6.448000e-01 7.433306e-02
6.450000e-01 7.410822e-02
6.452000e-01 7.388396e-02
6.454000e-01 7.366031e-02
6.456000e-01 7.343724e-02
6.458000e-01 7.321477e-02
6.460000e-01 7.299290e-02
6.462000e-01 7.277162e-02
6.464000e-01 7.255094e-02
6.466000e-01 7.233085e-02
6.468000e-01 7.211136e-02
6.470000e-01 7.189246e-02
6.472000e-01 7.167416e-02
6.474000e-01 7.145646e-02
6.476000e-01 7.123935e-02
6.478000e-01 7.102284e-02
6.480000e-01 7.080692e-02
6.482000e-01 7.059160e-02
6.484000e-01 7.037688e-02
6.486000e-01 7.016276e-02
6.488000e-01 6.994923e-02
6.490000e-01 6.973631e-02
6.492000e-01 6.952397e-02
6.494000e-01 6.931224e-02
6.496000e-01 6.910110e-02
6.498000e-01 6.889057e-02
6.500000e-01 6.868063e-02
6.502000e-01 6.847128e-02
6.504000e-01 6.826254e-02
6.506000e-01 6.805439e-02
6.508000e-01 6.784685e-02
6.510000e-01 6.763990e-02
6.512000e-01 6.743355e-02
6.514000e-01 6.722779e-02
6.516000e-01 6.702264e-02
6.518000e-01 6.681808e-02
6.520000e-01 6.661413e-02
6.522000e-01 6.641077e-02
6.524000e-01 6.620801e-02
6.526000e-01 6.600585e-02
6.528000e-01 6.580429e-02
6.530000e-01 6.560333e-02
6.532000e-01 6.540297e-02
6.534000e-01 6.520321e-02
6.536000e-01 6.500404e-02
6.538000e-01 6.480548e-02
6.540000e-01 6.460751e-02
6.542000e-01 6.441015e-02
6.544000e-01 6.421338e-02
6.546000e-01 6.401722e-02
6.548000e-01 6.382165e-02
6.550000e-01 6.362668e-02
6.552000e-01 6.343232e-02
6.554000e-01 6.323855e-02
6.556000e-01 6.304538e-02
6.558000e-01 6.285282e-02
6.560000e-01 6.266085e-02
6.562000e-01 6.246949e-02
6.564000e-01 6.227872e-02
6.566000e-01 6.208856e-02
6.568000e-01 6.189899e-02
6.570000e-01 6.171003e-02
6.572000e-01 6.152167e-02
6.574000e-01 6.133391e-02
6.576000e-01 6.114675e-02
6.578000e-01 6.096019e-02
6.580000e-01 6.077423e-02
6.582000e-01 6.058888e-02
6.584000e-01 6.040412e-02
6.586000e-01 6.021997e-02
6.588000e-01 6.003642e-02
6.590000e-01 5.985348e-02
6.592000e-01 5.967113e-02
6.594000e-01 5.948939e-02
6.596000e-01 5.930825e-02
6.598000e-01 5.912771e-02
6.600000e-01 5.894778e-02
6.602000e-01 5.876845e-02
6.604000e-01 5.858972e-02
6.606000e-01 5.841160e-02
6.608000e-01 5.823409e-02
6.610000e-01 5.805717e-02
6.612000e-01 5.788087e-02
6.614000e-01 5.770516e-02
6.616000e-01 5.753007e-02
6.618000e-01 5.735557e-02
6.620000e-01 5.718169e-02
6.622000e-01 5.700841e-02
6.624000e-01 5.683574e-02
6.626000e-01 5.666367e-02
6.628000e-01 5.649222e-02
6.630000e-01 5.632137e-02
6.632000e-01 5.615113e-02
6.634000e-01 5.598149e-02
6.636000e-01 5.581247e-02
6.638000e-01 5.564406e-02
6.640000e-01 5.547626e-02
6.642000e-01 5.530906e-02
6.644000e-01 5.514248e-02
6.646000e-01 5.497651e-02
6.648000e-01 5.481116e-02
6.650000e-01 5.464641e-02
6.652000e-01 5.448228e-02
6.654000e-01 5.431877e-02
6.656000e-01 5.415587e-02
6.658000e-01 5.399358e-02
6.660000e-01 5.383191e-02
6.662000e-01 5.367085e-02
6.664000e-01 5.351042e-02
6.666000e-01 5.335060e-02
6.668000e-01 5.319140e-02
6.670000e-01 5.303282e-02
6.672000e-01 5.287486e-02
6.674000e-01 5.271752e-02
6.676000e-01 5.256080e-02
6.678000e-01 5.240471e-02
6.680000e-01 5.224924e-02
6.682000e-01 5.209439e-02
6.684000e-01 5.194017e-02
6.686000e-01 5.178658e-02
6.688000e-01 5.163361e-02
6.690000e-01 5.148128e-02
6.692000e-01 5.132957e-02
6.694000e-01 5.117849e-02
6.696000e-01 5.102804e-02
6.698000e-01 5.087823e-02
6.700000e-01 5.072905e-02
6.702000e-01 5.058050e-02
6.704000e-01 5.043259e-02
6.706000e-01 5.028532e-02
6.708000e-01 5.013869e-02
6.710000e-01 4.999270e-02
6.712000e-01 4.984734e-02
6.714000e-01 4.970263e-02
6.716000e-01 4.955857e-02
6.718000e-01 4.941515e-02
6.720000e-01 4.927237e-02
6.722000e-01 4.913025e-02
6.724000e-01 4.898877e-02
6.726000e-01 4.884795e-02
6.728000e-01 4.870777e-02
6.730000e-01 4.856825e-02
6.732000e-01 4.842939e-02
6.734000e-01 4.829119e-02
6.736000e-01 4.815364e-02
6.738000e-01 4.801676e-02
6.740000e-01 4.788053e-02
6.742000e-01 4.774498e-02
6.744000e-01 4.761008e-02
6.746000e-01 4.747586e-02
6.748000e-01 4.734231e-02
6.750000e-01 4.720943e-02
6.752000e-01 4.707722e-02
6.754000e-01 4.694569e-02
6.756000e-01 4.681483e-02
6.758000e-01 4.668466e-02
6.760000e-01 4.655517e-02
6.762000e-01 4.642636e-02
6.764000e-01 4.629825e-02
6.766000e-01 4.617081e-02
6.768000e-01 4.604408e-02
6.770000e-01 4.591803e-02
6.772000e-01 4.579268e-02
6.774000e-01 4.566803e-02
6.776000e-01 4.554408e-02
6.778000e-01 4.542084e-02
6.780000e-01 4.529830e-02
6.782000e-01 4.517646e-02
6.784000e-01 4.505534e-02
6.786000e-01 4.493494e-02
6.788000e-01 4.481525e-02
6.790000e-01 4.469628e-02
6.792000e-01 4.457803e-02
6.794000e-01 4.446051e-02
6.796000e-01 4.434372e-02
6.798000e-01 4.422766e-02
6.800000e-01 4.411233e-02
6.802000e-01 4.399774e-02
6.804000e-01 4.388389e-02
6.806000e-01 4.377079e-02
6.808000e-01 4.365843e-02
6.810000e-01 4.354682e-02
6.812000e-01 4.343597e-02
6.814000e-01 4.332587e-02
6.816000e-01 4.321653e-02
6.818000e-01 4.310796e-02
6.820000e-01 4.300016e-02
6.822000e-01 4.289312e-02
6.824000e-01 4.278687e-02
6.826000e-01 4.268139e-02
6.828000e-01 4.257669e-02
6.830000e-01 4.247278e-02
6.832000e-01 4.236966e-02
6.834000e-01 4.226733e-02
6.836000e-01 4.216581e-02
6.838000e-01 4.206508e-02
6.840000e-01 4.196517e-02
6.842000e-01 4.186606e-02
6.844000e-01 4.176777e-02
6.846000e-01 4.167029e-02
6.848000e-01 4.157365e-02
6.850000e-01 4.147783e-02
6.852000e-01 4.138284e-02
6.854000e-01 4.128869e-02
6.856000e-01 4.119538e-02
6.858000e-01 4.110292e-02
6.860000e-01 4.101131e-02
6.862000e-01 4.092056e-02
6.864000e-01 4.083067e-02
6.866000e-01 4.074164e-02
6.868000e-01 4.065349e-02
6.870000e-01 4.056621e-02
6.872000e-01 4.047982e-02
6.874000e-01 4.036076e-02
6.876000e-01 4.023236e-02
6.878000e-01 4.010338e-02
6.880000e-01 3.997391e-02
6.882000e-01 3.984405e-02
6.884000e-01 3.971391e-02
6.886000e-01 3.958359e-02
6.888000e-01 3.945322e-02
6.890000e-01 3.932292e-02
6.892000e-01 3.919283e-02
6.894000e-01 3.906308e-02
6.896000e-01 3.893381e-02
6.898000e-01 3.880516e-02
6.900000e-01 3.867727e-02
6.902000e-01 3.855027e-02
6.904000e-01 3.842430e-02
6.906000e-01 3.829947e-02
6.908000e-01 3.817589e-02
6.910000e-01 3.805366e-02
6.912000e-01 3.793289e-02
6.914000e-01 3.781366e-02
6.916000e-01 3.769605e-02
6.918000e-01 3.758014e-02
6.920000e-01 3.746600e-02
6.922000e-01 3.735368e-02
6.924000e-01 3.724323e-02
6.926000e-01 3.713471e-02
6.928000e-01 3.702814e-02
6.930000e-01 3.692356e-02
6.932000e-01 3.682099e-02
6.934000e-01 3.672045e-02
6.936000e-01 3.662193e-02
6.938000e-01 3.652544e-02
6.940000e-01 3.643098e-02
6.942000e-01 3.633852e-02
6.944000e-01 3.624804e-02
6.946000e-01 3.615952e-02
6.948000e-01 3.607291e-02
6.950000e-01 3.598817e-02
6.952000e-01 3.590525e-02
6.954000e-01 3.582409e-02
6.956000e-01 3.574461e-02
6.958000e-01 3.566675e-02
6.960000e-01 3.559042e-02
6.962000e-01 3.551553e-02
6.964000e-01 3.544198e-02
6.966000e-01 3.536968e-02
6.968000e-01 3.529851e-02
6.970000e-01 3.522837e-02
6.972000e-01 3.515916e-02
6.974000e-01 3.509077e-02
6.976000e-01 3.502311e-02
6.978000e-01 3.495609e-02
6.980000e-01 3.488962e-02
6.982000e-01 3.482362e-02
6.984000e-01 3.475800e-02
6.986000e-01 3.469268e-02
6.988000e-01 3.462760e-02
6.990000e-01 3.456269e-02
6.992000e-01 3.449787e-02
6.994000e-01 3.443309e-02
6.996000e-01 3.436829e-02
6.998000e-01 3.430341e-02
7.000000e-01 3.423841e-02
7.002000e-01 3.417323e-02
7.004000e-01 3.410785e-02
7.006000e-01 3.404220e-02
7.008000e-01 3.397627e-02
7.010000e-01 3.391002e-02
7.012000e-01 3.384342e-02
7.014000e-01 3.377645e-02
7.016000e-01 3.370909e-02
7.018000e-01 3.364133e-02
7.020000e-01 3.357314e-02
7.022000e-01 3.350452e-02
7.024000e-01 3.343548e-02
7.026000e-01 3.336600e-02
7.028000e-01 3.329609e-02
7.030000e-01 3.322575e-02
7.032000e-01 3.315501e-02
7.034000e-01 3.308386e-02
7.036000e-01 3.301233e-02
7.038000e-01 3.294045e-02
7.040000e-01 3.286822e-02
7.042000e-01 3.279567e-02
7.044000e-01 3.272282e-02
7.046000e-01 3.264969e-02
7.048000e-01 3.257630e-02
7.050000e-01 3.250266e-02
7.052000e-01 3.242879e-02
7.054000e-01 3.235470e-02
7.056000e-01 3.228042e-02
7.058000e-01 3.220596e-02
7.060000e-01 3.213133e-02
7.062000e-01 3.205655e-02
7.064000e-01 3.198163e-02
7.066000e-01 3.190658e-02
7.068000e-01 3.183141e-02
7.070000e-01 3.175614e-02
7.072000e-01 3.168078e-02
7.074000e-01 3.160533e-02
7.076000e-01 3.152982e-02
7.078000e-01 3.145423e-02
7.080000e-01 3.137860e-02
7.082000e-01 3.130291e-02
7.084000e-01 3.122719e-02
7.086000e-01 3.115143e-02
7.088000e-01 3.107565e-02
7.090000e-01 3.099984e-02
7.092000e-01 3.092402e-02
7.094000e-01 3.084818e-02
7.096000e-01 3.077234e-02
7.098000e-01 3.069649e-02
7.100000e-01 3.062063e-02
7.102000e-01 3.054477e-02
7.104000e-01 3.046892e-02
7.106000e-01 3.039306e-02
7.108000e-01 3.031720e-02
7.110000e-01 3.024134e-02
7.112000e-01 3.016549e-02
7.114000e-01 3.008963e-02
7.116000e-01 3.001377e-02
7.118000e-01 2.993791e-02
7.120000e-01 2.986206e-02
7.122000e-01 2.978620e-02
7.124000e-01 2.971034e-02
7.126000e-01 2.963448e-02
7.128000e-01 2.955863e-02
7.130000e-01 2.948277e-02
7.132000e-01 2.940691e-02
7.134000e-01 2.933105e-02
7.136000e-01 2.925520e-02
7.138000e-01 2.917934e-02
7.140000e-01 2.910348e-02
7.142000e-01 2.902763e-02
7.144000e-01 2.895177e-02
7.146000e-01 2.887591e-02
7.148000e-01 2.880005e-02
7.150000e-01 2.872420e-02
7.152000e-01 2.864834e-02
7.154000e-01 2.857248e-02
7.156000e-01 2.849662e-02
7.158000e-01 2.842077e-02
7.160000e-01 2.834491e-02
7.162000e-01 2.826905e-02
7.164000e-01 2.819319e-02
7.166000e-01 2.811734e-02
7.168000e-01 2.804148e-02
7.170000e-01 2.796562e-02
7.172000e-01 2.788976e-02
7.174000e-01 2.781391e-02
7.176000e-01 2.773805e-02
7.178000e-01 2.766219e-02
7.180000e-01 2.758634e-02
7.182000e-01 2.751049e-02
7.184000e-01 2.743464e-02
7.186000e-01 2.735880e-02
7.188000e-01 2.728297e-02
7.190000e-01 2.720716e-02
7.192000e-01 2.713135e-02
7.194000e-01 2.705557e-02
7.196000e-01 2.697981e-02
7.198000e-01 2.690407e-02
7.200000e-01 2.682836e-02
7.202000e-01 2.675269e-02
7.204000e-01 2.667706e-02
7.206000e-01 2.660147e-02
7.208000e-01 2.652593e-02
7.210000e-01 2.645045e-02
7.212000e-01 2.637504e-02
7.214000e-01 2.629969e-02
7.216000e-01 2.622442e-02
7.218000e-01 2.614923e-02
7.220000e-01 2.607413e-02
7.222000e-01 2.599914e-02
7.224000e-01 2.592425e-02
7.226000e-01 2.584947e-02
7.228000e-01 2.577482e-02
7.230000e-01 2.570031e-02
7.232000e-01 2.562594e-02
7.234000e-01 2.555172e-02
7.236000e-01 2.547767e-02
7.238000e-01 2.540379e-02
7.240000e-01 2.533010e-02
7.242000e-01 2.525661e-02
7.244000e-01 2.518332e-02
7.246000e-01 2.511025e-02
7.248000e-01 2.503741e-02
7.250000e-01 2.496480e-02
7.252000e-01 2.489243e-02
7.254000e-01 2.482032e-02
7.256000e-01 2.474846e-02
7.258000e-01 2.467687e-02
7.260000e-01 2.460554e-02
7.262000e-01 2.453449e-02
7.264000e-01 2.446371e-02
7.266000e-01 2.439322e-02
7.268000e-01 2.432300e-02
7.270000e-01 2.425308e-02
7.272000e-01 2.418343e-02
7.274000e-01 2.411408e-02
7.276000e-01 2.404501e-02
7.278000e-01 2.397623e-02
7.280000e-01 2.390773e-02
7.282000e-01 2.383952e-02
7.284000e-01 2.377158e-02
7.286000e-01 2.370393e-02
7.288000e-01 2.363654e-02
7.290000e-01 2.356943e-02
7.292000e-01 2.350258e-02
7.294000e-01 2.343598e-02
7.296000e-01 2.336964e-02
7.298000e-01 2.330353e-02
7.300000e-01 2.323767e-02
7.302000e-01 2.317203e-02
7.304000e-01 2.310661e-02
7.306000e-01 2.304139e-02
7.308000e-01 2.297637e-02
7.310000e-01 2.291154e-02
7.312000e-01 2.284688e-02
7.314000e-01 2.278239e-02
7.316000e-01 2.271805e-02
7.318000e-01 2.265385e-02
7.320000e-01 2.258979e-02
7.322000e-01 2.252586e-02
7.324000e-01 2.246204e-02
7.326000e-01 2.239832e-02
7.328000e-01 2.233471e-02
7.330000e-01 2.227119e-02
7.332000e-01 2.220775e-02
7.334000e-01 2.214439e-02
7.336000e-01 2.208110e-02
7.338000e-01 2.201787e-02
7.340000e-01 2.195469e-02
7.342000e-01 2.189157e-02
7.344000e-01 2.182849e-02
7.346000e-01 2.176546e-02
7.348000e-01 2.170245e-02
7.350000e-01 2.163948e-02
7.352000e-01 2.157653e-02
7.354000e-01 2.151361e-02
7.356000e-01 2.145070e-02
7.358000e-01 2.138781e-02
7.360000e-01 2.132493e-02
7.362000e-01 2.126206e-02
7.364000e-01 2.119919e-02
7.366000e-01 2.113633e-02
7.368000e-01 2.107348e-02
7.370000e-01 2.101062e-02
7.372000e-01 2.094777e-02
7.374000e-01 2.088492e-02
7.376000e-01 2.082207e-02
7.378000e-01 2.075921e-02
7.380000e-01 2.069636e-02
7.382000e-01 2.063351e-02
7.384000e-01 2.057066e-02
7.386000e-01 2.050781e-02
7.388000e-01 2.044495e-02
7.390000e-01 2.038210e-02
7.392000e-01 2.031925e-02
7.394000e-01 2.025640e-02
7.396000e-01 2.019354e-02
7.398000e-01 2.013069e-02
7.400000e-01 2.006784e-02
7.402000e-01 2.000499e-02
7.404000e-01 1.994213e-02
7.406000e-01 1.987928e-02
7.408000e-01 1.981643e-02
7.410000e-01 1.975358e-02
7.412000e-01 1.969072e-02
7.414000e-01 1.962787e-02
7.416000e-01 1.956502e-02
7.418000e-01 1.950217e-02
7.420000e-01 1.943931e-02
7.422000e-01 1.937646e-02
7.424000e-01 1.931361e-02
7.426000e-01 1.925076e-02
7.428000e-01 1.918791e-02
7.430000e-01 1.912505e-02
7.432000e-01 1.906220e-02
7.434000e-01 1.899935e-02
7.436000e-01 1.893650e-02
7.438000e-01 1.887364e-02
7.440000e-01 1.881079e-02
7.442000e-01 1.874794e-02
7.444000e-01 1.868509e-02
7.446000e-01 1.862223e-02
7.448000e-01 1.855938e-02
7.450000e-01 1.849653e-02
7.452000e-01 1.843368e-02
7.454000e-01 1.837082e-02
7.456000e-01 1.830797e-02
7.458000e-01 1.824512e-02
7.460000e-01 1.818227e-02
7.462000e-01 1.811941e-02
7.464000e-01 1.805656e-02
7.466000e-01 1.799371e-02
7.468000e-01 1.793086e-02
7.470000e-01 1.786801e-02
7.472000e-01 1.780515e-02
7.474000e-01 1.774230e-02
7.476000e-01 1.767945e-02
7.478000e-01 1.761660e-02
7.480000e-01 1.755374e-02
7.482000e-01 1.749089e-02
7.484000e-01 1.742804e-02
7.486000e-01 1.736519e-02
7.488000e-01 1.730233e-02
7.490000e-01 1.723948e-02
7.492000e-01 1.717663e-02
7.494000e-01 1.711378e-02
7.496000e-01 1.705092e-02
7.498000e-01 1.698807e-02
7.500000e-01 1.692522e-02
7.502000e-01 1.686237e-02
7.504000e-01 1.679952e-02
7.506000e-01 1.673666e-02
7.508000e-01 1.667381e-02
7.510000e-01 1.661096e-02
7.512000e-01 1.654811e-02
7.514000e-01 1.648525e-02
7.516000e-01 1.642240e-02
7.518000e-01 1.635955e-02
7.520000e-01 1.629670e-02
7.522000e-01 1.623384e-02
7.524000e-01 1.617099e-02
7.526000e-01 1.610814e-02
7.528000e-01 1.604529e-02
7.530000e-01 1.598243e-02
7.532000e-01 1.591958e-02
7.534000e-01 1.585673e-02
7.536000e-01 1.579388e-02
7.538000e-01 1.573102e-02
7.540000e-01 1.566817e-02
7.542000e-01 1.560532e-02
7.544000e-01 1.554247e-02
7.546000e-01 1.547962e-02
7.548000e-01 1.541676e-02
7.550000e-01 1.535391e-02
7.552000e-01 1.529106e-02
7.554000e-01 1.522821e-02
7.556000e-01 1.516535e-02
7.558000e-01 1.510250e-02
7.560000e-01 1.503965e-02
7.562000e-01 1.497680e-02
7.564000e-01 1.491394e-02
7.566000e-01 1.485109e-02
7.568000e-01 1.478824e-02
7.570000e-01 1.472539e-02
7.572000e-01 1.466253e-02
7.574000e-01 1.459968e-02
7.576000e-01 1.453683e-02
7.578000e-01 1.447398e-02
7.580000e-01 1.441112e-02
7.582000e-01 1.434827e-02
7.584000e-01 1.428542e-02
7.586000e-01 1.422257e-02
7.588000e-01 1.415972e-02
7.590000e-01 1.409686e-02
7.592000e-01 1.403401e-02
7.594000e-01 1.397116e-02
7.596000e-01 1.390831e-02
7.598000e-01 1.384545e-02
7.600000e-01 1.378260e-02
7.602000e-01 1.371975e-02
7.604000e-01 1.365690e-02
7.606000e-01 1.359404e-02
7.608000e-01 1.353119e-02
7.610000e-01 1.346834e-02
7.612000e-01 1.340549e-02
7.614000e-01 1.334263e-02
7.616000e-01 1.327978e-02
7.618000e-01 1.321693e-02
7.620000e-01 1.315408e-02
7.622000e-01 1.309122e-02
7.624000e-01 1.302837e-02
7.626000e-01 1.296552e-02
7.628000e-01 1.290267e-02
7.630000e-01 1.283982e-02
7.632000e-01 1.277696e-02
7.634000e-01 1.271411e-02
7.636000e-01 1.265126e-02
7.638000e-01 1.258841e-02
7.640000e-01 1.252555e-02
7.642000e-01 1.246270e-02
7.644000e-01 1.239985e-02
7.646000e-01 1.233700e-02
7.648000e-01 1.227414e-02
7.650000e-01 1.221129e-02
7.652000e-01 1.214844e-02
7.654000e-01 1.208559e-02
7.656000e-01 1.202273e-02
7.658000e-01 1.195988e-02
7.660000e-01 1.189703e-02
7.662000e-01 1.183418e-02
7.664000e-01 1.177132e-02
7.666000e-01 1.170847e-02
7.668000e-01 1.164562e-02
7.670000e-01 1.158277e-02
7.672000e-01 1.151992e-02
7.674000e-01 1.145706e-02
7.676000e-01 1.139421e-02
7.678000e-01 1.133136e-02
7.680000e-01 1.126851e-02
7.682000e-01 1.120565e-02
7.684000e-01 1.114280e-02
7.686000e-01 1.107995e-02
7.688000e-01 1.101710e-02
7.690000e-01 1.095424e-02
7.692000e-01 1.089139e-02
7.694000e-01 1.082854e-02
7.696000e-01 1.076569e-02
7.698000e-01 1.070283e-02
7.700000e-01 1.063998e-02
7.702000e-01 1.057713e-02
7.704000e-01 1.051428e-02
7.706000e-01 1.045142e-02
7.708000e-01 1.038857e-02
7.710000e-01 1.032572e-02
7.712000e-01 1.026287e-02
7.714000e-01 1.020002e-02
7.716000e-01 1.013716e-02
7.718000e-01 1.007431e-02
7.720000e-01 1.001146e-02
7.722000e-01 9.948606e-03
7.724000e-01 9.885754e-03
7.726000e-01 9.822901e-03
7.728000e-01 9.760049e-03
7.730000e-01 9.697196e-03
7.732000e-01 9.634344e-03
7.734000e-01 9.571492e-03
7.736000e-01 9.508639e-03
7.738000e-01 9.445787e-03
7.740000e-01 9.382935e-03
7.742000e-01 9.320082e-03
7.744000e-01 9.257230e-03
7.746000e-01 9.194377e-03
7.748000e-01 9.131525e-03
7.750000e-01 9.068673e-03
7.752000e-01 9.005820e-03
7.754000e-01 8.942968e-03
7.756000e-01 8.880116e-03
7.758000e-01 8.817263e-03
7.760000e-01 8.754411e-03
7.762000e-01 8.691558e-03
7.764000e-01 8.628706e-03
7.766000e-01 8.565854e-03
7.768000e-01 8.503001e-03
7.770000e-01 8.440149e-03
7.772000e-01 8.377297e-03
7.774000e-01 8.314444e-03
7.776000e-01 8.251592e-03
7.778000e-01 8.188739e-03
7.780000e-01 8.125887e-03
7.782000e-01 8.063035e-03
7.784000e-01 8.000182e-03
7.786000e-01 7.937330e-03
7.788000e-01 7.874478e-03
7.790000e-01 7.811625e-03
7.792000e-01 7.748773e-03
7.794000e-01 7.685920e-03
7.796000e-01 7.623068e-03
7.798000e-01 7.560216e-03
7.800000e-01 7.497363e-03
7.802000e-01 7.434511e-03
7.804000e-01 7.371659e-03
7.806000e-01 7.308806e-03
7.808000e-01 7.245954e-03
7.810000e-01 7.183101e-03
7.812000e-01 7.120249e-03
7.814000e-01 7.057397e-03
7.816000e-01 6.994544e-03
7.818000e-01 6.931692e-03
7.820000e-01 6.868840e-03
7.822000e-01 6.805987e-03
7.824000e-01 6.743135e-03
7.826000e-01 6.680255e-03
7.828000e-01 6.617348e-03
7.830000e-01 6.554415e-03
7.832000e-01 6.491453e-03
7.834000e-01 6.428465e-03
7.836000e-01 6.365450e-03
7.838000e-01 6.302407e-03
7.840000e-01 6.239337e-03
7.842000e-01 6.176240e-03
7.844000e-01 6.113116e-03
7.846000e-01 6.049964e-03
7.848000e-01 5.986786e-03
7.850000e-01 5.923580e-03
7.852000e-01 5.860347e-03
7.854000e-01 5.797087e-03
7.856000e-01 5.733800e-03
7.858000e-01 5.669099e-03
7.860000e-01 5.604398e-03
7.862000e-01 5.539697e-03
7.864000e-01 5.474996e-03
7.866000e-01 5.410295e-03
7.868000e-01 5.345594e-03
7.870000e-01 5.280893e-03
7.872000e-01 5.216192e-03
7.874000e-01 5.151491e-03
7.876000e-01 5.086790e-03
7.878000e-01 5.022089e-03
7.880000e-01 4.957388e-03
7.882000e-01 4.892687e-03
7.884000e-01 4.827986e-03
7.886000e-01 4.763285e-03
7.888000e-01 4.698584e-03
7.890000e-01 4.574728e-03
7.892000e-01 4.511875e-03
7.894000e-01 4.449023e-03
7.896000e-01 4.386171e-03
7.898000e-01 4.323318e-03
7.900000e-01 4.260466e-03
7.902000e-01 4.197613e-03
7.904000e-01 4.134761e-03
7.906000e-01 4.071909e-03
7.908000e-01 4.009056e-03
7.910000e-01 3.946204e-03
7.912000e-01 3.883352e-03
7.914000e-01 3.820499e-03
7.916000e-01 3.757647e-03
7.918000e-01 3.694794e-03
7.920000e-01 3.631942e-03
7.922000e-01 3.569090e-03
7.924000e-01 3.506237e-03
7.926000e-01 3.443385e-03
7.928000e-01 3.380533e-03
7.930000e-01 3.317680e-03
7.932000e-01 3.254828e-03
7.934000e-01 3.191975e-03
7.936000e-01 3.129123e-03
7.938000e-01 3.066271e-03
7.940000e-01 3.003418e-03
7.942000e-01 2.940566e-03
7.944000e-01 2.877714e-03
7.946000e-01 2.814861e-03
7.948000e-01 2.752009e-03
7.950000e-01 2.689156e-03
7.952000e-01 2.626304e-03
7.954000e-01 2.563452e-03
7.956000e-01 2.500599e-03
7.958000e-01 2.437747e-03
