1.000000e-01 0.000000e+00
1.002000e-01 1.518065e-09
1.004000e-01 3.114354e-09
1.006000e-01 4.790192e-09
1.008000e-01 6.546827e-09
1.010000e-01 8.385429e-09
1.012000e-01 1.030709e-08
1.014000e-01 1.231282e-08
1.016000e-01 1.440357e-08
1.018000e-01 1.658017e-08
1.020000e-01 1.884343e-08
1.022000e-01 2.119403e-08
1.024000e-01 2.363261e-08
1.026000e-01 2.615970e-08
1.028000e-01 2.877578e-08
1.030000e-01 3.148123e-08
1.032000e-01 3.427638e-08
1.034000e-01 3.716144e-08
1.036000e-01 3.972293e-08
1.038000e-01 4.233082e-08
1.040000e-01 4.498246e-08
1.042000e-01 4.767520e-08
1.044000e-01 5.040640e-08
1.046000e-01 5.317339e-08
1.048000e-01 5.597352e-08
1.050000e-01 5.880415e-08
1.052000e-01 6.166262e-08
1.054000e-01 6.454628e-08
1.056000e-01 6.745248e-08
1.058000e-01 7.037857e-08
1.060000e-01 7.332189e-08
1.062000e-01 7.627980e-08
1.064000e-01 7.924964e-08
1.066000e-01 8.222876e-08
1.068000e-01 8.521451e-08
1.070000e-01 8.820423e-08
1.072000e-01 9.120589e-08
1.074000e-01 9.421816e-08
1.076000e-01 9.723978e-08
1.078000e-01 1.002696e-07
1.080000e-01 1.033065e-07
1.082000e-01 1.063495e-07
1.084000e-01 1.093976e-07
1.086000e-01 1.124501e-07
1.088000e-01 1.155060e-07
1.090000e-01 1.185648e-07
1.092000e-01 1.216257e-07
1.094000e-01 1.246883e-07
1.096000e-01 1.277520e-07
1.098000e-01 1.308165e-07
1.100000e-01 1.338815e-07
1.102000e-01 1.369467e-07
1.104000e-01 1.400120e-07
1.106000e-01 1.430773e-07
1.108000e-01 1.461426e-07
1.110000e-01 1.492079e-07
1.112000e-01 1.522732e-07
1.114000e-01 1.553385e-07
1.116000e-01 1.584038e-07
1.118000e-01 1.614691e-07
1.120000e-01 1.645344e-07
1.122000e-01 1.675997e-07
1.124000e-01 1.706650e-07
1.126000e-01 1.737303e-07
1.128000e-01 1.767956e-07
1.130000e-01 1.798609e-07
1.132000e-01 1.829262e-07
1.134000e-01 1.859915e-07
1.136000e-01 1.890568e-07
1.138000e-01 1.921221e-07
1.140000e-01 1.951874e-07
1.142000e-01 1.982527e-07
1.144000e-01 2.013180e-07
1.146000e-01 2.043833e-07
1.148000e-01 2.074486e-07
1.150000e-01 2.105139e-07
1.152000e-01 2.135792e-07
1.154000e-01 2.166445e-07
1.156000e-01 2.197098e-07
1.158000e-01 2.227751e-07
1.160000e-01 2.258404e-07
1.162000e-01 2.289057e-07
1.164000e-01 2.319710e-07
1.166000e-01 2.350363e-07
1.168000e-01 2.381016e-07
1.170000e-01 2.411669e-07
1.172000e-01 2.442322e-07
1.174000e-01 2.472975e-07
1.176000e-01 2.503628e-07
1.178000e-01 2.534281e-07
1.180000e-01 2.564934e-07
1.182000e-01 2.595587e-07
1.184000e-01 2.626240e-07
1.186000e-01 2.656893e-07
1.188000e-01 2.687546e-07
1.190000e-01 2.718199e-07
1.192000e-01 2.748852e-07
1.194000e-01 2.779505e-07
1.196000e-01 2.810158e-07
1.198000e-01 2.840811e-07
1.200000e-01 2.871464e-07
1.202000e-01 2.902117e-07
1.204000e-01 2.932770e-07
1.206000e-01 2.963423e-07
1.208000e-01 2.994075e-07
1.210000e-01 3.024728e-07
1.212000e-01 3.055381e-07
1.214000e-01 3.086034e-07
1.216000e-01 3.116687e-07
1.218000e-01 3.147340e-07
1.220000e-01 3.177993e-07
1.222000e-01 3.208646e-07
1.224000e-01 3.239299e-07
1.226000e-01 3.269952e-07
1.228000e-01 3.300605e-07
1.230000e-01 3.331258e-07
1.232000e-01 3.361911e-07
1.234000e-01 3.392564e-07
1.236000e-01 3.423217e-07
1.238000e-01 3.453870e-07
1.240000e-01 3.484523e-07
1.242000e-01 3.515176e-07
1.244000e-01 3.545829e-07
1.246000e-01 3.576482e-07
1.248000e-01 3.607135e-07
1.250000e-01 3.637788e-07
1.252000e-01 3.668441e-07
1.254000e-01 3.699094e-07
1.256000e-01 3.729747e-07
1.258000e-01 3.760400e-07
1.260000e-01 3.791053e-07
1.262000e-01 3.821706e-07
1.264000e-01 3.852359e-07
1.266000e-01 3.883012e-07
1.268000e-01 3.913665e-07
1.270000e-01 3.944318e-07
1.272000e-01 3.974971e-07
1.274000e-01 4.005624e-07
1.276000e-01 4.036277e-07
1.278000e-01 4.066930e-07
1.280000e-01 4.097583e-07
1.282000e-01 4.128236e-07
1.284000e-01 4.158889e-07
1.286000e-01 4.189542e-07
1.288000e-01 4.220195e-07
1.290000e-01 4.250848e-07
1.292000e-01 4.281501e-07
1.294000e-01 4.312154e-07
1.296000e-01 4.342807e-07
1.298000e-01 4.373460e-07
1.300000e-01 4.404113e-07
1.302000e-01 4.434766e-07
1.304000e-01 4.465419e-07
1.306000e-01 4.496072e-07
1.308000e-01 4.526725e-07
1.310000e-01 4.557378e-07
1.312000e-01 4.588031e-07
1.314000e-01 4.618684e-07
1.316000e-01 4.649337e-07
1.318000e-01 4.679990e-07
1.320000e-01 4.710643e-07
1.322000e-01 4.741296e-07
1.324000e-01 4.771949e-07
1.326000e-01 4.802602e-07
1.328000e-01 4.833255e-07
1.330000e-01 4.863908e-07
1.332000e-01 4.894561e-07
1.334000e-01 4.925214e-07
1.336000e-01 4.955867e-07
1.338000e-01 4.986520e-07
1.340000e-01 5.017173e-07
1.342000e-01 5.047826e-07
1.344000e-01 5.078479e-07
1.346000e-01 5.109132e-07
1.348000e-01 5.139785e-07
1.350000e-01 5.170438e-07
1.352000e-01 5.201090e-07
1.354000e-01 5.231743e-07
1.356000e-01 5.262396e-07
1.358000e-01 5.293049e-07
1.360000e-01 5.323702e-07
1.362000e-01 5.354355e-07
1.364000e-01 5.385008e-07
1.366000e-01 5.415661e-07
1.368000e-01 5.446314e-07
1.370000e-01 5.476967e-07
1.372000e-01 5.507620e-07
1.374000e-01 5.538273e-07
1.376000e-01 5.568926e-07
1.378000e-01 5.599579e-07
1.380000e-01 5.630232e-07
1.382000e-01 5.660885e-07
1.384000e-01 5.691538e-07
1.386000e-01 5.722191e-07
1.388000e-01 5.752844e-07
1.390000e-01 5.783497e-07
1.392000e-01 5.814150e-07
1.394000e-01 5.844803e-07
1.396000e-01 5.875456e-07
1.398000e-01 5.906109e-07
1.400000e-01 5.936762e-07
1.402000e-01 5.967415e-07
1.404000e-01 5.998068e-07
1.406000e-01 6.028721e-07
1.408000e-01 6.059374e-07
1.410000e-01 6.090027e-07
1.412000e-01 6.120680e-07
1.414000e-01 6.151333e-07
1.416000e-01 6.181986e-07
1.418000e-01 6.212639e-07
1.420000e-01 6.243292e-07
1.422000e-01 6.273945e-07
1.424000e-01 6.304598e-07
1.426000e-01 6.335251e-07
1.428000e-01 6.365904e-07
1.430000e-01 6.396557e-07
1.432000e-01 6.427210e-07
1.434000e-01 6.457863e-07
1.436000e-01 6.488516e-07
1.438000e-01 6.519169e-07
1.440000e-01 6.549822e-07
1.442000e-01 6.580475e-07
1.444000e-01 6.611128e-07
1.446000e-01 6.641781e-07
1.448000e-01 6.672434e-07
1.450000e-01 6.703087e-07
1.452000e-01 6.733740e-07
1.454000e-01 6.764393e-07
1.456000e-01 6.795046e-07
1.458000e-01 6.825699e-07
1.460000e-01 6.856352e-07
1.462000e-01 6.887005e-07
1.464000e-01 6.917658e-07
1.466000e-01 6.948311e-07
1.468000e-01 6.978964e-07
1.470000e-01 7.009617e-07
1.472000e-01 7.040270e-07
1.474000e-01 7.070923e-07
1.476000e-01 7.101576e-07
1.478000e-01 7.132229e-07
1.480000e-01 7.162882e-07
1.482000e-01 7.193535e-07
1.484000e-01 7.224188e-07
1.486000e-01 7.254841e-07
1.488000e-01 7.285494e-07
1.490000e-01 7.316147e-07
1.492000e-01 7.346800e-07
1.494000e-01 7.377453e-07
1.496000e-01 7.408105e-07
1.498000e-01 7.438758e-07
1.500000e-01 7.469411e-07
1.502000e-01 7.500064e-07
1.504000e-01 7.530717e-07
1.506000e-01 7.561370e-07
1.508000e-01 7.592023e-07
1.510000e-01 7.622676e-07
1.512000e-01 7.653329e-07
1.514000e-01 7.683982e-07
1.516000e-01 7.714635e-07
1.518000e-01 7.745288e-07
1.520000e-01 7.775941e-07
1.522000e-01 7.806594e-07
1.524000e-01 7.837247e-07
1.526000e-01 7.867900e-07
1.528000e-01 7.898553e-07
1.530000e-01 7.929206e-07
1.532000e-01 7.959859e-07
1.534000e-01 7.990512e-07
1.536000e-01 8.021165e-07
1.538000e-01 8.051818e-07
1.540000e-01 8.082471e-07
1.542000e-01 8.113124e-07
1.544000e-01 8.143777e-07
1.546000e-01 8.174430e-07
1.548000e-01 8.205083e-07
1.550000e-01 8.235736e-07
1.552000e-01 8.266389e-07
1.554000e-01 8.297042e-07
1.556000e-01 8.327695e-07
1.558000e-01 8.358348e-07
1.560000e-01 8.389001e-07
1.562000e-01 8.419654e-07
1.564000e-01 8.450307e-07
1.566000e-01 8.480960e-07
1.568000e-01 8.511613e-07
1.570000e-01 8.542266e-07
1.572000e-01 8.572919e-07
1.574000e-01 8.603572e-07
1.576000e-01 8.634225e-07
1.578000e-01 8.664878e-07
1.580000e-01 8.695531e-07
1.582000e-01 8.726184e-07
1.584000e-01 8.756837e-07
1.586000e-01 8.787490e-07
1.588000e-01 8.818143e-07
1.590000e-01 8.848796e-07
1.592000e-01 8.879449e-07
1.594000e-01 8.910102e-07
1.596000e-01 8.940755e-07
1.598000e-01 8.971408e-07
1.600000e-01 9.002061e-07
1.602000e-01 9.032714e-07
1.604000e-01 9.063367e-07
1.606000e-01 9.094020e-07
1.608000e-01 9.124673e-07
1.610000e-01 9.155326e-07
1.612000e-01 9.185979e-07
1.614000e-01 9.216632e-07
1.616000e-01 9.247285e-07
1.618000e-01 9.277938e-07
1.620000e-01 9.308591e-07
1.622000e-01 9.339244e-07
1.624000e-01 9.369897e-07
1.626000e-01 9.400550e-07
1.628000e-01 9.431203e-07
1.630000e-01 9.461856e-07
1.632000e-01 9.492509e-07
1.634000e-01 9.523162e-07
1.636000e-01 9.553815e-07
1.638000e-01 9.584468e-07
1.640000e-01 9.615120e-07
1.642000e-01 9.645773e-07
1.644000e-01 9.676426e-07
1.646000e-01 9.707079e-07
1.648000e-01 9.737732e-07
1.650000e-01 9.768385e-07
1.652000e-01 9.799038e-07
1.654000e-01 9.829691e-07
1.656000e-01 9.860344e-07
1.658000e-01 9.890997e-07
1.660000e-01 9.921650e-07
1.662000e-01 9.952303e-07
1.664000e-01 9.982956e-07
1.666000e-01 1.001361e-06
1.668000e-01 1.004426e-06
1.670000e-01 1.007492e-06
1.672000e-01 1.010557e-06
1.674000e-01 1.013622e-06
1.676000e-01 1.016687e-06
1.678000e-01 1.019753e-06
1.680000e-01 1.022818e-06
1.682000e-01 1.025883e-06
1.684000e-01 1.028949e-06
1.686000e-01 1.032014e-06
1.688000e-01 1.035079e-06
1.690000e-01 1.038145e-06
1.692000e-01 1.041210e-06
1.694000e-01 1.044275e-06
1.696000e-01 1.047340e-06
1.698000e-01 1.050406e-06
1.700000e-01 1.053471e-06
1.702000e-01 1.056536e-06
1.704000e-01 1.059602e-06
1.706000e-01 1.062667e-06
1.708000e-01 1.065732e-06
1.710000e-01 1.068798e-06
1.712000e-01 1.071863e-06
1.714000e-01 1.074928e-06
1.716000e-01 1.077993e-06
1.718000e-01 1.081059e-06
1.720000e-01 1.084124e-06
1.722000e-01 1.087189e-06
1.724000e-01 1.090255e-06
1.726000e-01 1.093320e-06
1.728000e-01 1.096385e-06
1.730000e-01 1.099450e-06
1.732000e-01 1.102516e-06
1.734000e-01 1.105581e-06
1.736000e-01 1.108646e-06
1.738000e-01 1.111712e-06
1.740000e-01 1.114777e-06
1.742000e-01 1.117842e-06
1.744000e-01 1.120908e-06
1.746000e-01 1.123973e-06
1.748000e-01 1.127038e-06
1.750000e-01 1.130103e-06
1.752000e-01 1.133169e-06
1.754000e-01 1.136234e-06
1.756000e-01 1.139299e-06
1.758000e-01 1.142365e-06
1.760000e-01 1.145430e-06
1.762000e-01 1.148495e-06
1.764000e-01 1.151561e-06
1.766000e-01 1.154626e-06
1.768000e-01 1.157691e-06
1.770000e-01 1.160756e-06
1.772000e-01 1.163822e-06
1.774000e-01 1.166887e-06
1.776000e-01 1.169952e-06
1.778000e-01 1.173018e-06
1.780000e-01 1.176083e-06
1.782000e-01 1.179148e-06
1.784000e-01 1.182214e-06
1.786000e-01 1.185279e-06
1.788000e-01 1.188344e-06
1.790000e-01 1.191409e-06
1.792000e-01 1.194475e-06
1.794000e-01 1.197540e-06
1.796000e-01 1.200605e-06
1.798000e-01 1.203671e-06
1.800000e-01 1.206736e-06
1.802000e-01 1.209801e-06
1.804000e-01 1.212867e-06
1.806000e-01 1.215932e-06
1.808000e-01 1.218997e-06
1.810000e-01 1.222062e-06
1.812000e-01 1.225128e-06
1.814000e-01 1.228193e-06
1.816000e-01 1.231258e-06
1.818000e-01 1.234324e-06
1.820000e-01 1.237389e-06
1.822000e-01 1.240454e-06
1.824000e-01 1.243520e-06
1.826000e-01 1.246585e-06
1.828000e-01 1.249650e-06
1.830000e-01 1.252715e-06
1.832000e-01 1.255781e-06
1.834000e-01 1.258846e-06
1.836000e-01 1.261911e-06
1.838000e-01 1.264977e-06
1.840000e-01 1.268042e-06
1.842000e-01 1.271107e-06
1.844000e-01 1.274173e-06
1.846000e-01 1.277238e-06
1.848000e-01 1.280303e-06
1.850000e-01 1.283368e-06
1.852000e-01 1.286434e-06
1.854000e-01 1.289499e-06
1.856000e-01 1.292564e-06
1.858000e-01 1.295630e-06
1.860000e-01 1.298695e-06
1.862000e-01 1.301760e-06
1.864000e-01 1.304825e-06
1.866000e-01 1.307891e-06
1.868000e-01 1.310956e-06
1.870000e-01 1.314021e-06
1.872000e-01 1.317087e-06
1.874000e-01 1.320152e-06
1.876000e-01 1.323217e-06
1.878000e-01 1.326283e-06
1.880000e-01 1.329348e-06
1.882000e-01 1.332413e-06
1.884000e-01 1.335478e-06
1.886000e-01 1.338544e-06
1.888000e-01 1.341609e-06
1.890000e-01 1.344674e-06
1.892000e-01 1.347740e-06
1.894000e-01 1.350805e-06
1.896000e-01 1.353870e-06
1.898000e-01 1.356936e-06
1.900000e-01 1.360001e-06
1.902000e-01 1.363066e-06
1.904000e-01 1.366131e-06
1.906000e-01 1.369199e-06
1.908000e-01 1.372273e-06
1.910000e-01 1.375360e-06
1.912000e-01 1.378468e-06
1.914000e-01 1.381609e-06
1.916000e-01 1.384795e-06
1.918000e-01 1.388042e-06
1.920000e-01 1.391367e-06
1.922000e-01 1.394789e-06
1.924000e-01 1.398329e-06
1.926000e-01 1.402012e-06
1.928000e-01 1.405864e-06
1.930000e-01 1.409912e-06
1.932000e-01 1.414188e-06
1.934000e-01 1.418722e-06
1.936000e-01 1.423550e-06
1.938000e-01 1.428709e-06
1.940000e-01 1.434237e-06
1.942000e-01 1.440176e-06
1.944000e-01 1.446568e-06
1.946000e-01 1.453460e-06
1.948000e-01 1.460898e-06
1.950000e-01 1.468932e-06
1.952000e-01 1.477615e-06
1.954000e-01 1.486999e-06
1.956000e-01 1.497142e-06
1.958000e-01 1.508102e-06
1.960000e-01 1.519939e-06
1.962000e-01 1.532715e-06
1.964000e-01 1.546496e-06
1.966000e-01 1.561353e-06
1.968000e-01 1.577363e-06
1.970000e-01 1.594610e-06
1.972000e-01 1.613184e-06
1.974000e-01 1.633175e-06
1.976000e-01 1.654672e-06
1.978000e-01 1.677765e-06
1.980000e-01 1.702543e-06
1.982000e-01 1.729096e-06
1.984000e-01 1.757513e-06
1.986000e-01 1.787882e-06
1.988000e-01 1.820291e-06
1.990000e-01 1.854830e-06
1.992000e-01 1.891587e-06
1.994000e-01 1.930649e-06
1.996000e-01 1.972105e-06
1.998000e-01 2.016043e-06
2.000000e-01 2.062549e-06
2.002000e-01 2.111712e-06
2.004000e-01 2.163619e-06
2.006000e-01 2.218356e-06
2.008000e-01 2.276011e-06
2.010000e-01 2.336671e-06
2.012000e-01 2.400421e-06
2.014000e-01 2.467348e-06
2.016000e-01 2.537539e-06
2.018000e-01 2.611079e-06
2.020000e-01 2.688055e-06
2.022000e-01 2.768551e-06
2.024000e-01 2.852662e-06
2.026000e-01 2.940492e-06
2.028000e-01 3.032151e-06
2.030000e-01 3.127761e-06
2.032000e-01 3.227449e-06
2.034000e-01 3.331342e-06
2.036000e-01 3.439560e-06
2.038000e-01 3.552222e-06
2.040000e-01 3.669440e-06
2.042000e-01 3.791333e-06
2.044000e-01 3.918018e-06
2.046000e-01 4.049619e-06
2.048000e-01 4.186259e-06
2.050000e-01 4.328066e-06
2.052000e-01 4.475171e-06
2.054000e-01 4.627705e-06
2.056000e-01 4.785805e-06
2.058000e-01 4.949608e-06
2.060000e-01 5.119257e-06
2.062000e-01 5.294893e-06
2.064000e-01 5.476664e-06
2.066000e-01 5.664719e-06
2.068000e-01 5.859209e-06
2.070000e-01 6.060289e-06
2.072000e-01 6.268116e-06
2.074000e-01 6.482850e-06
2.076000e-01 6.704654e-06
2.078000e-01 6.933692e-06
2.080000e-01 7.170134e-06
2.082000e-01 7.414148e-06
2.084000e-01 7.665914e-06
2.086000e-01 7.925614e-06
2.088000e-01 8.193440e-06
2.090000e-01 8.469588e-06
2.092000e-01 8.754237e-06
2.094000e-01 9.047542e-06
2.096000e-01 9.349643e-06
2.098000e-01 9.660657e-06
2.100000e-01 9.980681e-06
2.102000e-01 1.030981e-05
2.104000e-01 1.064811e-05
2.106000e-01 1.099568e-05
2.108000e-01 1.135258e-05
2.110000e-01 1.171886e-05
2.112000e-01 1.209458e-05
2.114000e-01 1.247977e-05
2.116000e-01 1.287446e-05
2.118000e-01 1.327868e-05
2.120000e-01 1.369243e-05
2.122000e-01 1.411572e-05
2.124000e-01 1.454853e-05
2.126000e-01 1.499085e-05
2.128000e-01 1.544265e-05
2.130000e-01 1.590389e-05
2.132000e-01 1.637453e-05
2.134000e-01 1.685450e-05
2.136000e-01 1.734375e-05
2.138000e-01 1.784219e-05
2.140000e-01 1.834975e-05
2.142000e-01 1.886633e-05
2.144000e-01 1.939188e-05
2.146000e-01 1.992632e-05
2.148000e-01 2.046961e-05
2.150000e-01 2.102169e-05
2.152000e-01 2.158251e-05
2.154000e-01 2.215202e-05
2.156000e-01 2.273015e-05
2.158000e-01 2.331684e-05
2.160000e-01 2.391205e-05
2.162000e-01 2.451575e-05
2.164000e-01 2.512794e-05
2.166000e-01 2.574866e-05
2.168000e-01 2.637794e-05
2.170000e-01 2.701585e-05
2.172000e-01 2.766247e-05
2.174000e-01 2.831790e-05
2.176000e-01 2.898226e-05
2.178000e-01 2.965569e-05
2.180000e-01 3.033833e-05
2.182000e-01 3.103037e-05
2.184000e-01 3.173198e-05
2.186000e-01 3.244339e-05
2.188000e-01 3.316482e-05
2.190000e-01 3.389650e-05
2.192000e-01 3.463871e-05
2.194000e-01 3.539173e-05
2.196000e-01 3.615585e-05
2.198000e-01 3.693139e-05
2.200000e-01 3.771868e-05
2.202000e-01 3.851812e-05
2.204000e-01 3.933014e-05
2.206000e-01 4.015525e-05
2.208000e-01 4.099398e-05
2.210000e-01 4.184689e-05
2.212000e-01 4.271454e-05
2.214000e-01 4.359747e-05
2.216000e-01 4.449624e-05
2.218000e-01 4.541141e-05
2.220000e-01 4.634356e-05
2.222000e-01 4.729327e-05
2.224000e-01 4.826115e-05
2.226000e-01 4.924779e-05
2.228000e-01 5.025383e-05
2.230000e-01 5.127990e-05
2.232000e-01 5.232660e-05
2.234000e-01 5.339460e-05
2.236000e-01 5.448451e-05
2.238000e-01 5.559699e-05
2.240000e-01 5.673268e-05
2.242000e-01 5.789225e-05
2.244000e-01 5.907634e-05
2.246000e-01 6.028563e-05
2.248000e-01 6.152078e-05
2.250000e-01 6.278246e-05
2.252000e-01 6.407137e-05
2.254000e-01 6.538817e-05
2.256000e-01 6.673357e-05
2.258000e-01 6.810825e-05
2.260000e-01 6.951292e-05
2.262000e-01 7.094831e-05
2.264000e-01 7.241513e-05
2.266000e-01 7.391414e-05
2.268000e-01 7.544608e-05
2.270000e-01 7.701162e-05
2.272000e-01 7.861131e-05
2.274000e-01 8.024565e-05
2.276000e-01 8.191499e-05
2.278000e-01 8.361968e-05
2.280000e-01 8.536001e-05
2.282000e-01 8.713622e-05
2.284000e-01 8.894854e-05
2.286000e-01 9.079711e-05
2.288000e-01 9.268206e-05
2.290000e-01 9.460346e-05
2.292000e-01 9.656133e-05
2.294000e-01 9.855566e-05
2.296000e-01 1.005864e-04
2.298000e-01 1.026533e-04
2.300000e-01 1.047564e-04
2.302000e-01 1.068954e-04
2.304000e-01 1.090700e-04
2.306000e-01 1.112800e-04
2.308000e-01 1.135249e-04
2.310000e-01 1.158045e-04
2.312000e-01 1.181182e-04
2.314000e-01 1.204656e-04
2.316000e-01 1.228461e-04
2.318000e-01 1.252592e-04
2.320000e-01 1.277045e-04
2.322000e-01 1.301814e-04
2.324000e-01 1.326896e-04
2.326000e-01 1.352286e-04
2.328000e-01 1.377980e-04
2.330000e-01 1.403974e-04
2.332000e-01 1.430265e-04
2.334000e-01 1.456848e-04
2.336000e-01 1.483720e-04
2.338000e-01 1.510877e-04
2.340000e-01 1.538318e-04
2.342000e-01 1.566043e-04
2.344000e-01 1.594051e-04
2.346000e-01 1.622345e-04
2.348000e-01 1.650926e-04
2.350000e-01 1.679799e-04
2.352000e-01 1.708967e-04
2.354000e-01 1.738435e-04
2.356000e-01 1.768210e-04
2.358000e-01 1.798299e-04
2.360000e-01 1.828709e-04
2.362000e-01 1.859450e-04
2.364000e-01 1.890531e-04
2.366000e-01 1.921963e-04
2.368000e-01 1.953758e-04
2.370000e-01 1.985928e-04
2.372000e-01 2.018487e-04
2.374000e-01 2.051450e-04
2.376000e-01 2.084832e-04
2.378000e-01 2.118650e-04
2.380000e-01 2.152921e-04
2.382000e-01 2.187668e-04
2.384000e-01 2.222910e-04
2.386000e-01 2.258668e-04
2.388000e-01 2.294964e-04
2.390000e-01 2.331817e-04
2.392000e-01 2.369245e-04
2.394000e-01 2.407267e-04
2.396000e-01 2.445902e-04
2.398000e-01 2.485166e-04
2.400000e-01 2.525077e-04
2.402000e-01 2.565652e-04
2.404000e-01 2.606906e-04
2.406000e-01 2.648857e-04
2.408000e-01 2.691518e-04
2.410000e-01 2.734903e-04
2.412000e-01 2.779026e-04
2.414000e-01 2.823899e-04
2.416000e-01 2.869534e-04
2.418000e-01 2.915942e-04
2.420000e-01 2.963133e-04
2.422000e-01 3.011117e-04
2.424000e-01 3.059902e-04
2.426000e-01 3.109496e-04
2.428000e-01 3.159906e-04
2.430000e-01 3.211139e-04
2.432000e-01 3.263200e-04
2.434000e-01 3.316094e-04
2.436000e-01 3.369826e-04
2.438000e-01 3.424404e-04
2.440000e-01 3.479832e-04
2.442000e-01 3.536120e-04
2.444000e-01 3.593274e-04
2.446000e-01 3.651302e-04
2.448000e-01 3.710210e-04
2.450000e-01 3.770002e-04
2.452000e-01 3.830681e-04
2.454000e-01 3.892253e-04
2.456000e-01 3.954723e-04
2.458000e-01 4.018097e-04
2.460000e-01 4.082383e-04
2.462000e-01 4.147590e-04
2.464000e-01 4.213727e-04
2.466000e-01 4.280804e-04
2.468000e-01 4.348833e-04
2.470000e-01 4.417827e-04
2.472000e-01 4.487798e-04
2.474000e-01 4.558761e-04
2.476000e-01 4.630730e-04
2.478000e-01 4.703723e-04
2.480000e-01 4.777756e-04
2.482000e-01 4.852847e-04
2.484000e-01 4.929015e-04
2.486000e-01 5.006281e-04
2.488000e-01 5.084663e-04
2.490000e-01 5.164186e-04
2.492000e-01 5.244871e-04
2.494000e-01 5.326741e-04
2.496000e-01 5.409825e-04
2.498000e-01 5.494153e-04
2.500000e-01 5.579759e-04
2.502000e-01 5.666682e-04
2.504000e-01 5.754958e-04
2.506000e-01 5.844626e-04
2.508000e-01 5.935720e-04
2.510000e-01 6.028276e-04
2.512000e-01 6.122330e-04
2.514000e-01 6.217916e-04
2.516000e-01 6.315072e-04
2.518000e-01 6.413837e-04
2.520000e-01 6.514250e-04
2.522000e-01 6.616350e-04
2.524000e-01 6.720177e-04
2.526000e-01 6.825773e-04
2.528000e-01 6.933178e-04
2.530000e-01 7.042434e-04
2.532000e-01 7.153582e-04
2.534000e-01 7.266666e-04
2.536000e-01 7.381727e-04
2.538000e-01 7.498809e-04
2.540000e-01 7.617955e-04
2.542000e-01 7.739209e-04
2.544000e-01 7.862617e-04
2.546000e-01 7.988221e-04
2.548000e-01 8.116069e-04
2.550000e-01 8.246205e-04
2.552000e-01 8.378676e-04
2.554000e-01 8.513532e-04
2.556000e-01 8.650830e-04
2.558000e-01 8.790631e-04
2.560000e-01 8.933002e-04
2.562000e-01 9.078014e-04
2.564000e-01 9.225735e-04
2.566000e-01 9.376231e-04
2.568000e-01 9.529564e-04
2.570000e-01 9.685795e-04
2.572000e-01 9.844985e-04
2.574000e-01 1.000720e-03
2.576000e-01 1.017249e-03
2.578000e-01 1.034094e-03
2.580000e-01 1.051260e-03
2.582000e-01 1.068754e-03
2.584000e-01 1.086584e-03
2.586000e-01 1.104756e-03
2.588000e-01 1.123276e-03
2.590000e-01 1.142153e-03
2.592000e-01 1.161393e-03
2.594000e-01 1.181003e-03
2.596000e-01 1.200990e-03
2.598000e-01 1.221362e-03
2.600000e-01 1.242127e-03
2.602000e-01 1.263291e-03
2.604000e-01 1.284863e-03
2.606000e-01 1.306849e-03
2.608000e-01 1.329258e-03
2.610000e-01 1.352097e-03
2.612000e-01 1.375374e-03
2.614000e-01 1.399099e-03
2.616000e-01 1.423279e-03
2.618000e-01 1.447924e-03
2.620000e-01 1.473045e-03
2.622000e-01 1.498648e-03
2.624000e-01 1.524743e-03
2.626000e-01 1.551336e-03
2.628000e-01 1.578432e-03
2.630000e-01 1.606036e-03
2.632000e-01 1.634152e-03
2.634000e-01 1.662785e-03
2.636000e-01 1.691938e-03
2.638000e-01 1.721616e-03
2.640000e-01 1.751821e-03
2.642000e-01 1.782556e-03
2.644000e-01 1.813825e-03
2.646000e-01 1.845630e-03
2.648000e-01 1.877972e-03
2.650000e-01 1.910853e-03
2.652000e-01 1.944275e-03
2.654000e-01 1.978237e-03
2.656000e-01 2.012742e-03
2.658000e-01 2.047789e-03
2.660000e-01 2.083377e-03
2.662000e-01 2.119507e-03
2.664000e-01 2.156176e-03
2.666000e-01 2.193385e-03
2.668000e-01 2.231132e-03
2.670000e-01 2.269413e-03
2.672000e-01 2.308229e-03
2.674000e-01 2.347579e-03
2.676000e-01 2.387464e-03
2.678000e-01 2.427884e-03
2.680000e-01 2.468842e-03
2.682000e-01 2.510339e-03
2.684000e-01 2.552375e-03
2.686000e-01 2.594951e-03
2.688000e-01 2.638070e-03
2.690000e-01 2.681733e-03
2.692000e-01 2.725943e-03
2.694000e-01 2.770706e-03
2.696000e-01 2.816029e-03
2.698000e-01 2.861918e-03
2.700000e-01 2.908382e-03
2.702000e-01 2.955431e-03
2.704000e-01 3.003076e-03
2.706000e-01 3.051329e-03
2.708000e-01 3.100202e-03
2.710000e-01 3.149710e-03
2.712000e-01 3.199867e-03
2.714000e-01 3.250690e-03
2.716000e-01 3.302195e-03
2.718000e-01 3.354401e-03
2.720000e-01 3.407327e-03
2.722000e-01 3.460993e-03
2.724000e-01 3.515421e-03
2.726000e-01 3.570632e-03
2.728000e-01 3.626650e-03
2.730000e-01 3.683500e-03
2.732000e-01 3.741208e-03
2.734000e-01 3.799799e-03
2.736000e-01 3.859302e-03
2.738000e-01 3.919745e-03
2.740000e-01 3.981155e-03
2.742000e-01 4.043556e-03
2.744000e-01 4.106968e-03
2.746000e-01 4.171411e-03
2.748000e-01 4.236902e-03
2.750000e-01 4.303456e-03
2.752000e-01 4.371087e-03
2.754000e-01 4.439807e-03
2.756000e-01 4.509628e-03
2.758000e-01 4.580558e-03
2.760000e-01 4.652603e-03
2.762000e-01 4.725769e-03
2.764000e-01 4.800057e-03
2.766000e-01 4.875468e-03
2.768000e-01 4.952000e-03
2.770000e-01 5.029650e-03
2.772000e-01 5.108412e-03
2.774000e-01 5.188277e-03
2.776000e-01 5.269237e-03
2.778000e-01 5.351279e-03
2.780000e-01 5.434389e-03
2.782000e-01 5.518551e-03
2.784000e-01 5.603747e-03
2.786000e-01 5.689957e-03
2.788000e-01 5.777158e-03
2.790000e-01 5.865326e-03
2.792000e-01 5.954440e-03
2.794000e-01 6.044472e-03
2.796000e-01 6.135398e-03
2.798000e-01 6.227192e-03
2.800000e-01 6.319825e-03
2.802000e-01 6.413269e-03
2.804000e-01 6.507496e-03
2.806000e-01 6.602474e-03
2.808000e-01 6.698176e-03
2.810000e-01 6.794578e-03
2.812000e-01 6.891656e-03
2.814000e-01 6.989392e-03
2.816000e-01 7.087769e-03
2.818000e-01 7.186771e-03
2.820000e-01 7.286386e-03
2.822000e-01 7.386604e-03
2.824000e-01 7.487418e-03
2.826000e-01 7.588822e-03
2.828000e-01 7.690813e-03
2.830000e-01 7.793390e-03
2.832000e-01 7.896556e-03
2.834000e-01 8.000315e-03
2.836000e-01 8.104672e-03
2.838000e-01 8.209638e-03
2.840000e-01 8.315223e-03
2.842000e-01 8.421442e-03
2.844000e-01 8.528309e-03
2.846000e-01 8.635844e-03
2.848000e-01 8.744068e-03
2.850000e-01 8.853004e-03
2.852000e-01 8.962682e-03
2.854000e-01 9.073130e-03
2.856000e-01 9.184382e-03
2.858000e-01 9.296470e-03
2.860000e-01 9.409427e-03
2.862000e-01 9.523282e-03
2.864000e-01 9.638067e-03
2.866000e-01 9.753811e-03
2.868000e-01 9.870543e-03
2.870000e-01 9.988291e-03
2.872000e-01 1.010708e-02
2.874000e-01 1.022695e-02
2.876000e-01 1.034790e-02
2.878000e-01 1.046998e-02
2.880000e-01 1.059320e-02
2.882000e-01 1.071758e-02
2.884000e-01 1.084314e-02
2.886000e-01 1.096989e-02
2.888000e-01 1.109785e-02
2.890000e-01 1.122703e-02
2.892000e-01 1.135745e-02
2.894000e-01 1.148910e-02
2.896000e-01 1.162199e-02
2.898000e-01 1.175614e-02
2.900000e-01 1.189155e-02
2.902000e-01 1.202820e-02
2.904000e-01 1.216612e-02
2.906000e-01 1.230528e-02
2.908000e-01 1.244570e-02
2.910000e-01 1.258736e-02
2.912000e-01 1.273027e-02
2.914000e-01 1.287441e-02
2.916000e-01 1.301979e-02
2.918000e-01 1.316638e-02
2.920000e-01 1.331418e-02
2.922000e-01 1.346318e-02
2.924000e-01 1.361334e-02
2.926000e-01 1.376467e-02
2.928000e-01 1.391713e-02
2.930000e-01 1.407073e-02
2.932000e-01 1.422543e-02
2.934000e-01 1.438123e-02
2.936000e-01 1.453812e-02
2.938000e-01 1.469609e-02
2.940000e-01 1.485512e-02
2.942000e-01 1.501521e-02
2.944000e-01 1.517636e-02
2.946000e-01 1.533854e-02
2.948000e-01 1.550177e-02
2.950000e-01 1.566603e-02
2.952000e-01 1.583132e-02
2.954000e-01 1.599765e-02
2.956000e-01 1.616500e-02
2.958000e-01 1.633337e-02
2.960000e-01 1.650278e-02
2.962000e-01 1.667321e-02
2.964000e-01 1.684468e-02
2.966000e-01 1.701719e-02
2.968000e-01 1.719075e-02
2.970000e-01 1.736537e-02
2.972000e-01 1.754109e-02
2.974000e-01 1.771792e-02
2.976000e-01 1.789589e-02
2.978000e-01 1.807502e-02
2.980000e-01 1.825534e-02
2.982000e-01 1.843688e-02
2.984000e-01 1.861967e-02
2.986000e-01 1.880375e-02
2.988000e-01 1.898915e-02
2.990000e-01 1.917593e-02
2.992000e-01 1.936412e-02
2.994000e-01 1.955377e-02
2.996000e-01 1.974493e-02
2.998000e-01 1.993766e-02
3.000000e-01 2.013200e-02
3.002000e-01 2.032803e-02
3.004000e-01 2.052578e-02
3.006000e-01 2.072534e-02
3.008000e-01 2.092674e-02
3.010000e-01 2.113008e-02
3.012000e-01 2.133540e-02
3.014000e-01 2.154278e-02
3.016000e-01 2.175229e-02
3.018000e-01 2.196400e-02
3.020000e-01 2.217799e-02
3.022000e-01 2.239434e-02
3.024000e-01 2.261313e-02
3.026000e-01 2.283444e-02
3.028000e-01 2.305836e-02
3.030000e-01 2.328500e-02
3.032000e-01 2.351445e-02
3.034000e-01 2.374680e-02
3.036000e-01 2.398214e-02
3.038000e-01 2.422055e-02
3.040000e-01 2.446211e-02
3.042000e-01 2.470689e-02
3.044000e-01 2.495495e-02
3.046000e-01 2.520636e-02
3.048000e-01 2.546119e-02
3.050000e-01 2.571949e-02
3.052000e-01 2.598131e-02
3.054000e-01 2.624671e-02
3.056000e-01 2.651574e-02
3.058000e-01 2.678844e-02
3.060000e-01 2.706485e-02
3.062000e-01 2.734500e-02
3.064000e-01 2.762893e-02
3.066000e-01 2.791666e-02
3.068000e-01 2.820823e-02
3.070000e-01 2.850364e-02
3.072000e-01 2.880293e-02
3.074000e-01 2.910609e-02
3.076000e-01 2.941315e-02
3.078000e-01 2.972410e-02
3.080000e-01 3.003896e-02
3.082000e-01 3.035771e-02
3.084000e-01 3.068034e-02
3.086000e-01 3.100685e-02
3.088000e-01 3.133720e-02
3.090000e-01 3.167137e-02
3.092000e-01 3.200931e-02
3.094000e-01 3.235095e-02
3.096000e-01 3.269623e-02
3.098000e-01 3.304506e-02
3.100000e-01 3.339732e-02
3.102000e-01 3.375293e-02
3.104000e-01 3.411176e-02
3.106000e-01 3.447371e-02
3.108000e-01 3.483865e-02
3.110000e-01 3.520646e-02
3.112000e-01 3.557703e-02
3.114000e-01 3.595021e-02
3.116000e-01 3.632587e-02
3.118000e-01 3.670387e-02
3.120000e-01 3.708406e-02
3.122000e-01 3.746630e-02
3.124000e-01 3.785044e-02
3.126000e-01 3.823630e-02
3.128000e-01 3.862373e-02
3.130000e-01 3.901256e-02
3.132000e-01 3.940262e-02
3.134000e-01 3.979372e-02
3.136000e-01 4.018570e-02
3.138000e-01 4.057835e-02
3.140000e-01 4.097149e-02
3.142000e-01 4.136493e-02
3.144000e-01 4.175847e-02
3.146000e-01 4.215193e-02
3.148000e-01 4.254510e-02
3.150000e-01 4.293780e-02
3.152000e-01 4.332985e-02
3.154000e-01 4.372108e-02
3.156000e-01 4.411132e-02
3.158000e-01 4.450043e-02
3.160000e-01 4.488827e-02
3.162000e-01 4.527474e-02
3.164000e-01 4.565973e-02
3.166000e-01 4.604318e-02
3.168000e-01 4.642501e-02
3.170000e-01 4.680518e-02
3.172000e-01 4.718365e-02
3.174000e-01 4.756042e-02
3.176000e-01 4.793548e-02
3.178000e-01 4.830882e-02
3.180000e-01 4.868049e-02
3.182000e-01 4.905051e-02
3.184000e-01 4.941894e-02
3.186000e-01 4.978585e-02
3.188000e-01 5.015131e-02
3.190000e-01 5.051541e-02
3.192000e-01 5.087828e-02
3.194000e-01 5.124002e-02
3.196000e-01 5.160078e-02
3.198000e-01 5.196070e-02
3.200000e-01 5.231996e-02
3.202000e-01 5.267871e-02
3.204000e-01 5.303715e-02
3.206000e-01 5.339544e-02
3.208000e-01 5.375378e-02
3.210000e-01 5.411235e-02
3.212000e-01 5.447132e-02
3.214000e-01 5.483086e-02
3.216000e-01 5.519112e-02
3.218000e-01 5.555226e-02
3.220000e-01 5.591440e-02
3.222000e-01 5.627767e-02
3.224000e-01 5.664214e-02
3.226000e-01 5.700791e-02
3.228000e-01 5.737502e-02
3.230000e-01 5.774351e-02
3.232000e-01 5.811339e-02
3.234000e-01 5.848465e-02
3.236000e-01 5.885727e-02
3.238000e-01 5.923119e-02
3.240000e-01 5.960635e-02
3.242000e-01 5.998265e-02
3.244000e-01 6.035998e-02
3.246000e-01 6.073821e-02
3.248000e-01 6.111718e-02
3.250000e-01 6.149672e-02
3.252000e-01 6.187664e-02
3.254000e-01 6.225671e-02
3.256000e-01 6.263670e-02
3.258000e-01 6.301636e-02
3.260000e-01 6.339541e-02
3.262000e-01 6.377356e-02
3.264000e-01 6.415054e-02
3.266000e-01 6.452603e-02
3.268000e-01 6.489972e-02
3.270000e-01 6.527131e-02
3.272000e-01 6.564052e-02
3.274000e-01 6.600705e-02
3.276000e-01 6.637066e-02
3.278000e-01 6.673112e-02
3.280000e-01 6.708820e-02
3.282000e-01 6.744173e-02
3.284000e-01 6.779156e-02
3.286000e-01 6.813755e-02
3.288000e-01 6.847962e-02
3.290000e-01 6.881768e-02
3.292000e-01 6.915172e-02
3.294000e-01 6.948172e-02
3.296000e-01 6.980770e-02
3.298000e-01 7.012973e-02
3.300000e-01 7.044788e-02
3.302000e-01 7.076227e-02
3.304000e-01 7.107305e-02
3.306000e-01 7.138040e-02
3.308000e-01 7.168452e-02
3.310000e-01 7.198565e-02
3.312000e-01 7.228406e-02
3.314000e-01 7.258005e-02
3.316000e-01 7.287395e-02
3.318000e-01 7.316612e-02
3.320000e-01 7.345695e-02
3.322000e-01 7.374687e-02
3.324000e-01 7.403635e-02
3.326000e-01 7.432587e-02
3.328000e-01 7.461594e-02
3.330000e-01 7.490706e-02
3.332000e-01 7.519974e-02
3.334000e-01 7.549448e-02
3.336000e-01 7.579181e-02
3.338000e-01 7.609222e-02
3.340000e-01 7.639618e-02
3.342000e-01 7.670416e-02
3.344000e-01 7.701657e-02
3.346000e-01 7.733384e-02
3.348000e-01 7.765635e-02
3.350000e-01 7.798446e-02
3.352000e-01 7.831851e-02
3.354000e-01 7.865880e-02
3.356000e-01 7.900562e-02
3.358000e-01 7.935923e-02
3.360000e-01 7.971988e-02
3.362000e-01 8.008776e-02
3.364000e-01 8.046307e-02
3.366000e-01 8.084597e-02
3.368000e-01 8.123660e-02
3.370000e-01 8.163506e-02
3.372000e-01 8.204146e-02
3.374000e-01 8.245584e-02
3.376000e-01 8.287825e-02
3.378000e-01 8.330871e-02
3.380000e-01 8.374720e-02
3.382000e-01 8.419369e-02
3.384000e-01 8.464814e-02
3.386000e-01 8.511046e-02
3.388000e-01 8.558054e-02
3.390000e-01 8.605823e-02
3.392000e-01 8.654336e-02
3.394000e-01 8.703573e-02
3.396000e-01 8.753513e-02
3.398000e-01 8.804135e-02
3.400000e-01 8.855419e-02
3.402000e-01 8.907343e-02
3.404000e-01 8.959886e-02
3.406000e-01 9.013029e-02
3.408000e-01 9.066750e-02
3.410000e-01 9.121030e-02
3.412000e-01 9.175852e-02
3.414000e-01 9.231196e-02
3.416000e-01 9.287047e-02
3.418000e-01 9.343387e-02
3.420000e-01 9.400200e-02
3.422000e-01 9.457472e-02
3.424000e-01 9.515187e-02
3.426000e-01 9.573332e-02
3.428000e-01 9.631893e-02
3.430000e-01 9.690857e-02
3.432000e-01 9.750214e-02
3.434000e-01 9.809951e-02
3.436000e-01 9.870058e-02
3.438000e-01 9.930524e-02
3.440000e-01 9.991340e-02
3.442000e-01 1.005250e-01
3.444000e-01 1.011399e-01
3.446000e-01 1.017580e-01
3.448000e-01 1.023793e-01
3.450000e-01 1.030036e-01
3.452000e-01 1.036309e-01
3.454000e-01 1.042611e-01
3.456000e-01 1.048941e-01
3.458000e-01 1.055299e-01
3.460000e-01 1.061684e-01
3.462000e-01 1.068094e-01
3.464000e-01 1.074531e-01
3.466000e-01 1.080993e-01
3.468000e-01 1.087479e-01
3.470000e-01 1.093989e-01
3.472000e-01 1.100523e-01
3.474000e-01 1.107078e-01
3.476000e-01 1.113656e-01
3.478000e-01 1.120254e-01
3.480000e-01 1.126873e-01
3.482000e-01 1.133511e-01
3.484000e-01 1.140167e-01
3.486000e-01 1.146841e-01
3.488000e-01 1.153532e-01
3.490000e-01 1.160239e-01
3.492000e-01 1.166960e-01
3.494000e-01 1.173695e-01
3.496000e-01 1.180443e-01
3.498000e-01 1.187203e-01
3.500000e-01 1.193973e-01
3.502000e-01 1.200753e-01
3.504000e-01 1.207541e-01
3.506000e-01 1.214336e-01
3.508000e-01 1.221136e-01
3.510000e-01 1.227941e-01
3.512000e-01 1.234749e-01
3.514000e-01 1.241559e-01
3.516000e-01 1.248369e-01
3.518000e-01 1.255179e-01
3.520000e-01 1.261988e-01
3.522000e-01 1.268793e-01
3.524000e-01 1.275596e-01
3.526000e-01 1.282393e-01
3.528000e-01 1.289184e-01
3.530000e-01 1.295969e-01
3.532000e-01 1.302746e-01
3.534000e-01 1.309514e-01
3.536000e-01 1.316272e-01
3.538000e-01 1.323020e-01
3.540000e-01 1.329756e-01
3.542000e-01 1.336479e-01
3.544000e-01 1.343189e-01
3.546000e-01 1.349885e-01
3.548000e-01 1.356566e-01
3.550000e-01 1.363231e-01
3.552000e-01 1.369879e-01
3.554000e-01 1.376510e-01
3.556000e-01 1.383122e-01
3.558000e-01 1.389716e-01
3.560000e-01 1.396291e-01
3.562000e-01 1.402845e-01
3.564000e-01 1.409379e-01
3.566000e-01 1.415893e-01
3.568000e-01 1.422385e-01
3.570000e-01 1.428857e-01
3.572000e-01 1.435307e-01
3.574000e-01 1.441737e-01
3.576000e-01 1.448146e-01
3.578000e-01 1.454535e-01
3.580000e-01 1.460904e-01
3.582000e-01 1.467253e-01
3.584000e-01 1.473583e-01
3.586000e-01 1.479895e-01
3.588000e-01 1.486189e-01
3.590000e-01 1.492466e-01
3.592000e-01 1.498726e-01
3.594000e-01 1.504971e-01
3.596000e-01 1.511202e-01
3.598000e-01 1.517418e-01
3.600000e-01 1.523622e-01
3.602000e-01 1.529815e-01
3.604000e-01 1.535997e-01
3.606000e-01 1.542171e-01
3.608000e-01 1.548336e-01
3.610000e-01 1.554495e-01
3.612000e-01 1.560649e-01
3.614000e-01 1.566800e-01
3.616000e-01 1.572949e-01
3.618000e-01 1.579097e-01
3.620000e-01 1.585247e-01
3.622000e-01 1.591400e-01
3.624000e-01 1.597558e-01
3.626000e-01 1.603722e-01
3.628000e-01 1.609893e-01
3.630000e-01 1.616074e-01
3.632000e-01 1.622265e-01
3.634000e-01 1.628469e-01
3.636000e-01 1.634685e-01
3.638000e-01 1.640916e-01
3.640000e-01 1.647162e-01
3.642000e-01 1.653424e-01
3.644000e-01 1.659703e-01
3.646000e-01 1.666000e-01
3.648000e-01 1.672315e-01
3.650000e-01 1.678648e-01
3.652000e-01 1.685001e-01
3.654000e-01 1.691374e-01
3.656000e-01 1.697767e-01
3.658000e-01 1.704179e-01
3.660000e-01 1.710612e-01
3.662000e-01 1.717065e-01
3.664000e-01 1.723537e-01
3.666000e-01 1.730030e-01
3.668000e-01 1.736542e-01
3.670000e-01 1.743073e-01
3.672000e-01 1.749622e-01
3.674000e-01 1.756189e-01
3.676000e-01 1.762774e-01
3.678000e-01 1.769376e-01
3.680000e-01 1.775993e-01
3.682000e-01 1.782625e-01
3.684000e-01 1.789271e-01
3.686000e-01 1.795929e-01
3.688000e-01 1.802600e-01
3.690000e-01 1.809281e-01
3.692000e-01 1.815972e-01
3.694000e-01 1.822671e-01
3.696000e-01 1.829379e-01
3.698000e-01 1.836093e-01
3.700000e-01 1.842812e-01
3.702000e-01 1.849537e-01
3.704000e-01 1.856266e-01
3.706000e-01 1.862998e-01
3.708000e-01 1.869733e-01
3.710000e-01 1.876469e-01
3.712000e-01 1.883208e-01
3.714000e-01 1.889946e-01
3.716000e-01 1.896685e-01
3.718000e-01 1.903424e-01
3.720000e-01 1.910163e-01
3.722000e-01 1.916900e-01
3.724000e-01 1.923636e-01
3.726000e-01 1.930370e-01
3.728000e-01 1.937102e-01
3.730000e-01 1.943833e-01
3.732000e-01 1.950561e-01
3.734000e-01 1.957286e-01
3.736000e-01 1.964010e-01
3.738000e-01 1.970730e-01
3.740000e-01 1.977448e-01
3.742000e-01 1.984164e-01
3.744000e-01 1.990876e-01
3.746000e-01 1.997586e-01
3.748000e-01 2.004293e-01
3.750000e-01 2.010997e-01
3.752000e-01 2.017698e-01
3.754000e-01 2.024396e-01
3.756000e-01 2.031091e-01
3.758000e-01 2.037783e-01
3.760000e-01 2.044472e-01
3.762000e-01 2.051158e-01
3.764000e-01 2.057840e-01
3.766000e-01 2.064518e-01
3.768000e-01 2.071192e-01
3.770000e-01 2.077861e-01
3.772000e-01 2.084526e-01
3.774000e-01 2.091186e-01
3.776000e-01 2.097840e-01
3.778000e-01 2.104488e-01
3.780000e-01 2.111130e-01
3.782000e-01 2.117765e-01
3.784000e-01 2.124393e-01
3.786000e-01 2.131012e-01
3.788000e-01 2.137622e-01
3.790000e-01 2.144223e-01
3.792000e-01 2.150814e-01
3.794000e-01 2.157394e-01
3.796000e-01 2.163962e-01
3.798000e-01 2.170518e-01
3.800000e-01 2.177060e-01
3.802000e-01 2.183588e-01
3.804000e-01 2.190102e-01
3.806000e-01 2.196599e-01
3.808000e-01 2.203081e-01
3.810000e-01 2.209546e-01
3.812000e-01 2.215994e-01
3.814000e-01 2.222424e-01
3.816000e-01 2.228835e-01
3.818000e-01 2.235227e-01
3.820000e-01 2.241600e-01
3.822000e-01 2.247952e-01
3.824000e-01 2.254285e-01
3.826000e-01 2.260597e-01
3.828000e-01 2.266888e-01
3.830000e-01 2.273158e-01
3.832000e-01 2.279406e-01
3.834000e-01 2.285633e-01
3.836000e-01 2.291838e-01
3.838000e-01 2.298022e-01
3.840000e-01 2.304183e-01
3.842000e-01 2.310323e-01
3.844000e-01 2.316441e-01
3.846000e-01 2.322536e-01
3.848000e-01 2.328610e-01
3.850000e-01 2.334663e-01
3.852000e-01 2.340693e-01
3.854000e-01 2.346702e-01
3.856000e-01 2.352690e-01
3.858000e-01 2.358656e-01
3.860000e-01 2.364601e-01
3.862000e-01 2.370525e-01
3.864000e-01 2.376428e-01
3.866000e-01 2.382310e-01
3.868000e-01 2.388172e-01
3.870000e-01 2.394014e-01
3.872000e-01 2.399835e-01
3.874000e-01 2.405636e-01
3.876000e-01 2.411418e-01
3.878000e-01 2.417178e-01
3.880000e-01 2.422919e-01
3.882000e-01 2.428640e-01
3.884000e-01 2.434340e-01
3.886000e-01 2.440019e-01
3.888000e-01 2.445678e-01
3.890000e-01 2.451315e-01
3.892000e-01 2.456932e-01
3.894000e-01 2.462527e-01
3.896000e-01 2.468100e-01
3.898000e-01 2.473651e-01
3.900000e-01 2.479179e-01
3.902000e-01 2.484684e-01
3.904000e-01 2.490165e-01
3.906000e-01 2.495623e-01
3.908000e-01 2.501055e-01
3.910000e-01 2.506463e-01
3.912000e-01 2.511845e-01
3.914000e-01 2.517200e-01
3.916000e-01 2.522528e-01
3.918000e-01 2.527828e-01
3.920000e-01 2.533101e-01
3.922000e-01 2.538345e-01
3.924000e-01 2.543560e-01
3.926000e-01 2.548746e-01
3.928000e-01 2.553903e-01
3.930000e-01 2.559030e-01
3.932000e-01 2.564127e-01
3.934000e-01 2.569195e-01
3.936000e-01 2.574232e-01
3.938000e-01 2.579239e-01
3.940000e-01 2.584217e-01
3.942000e-01 2.589164e-01
3.944000e-01 2.594082e-01
3.946000e-01 2.598969e-01
3.948000e-01 2.603828e-01
3.950000e-01 2.608657e-01
3.952000e-01 2.613458e-01
3.954000e-01 2.618231e-01
3.956000e-01 2.622975e-01
3.958000e-01 2.627693e-01
3.960000e-01 2.632383e-01
3.962000e-01 2.637048e-01
3.964000e-01 2.641688e-01
3.966000e-01 2.646303e-01
3.968000e-01 2.650894e-01
3.970000e-01 2.655461e-01
3.972000e-01 2.660007e-01
3.974000e-01 2.664530e-01
3.976000e-01 2.669033e-01
3.978000e-01 2.673515e-01
3.980000e-01 2.677977e-01
3.982000e-01 2.682420e-01
3.984000e-01 2.686844e-01
3.986000e-01 2.691251e-01
3.988000e-01 2.695639e-01
3.990000e-01 2.700011e-01
3.992000e-01 2.704364e-01
3.994000e-01 2.708701e-01
3.996000e-01 2.713020e-01
3.998000e-01 2.717321e-01
4.000000e-01 2.721605e-01
4.002000e-01 2.725870e-01
4.004000e-01 2.730117e-01
4.006000e-01 2.734345e-01
4.008000e-01 2.738553e-01
4.010000e-01 2.742740e-01
4.012000e-01 2.746906e-01
4.014000e-01 2.751051e-01
4.016000e-01 2.755172e-01
4.018000e-01 2.759268e-01
4.020000e-01 2.763339e-01
4.022000e-01 2.767384e-01
4.024000e-01 2.771400e-01
4.026000e-01 2.775387e-01
4.028000e-01 2.779342e-01
4.030000e-01 2.783265e-01
4.032000e-01 2.787154e-01
4.034000e-01 2.791006e-01
4.036000e-01 2.794821e-01
4.038000e-01 2.798597e-01
4.040000e-01 2.802333e-01
4.042000e-01 2.806028e-01
4.044000e-01 2.809679e-01
4.046000e-01 2.813288e-01
4.048000e-01 2.816852e-01
4.050000e-01 2.820371e-01
4.052000e-01 2.823844e-01
4.054000e-01 2.827270e-01
4.056000e-01 2.830650e-01
4.058000e-01 2.833983e-01
4.060000e-01 2.837269e-01
4.062000e-01 2.840508e-01
4.064000e-01 2.843699e-01
4.066000e-01 2.846844e-01
4.068000e-01 2.849943e-01
4.070000e-01 2.852996e-01
4.072000e-01 2.856004e-01
4.074000e-01 2.858968e-01
4.076000e-01 2.861889e-01
4.078000e-01 2.864768e-01
4.080000e-01 2.868826e-01
4.082000e-01 2.872057e-01
4.084000e-01 2.875258e-01
4.086000e-01 2.878427e-01
4.088000e-01 2.881567e-01
4.090000e-01 2.884677e-01
4.092000e-01 2.887757e-01
4.094000e-01 2.890807e-01
4.096000e-01 2.893828e-01
4.098000e-01 2.896821e-01
4.100000e-01 2.899784e-01
4.102000e-01 2.902719e-01
4.104000e-01 2.905625e-01
4.106000e-01 2.908503e-01
4.108000e-01 2.911354e-01
4.110000e-01 2.914176e-01
4.112000e-01 2.916972e-01
4.114000e-01 2.919739e-01
4.116000e-01 2.922480e-01
4.118000e-01 2.925194e-01
4.120000e-01 2.927882e-01
4.122000e-01 2.930543e-01
4.124000e-01 2.933178e-01
4.126000e-01 2.935786e-01
4.128000e-01 2.938369e-01
4.130000e-01 2.940926e-01
4.132000e-01 2.943458e-01
4.134000e-01 2.945965e-01
4.136000e-01 2.948446e-01
4.138000e-01 2.950903e-01
4.140000e-01 2.953335e-01
4.142000e-01 2.955742e-01
4.144000e-01 2.958125e-01
4.146000e-01 2.960484e-01
4.148000e-01 2.962818e-01
4.150000e-01 2.965129e-01
4.152000e-01 2.967416e-01
4.154000e-01 2.969680e-01
4.156000e-01 2.971921e-01
4.158000e-01 2.974138e-01
4.160000e-01 2.976332e-01
4.162000e-01 2.978503e-01
4.164000e-01 2.980652e-01
4.166000e-01 2.982778e-01
4.168000e-01 2.984882e-01
4.170000e-01 2.986963e-01
4.172000e-01 2.989022e-01
4.174000e-01 2.991059e-01
4.176000e-01 2.993075e-01
4.178000e-01 2.995069e-01
4.180000e-01 2.997041e-01
4.182000e-01 2.998992e-01
4.184000e-01 3.000921e-01
4.186000e-01 3.002830e-01
4.188000e-01 3.004717e-01
4.190000e-01 3.006584e-01
4.192000e-01 3.008430e-01
4.194000e-01 3.010255e-01
4.196000e-01 3.012059e-01
4.198000e-01 3.013844e-01
4.200000e-01 3.015608e-01
4.202000e-01 3.017352e-01
4.204000e-01 3.019076e-01
4.206000e-01 3.020780e-01
4.208000e-01 3.022464e-01
4.210000e-01 3.024128e-01
4.212000e-01 3.025773e-01
4.214000e-01 3.027399e-01
4.216000e-01 3.029005e-01
4.218000e-01 3.030592e-01
4.220000e-01 3.032160e-01
4.222000e-01 3.033708e-01
4.224000e-01 3.035238e-01
4.226000e-01 3.036749e-01
4.228000e-01 3.038241e-01
4.230000e-01 3.039715e-01
4.232000e-01 3.041170e-01
4.234000e-01 3.042606e-01
4.236000e-01 3.044024e-01
4.238000e-01 3.045424e-01
4.240000e-01 3.046806e-01
4.242000e-01 3.048169e-01
4.244000e-01 3.049515e-01
4.246000e-01 3.050842e-01
4.248000e-01 3.052152e-01
4.250000e-01 3.053444e-01
4.252000e-01 3.054718e-01
4.254000e-01 3.055975e-01
4.256000e-01 3.057214e-01
4.258000e-01 3.058436e-01
4.260000e-01 3.059640e-01
4.262000e-01 3.060827e-01
4.264000e-01 3.061997e-01
4.266000e-01 3.063149e-01
4.268000e-01 3.064285e-01
4.270000e-01 3.065403e-01
4.272000e-01 3.066505e-01
4.274000e-01 3.067589e-01
4.276000e-01 3.068657e-01
4.278000e-01 3.069708e-01
4.280000e-01 3.070742e-01
4.282000e-01 3.071760e-01
4.284000e-01 3.072761e-01
4.286000e-01 3.073746e-01
4.288000e-01 3.074714e-01
4.290000e-01 3.075665e-01
4.292000e-01 3.076601e-01
4.294000e-01 3.077520e-01
4.296000e-01 3.078423e-01
4.298000e-01 3.079309e-01
4.300000e-01 3.080180e-01
4.302000e-01 3.081034e-01
4.304000e-01 3.081872e-01
4.306000e-01 3.082695e-01
4.308000e-01 3.083501e-01
4.310000e-01 3.084292e-01
4.312000e-01 3.085066e-01
4.314000e-01 3.085825e-01
4.316000e-01 3.086568e-01
4.318000e-01 3.087296e-01
4.320000e-01 3.088008e-01
4.322000e-01 3.088704e-01
4.324000e-01 3.089384e-01
4.326000e-01 3.090049e-01
4.328000e-01 3.090699e-01
4.330000e-01 3.091333e-01
4.332000e-01 3.091951e-01
4.334000e-01 3.092555e-01
4.336000e-01 3.093142e-01
4.338000e-01 3.093715e-01
4.340000e-01 3.094272e-01
4.342000e-01 3.094814e-01
4.344000e-01 3.095341e-01
4.346000e-01 3.095853e-01
4.348000e-01 3.096349e-01
4.350000e-01 3.096830e-01
4.352000e-01 3.097297e-01
4.354000e-01 3.097748e-01
4.356000e-01 3.098184e-01
4.358000e-01 3.098605e-01
4.360000e-01 3.099011e-01
4.362000e-01 3.099402e-01
4.364000e-01 3.099779e-01
4.366000e-01 3.100140e-01
4.368000e-01 3.100487e-01
4.370000e-01 3.100818e-01
4.372000e-01 3.101135e-01
4.374000e-01 3.101437e-01
4.376000e-01 3.101724e-01
4.378000e-01 3.101997e-01
4.380000e-01 3.102255e-01
4.382000e-01 3.102498e-01
4.384000e-01 3.102726e-01
4.386000e-01 3.102940e-01
4.388000e-01 3.103139e-01
4.390000e-01 3.103324e-01
4.392000e-01 3.103493e-01
4.394000e-01 3.103649e-01
4.396000e-01 3.103789e-01
4.398000e-01 3.103916e-01
4.400000e-01 3.104027e-01
4.402000e-01 3.104124e-01
4.404000e-01 3.104207e-01
4.406000e-01 3.104275e-01
4.408000e-01 3.104329e-01
4.410000e-01 3.104368e-01
4.412000e-01 3.104393e-01
4.414000e-01 3.104403e-01
4.416000e-01 3.104399e-01
4.418000e-01 3.104381e-01
4.420000e-01 3.104348e-01
4.422000e-01 3.104301e-01
4.424000e-01 3.104240e-01
4.426000e-01 3.104164e-01
4.428000e-01 3.104074e-01
4.430000e-01 3.103969e-01
4.432000e-01 3.103851e-01
4.434000e-01 3.103718e-01
4.436000e-01 3.103570e-01
4.438000e-01 3.103409e-01
4.440000e-01 3.103233e-01
4.442000e-01 3.103043e-01
4.444000e-01 3.102839e-01
4.446000e-01 3.102621e-01
4.448000e-01 3.102388e-01
4.450000e-01 3.102141e-01
4.452000e-01 3.101880e-01
4.454000e-01 3.101605e-01
4.456000e-01 3.101316e-01
4.458000e-01 3.101012e-01
4.460000e-01 3.100695e-01
4.462000e-01 3.100363e-01
4.464000e-01 3.100017e-01
4.466000e-01 3.099658e-01
4.468000e-01 3.099284e-01
4.470000e-01 3.098896e-01
4.472000e-01 3.098494e-01
4.474000e-01 3.098077e-01
4.476000e-01 3.097647e-01
4.478000e-01 3.097203e-01
4.480000e-01 3.096745e-01
4.482000e-01 3.096272e-01
4.484000e-01 3.095786e-01
4.486000e-01 3.095286e-01
4.488000e-01 3.094771e-01
4.490000e-01 3.094243e-01
4.492000e-01 3.093701e-01
4.494000e-01 3.093144e-01
4.496000e-01 3.092574e-01
4.498000e-01 3.091990e-01
4.500000e-01 3.091392e-01
4.502000e-01 3.090780e-01
4.504000e-01 3.090154e-01
4.506000e-01 3.089514e-01
4.508000e-01 3.088861e-01
4.510000e-01 3.088193e-01
4.512000e-01 3.087511e-01
4.514000e-01 3.086816e-01
4.516000e-01 3.086107e-01
4.518000e-01 3.085384e-01
4.520000e-01 3.084647e-01
4.522000e-01 3.083896e-01
4.524000e-01 3.083132e-01
4.526000e-01 3.082353e-01
4.528000e-01 3.081561e-01
4.530000e-01 3.080755e-01
4.532000e-01 3.079936e-01
4.534000e-01 3.079102e-01
4.536000e-01 3.078255e-01
4.538000e-01 3.077394e-01
4.540000e-01 3.076520e-01
4.542000e-01 3.075631e-01
4.544000e-01 3.074729e-01
4.546000e-01 3.073814e-01
4.548000e-01 3.072884e-01
4.550000e-01 3.071941e-01
4.552000e-01 3.070985e-01
4.554000e-01 3.070014e-01
4.556000e-01 3.069030e-01
4.558000e-01 3.068033e-01
4.560000e-01 3.067022e-01
4.562000e-01 3.065997e-01
4.564000e-01 3.064959e-01
4.566000e-01 3.063907e-01
4.568000e-01 3.062841e-01
4.570000e-01 3.061763e-01
4.572000e-01 3.060670e-01
4.574000e-01 3.059564e-01
4.576000e-01 3.058445e-01
4.578000e-01 3.057312e-01
4.580000e-01 3.056166e-01
4.582000e-01 3.055006e-01
4.584000e-01 3.053833e-01
4.586000e-01 3.052647e-01
4.588000e-01 3.051447e-01
4.590000e-01 3.050234e-01
4.592000e-01 3.049007e-01
4.594000e-01 3.047768e-01
4.596000e-01 3.046514e-01
4.598000e-01 3.045248e-01
4.600000e-01 3.043968e-01
4.602000e-01 3.042675e-01
4.604000e-01 3.041369e-01
4.606000e-01 3.040050e-01
4.608000e-01 3.038718e-01
4.610000e-01 3.037372e-01
4.612000e-01 3.036013e-01
4.614000e-01 3.034641e-01
4.616000e-01 3.033256e-01
4.618000e-01 3.031858e-01
4.620000e-01 3.030447e-01
4.622000e-01 3.029023e-01
4.624000e-01 3.027586e-01
4.626000e-01 3.026136e-01
4.628000e-01 3.024673e-01
4.630000e-01 3.023197e-01
4.632000e-01 3.021708e-01
4.634000e-01 3.020206e-01
4.636000e-01 3.018692e-01
4.638000e-01 3.017164e-01
4.640000e-01 3.015624e-01
4.642000e-01 3.014071e-01
4.644000e-01 3.012505e-01
4.646000e-01 3.010927e-01
4.648000e-01 3.009336e-01
4.650000e-01 3.007732e-01
4.652000e-01 3.006116e-01
4.654000e-01 3.004487e-01
4.656000e-01 3.002845e-01
4.658000e-01 3.001191e-01
4.660000e-01 2.999524e-01
4.662000e-01 2.997845e-01
4.664000e-01 2.996153e-01
4.666000e-01 2.994449e-01
4.668000e-01 2.992733e-01
4.670000e-01 2.991004e-01
4.672000e-01 2.989263e-01
4.674000e-01 2.987510e-01
4.676000e-01 2.985744e-01
4.678000e-01 2.983967e-01
4.680000e-01 2.982176e-01
4.682000e-01 2.980374e-01
4.684000e-01 2.978560e-01
4.686000e-01 2.976734e-01
4.688000e-01 2.974895e-01
4.690000e-01 2.973045e-01
4.692000e-01 2.971182e-01
4.694000e-01 2.969308e-01
4.696000e-01 2.967422e-01
4.698000e-01 2.965524e-01
4.700000e-01 2.963614e-01
4.702000e-01 2.961692e-01
4.704000e-01 2.959759e-01
4.706000e-01 2.957814e-01
4.708000e-01 2.955857e-01
4.710000e-01 2.953889e-01
4.712000e-01 2.951909e-01
4.714000e-01 2.949917e-01
4.716000e-01 2.947914e-01
4.718000e-01 2.945900e-01
4.720000e-01 2.943874e-01
4.722000e-01 2.941837e-01
4.724000e-01 2.939788e-01
4.726000e-01 2.937728e-01
4.728000e-01 2.935657e-01
4.730000e-01 2.933575e-01
4.732000e-01 2.931482e-01
4.734000e-01 2.929377e-01
4.736000e-01 2.927262e-01
4.738000e-01 2.925135e-01
4.740000e-01 2.922998e-01
4.742000e-01 2.920849e-01
4.744000e-01 2.918690e-01
4.746000e-01 2.916520e-01
4.748000e-01 2.914339e-01
4.750000e-01 2.912148e-01
4.752000e-01 2.909946e-01
4.754000e-01 2.907733e-01
4.756000e-01 2.905510e-01
4.758000e-01 2.903276e-01
4.760000e-01 2.901031e-01
4.762000e-01 2.898777e-01
4.764000e-01 2.896512e-01
4.766000e-01 2.894236e-01
4.768000e-01 2.891951e-01
4.770000e-01 2.889655e-01
4.772000e-01 2.887349e-01
4.774000e-01 2.885033e-01
4.776000e-01 2.882707e-01
4.778000e-01 2.880371e-01
4.780000e-01 2.878025e-01
4.782000e-01 2.875669e-01
4.784000e-01 2.873303e-01
4.786000e-01 2.870928e-01
4.788000e-01 2.868543e-01
4.790000e-01 2.866148e-01
4.792000e-01 2.863744e-01
4.794000e-01 2.861330e-01
4.796000e-01 2.858906e-01
4.798000e-01 2.856474e-01
4.800000e-01 2.854032e-01
4.802000e-01 2.851580e-01
4.804000e-01 2.849120e-01
4.806000e-01 2.846650e-01
4.808000e-01 2.844171e-01
4.810000e-01 2.841683e-01
4.812000e-01 2.839186e-01
4.814000e-01 2.836680e-01
4.816000e-01 2.834166e-01
4.818000e-01 2.831642e-01
4.820000e-01 2.829110e-01
4.822000e-01 2.826569e-01
4.824000e-01 2.824020e-01
4.826000e-01 2.821462e-01
4.828000e-01 2.818895e-01
4.830000e-01 2.816320e-01
4.832000e-01 2.813737e-01
4.834000e-01 2.811146e-01
4.836000e-01 2.808546e-01
4.838000e-01 2.805938e-01
4.840000e-01 2.803322e-01
4.842000e-01 2.800698e-01
4.844000e-01 2.798066e-01
4.846000e-01 2.795426e-01
4.848000e-01 2.792779e-01
4.850000e-01 2.790123e-01
4.852000e-01 2.787460e-01
4.854000e-01 2.784789e-01
4.856000e-01 2.782111e-01
4.858000e-01 2.779425e-01
4.860000e-01 2.776732e-01
4.862000e-01 2.774032e-01
4.864000e-01 2.771324e-01
4.866000e-01 2.768609e-01
4.868000e-01 2.765887e-01
4.870000e-01 2.763158e-01
4.872000e-01 2.760422e-01
4.874000e-01 2.757679e-01
4.876000e-01 2.754929e-01
4.878000e-01 2.752172e-01
4.880000e-01 2.749409e-01
4.882000e-01 2.746639e-01
4.884000e-01 2.743862e-01
4.886000e-01 2.741079e-01
4.888000e-01 2.738289e-01
4.890000e-01 2.735494e-01
4.892000e-01 2.732691e-01
4.894000e-01 2.729883e-01
4.896000e-01 2.727069e-01
4.898000e-01 2.724248e-01
4.900000e-01 2.721422e-01
4.902000e-01 2.718589e-01
4.904000e-01 2.715751e-01
4.906000e-01 2.712907e-01
4.908000e-01 2.710057e-01
4.910000e-01 2.707202e-01
4.912000e-01 2.704341e-01
4.914000e-01 2.701475e-01
4.916000e-01 2.698603e-01
4.918000e-01 2.695726e-01
4.920000e-01 2.692844e-01
4.922000e-01 2.689956e-01
4.924000e-01 2.687064e-01
4.926000e-01 2.684166e-01
4.928000e-01 2.681264e-01
4.930000e-01 2.678356e-01
4.932000e-01 2.675444e-01
4.934000e-01 2.672527e-01
4.936000e-01 2.669606e-01
4.938000e-01 2.666679e-01
4.940000e-01 2.663749e-01
4.942000e-01 2.660814e-01
4.944000e-01 2.657874e-01
4.946000e-01 2.654931e-01
4.948000e-01 2.651983e-01
4.950000e-01 2.649031e-01
4.952000e-01 2.646075e-01
4.954000e-01 2.643115e-01
4.956000e-01 2.640151e-01
4.958000e-01 2.637183e-01
4.960000e-01 2.634211e-01
4.962000e-01 2.631236e-01
4.964000e-01 2.628257e-01
4.966000e-01 2.625275e-01
4.968000e-01 2.622289e-01
4.970000e-01 2.619300e-01
4.972000e-01 2.616308e-01
4.974000e-01 2.613312e-01
4.976000e-01 2.610313e-01
4.978000e-01 2.607311e-01
4.980000e-01 2.604306e-01
4.982000e-01 2.601298e-01
4.984000e-01 2.598287e-01
4.986000e-01 2.595274e-01
4.988000e-01 2.592258e-01
4.990000e-01 2.589239e-01
4.992000e-01 2.586217e-01
4.994000e-01 2.583193e-01
4.996000e-01 2.580167e-01
4.998000e-01 2.577138e-01
5.000000e-01 2.574107e-01
5.002000e-01 2.571074e-01
5.004000e-01 2.568038e-01
5.006000e-01 2.565001e-01
5.008000e-01 2.561961e-01
5.010000e-01 2.558920e-01
5.012000e-01 2.555877e-01
5.014000e-01 2.552832e-01
5.016000e-01 2.549785e-01
5.018000e-01 2.546736e-01
5.020000e-01 2.543686e-01
5.022000e-01 2.540635e-01
5.024000e-01 2.537582e-01
5.026000e-01 2.534527e-01
5.028000e-01 2.531472e-01
5.030000e-01 2.528415e-01
5.032000e-01 2.525357e-01
5.034000e-01 2.522298e-01
5.036000e-01 2.519237e-01
5.038000e-01 2.516176e-01
5.040000e-01 2.513114e-01
5.042000e-01 2.510051e-01
5.044000e-01 2.506987e-01
5.046000e-01 2.503923e-01
5.048000e-01 2.500858e-01
5.050000e-01 2.497792e-01
5.052000e-01 2.494726e-01
5.054000e-01 2.491659e-01
5.056000e-01 2.488592e-01
5.058000e-01 2.485524e-01
5.060000e-01 2.482457e-01
5.062000e-01 2.479763e-01
5.064000e-01 2.476830e-01
5.066000e-01 2.473894e-01
5.068000e-01 2.470955e-01
5.070000e-01 2.468013e-01
5.072000e-01 2.465068e-01
5.074000e-01 2.462120e-01
5.076000e-01 2.459169e-01
5.078000e-01 2.456215e-01
5.080000e-01 2.453259e-01
5.082000e-01 2.450300e-01
5.084000e-01 2.447338e-01
5.086000e-01 2.444374e-01
5.088000e-01 2.441407e-01
5.090000e-01 2.438437e-01
5.092000e-01 2.435465e-01
5.094000e-01 2.432490e-01
5.096000e-01 2.429512e-01
5.098000e-01 2.426533e-01
5.100000e-01 2.423550e-01
5.102000e-01 2.420565e-01
5.104000e-01 2.417578e-01
5.106000e-01 2.414589e-01
5.108000e-01 2.411597e-01
5.110000e-01 2.408603e-01
5.112000e-01 2.405606e-01
5.114000e-01 2.402608e-01
5.116000e-01 2.399607e-01
5.118000e-01 2.396603e-01
5.120000e-01 2.393598e-01
5.122000e-01 2.390591e-01
5.124000e-01 2.387581e-01
5.126000e-01 2.384570e-01
5.128000e-01 2.381556e-01
5.130000e-01 2.378540e-01
5.132000e-01 2.375523e-01
5.134000e-01 2.372503e-01
5.136000e-01 2.369481e-01
5.138000e-01 2.366458e-01
5.140000e-01 2.363433e-01
5.142000e-01 2.360405e-01
5.144000e-01 2.357376e-01
5.146000e-01 2.354345e-01
5.148000e-01 2.351313e-01
5.150000e-01 2.348278e-01
5.152000e-01 2.345242e-01
5.154000e-01 2.342204e-01
5.156000e-01 2.339165e-01
5.158000e-01 2.336123e-01
5.160000e-01 2.333081e-01
5.162000e-01 2.330036e-01
5.164000e-01 2.326990e-01
5.166000e-01 2.323942e-01
5.168000e-01 2.320893e-01
5.170000e-01 2.317843e-01
5.172000e-01 2.314791e-01
5.174000e-01 2.311737e-01
5.176000e-01 2.308682e-01
5.178000e-01 2.305626e-01
5.180000e-01 2.302568e-01
5.182000e-01 2.299508e-01
5.184000e-01 2.296448e-01
5.186000e-01 2.293386e-01
5.188000e-01 2.290323e-01
5.190000e-01 2.287258e-01
5.192000e-01 2.284193e-01
5.194000e-01 2.281126e-01
5.196000e-01 2.278058e-01
5.198000e-01 2.274988e-01
5.200000e-01 2.271918e-01
5.202000e-01 2.268846e-01
5.204000e-01 2.265773e-01
5.206000e-01 2.262699e-01
5.208000e-01 2.259624e-01
5.210000e-01 2.256548e-01
5.212000e-01 2.253471e-01
5.214000e-01 2.250393e-01
5.216000e-01 2.247314e-01
5.218000e-01 2.244234e-01
5.220000e-01 2.241153e-01
5.222000e-01 2.238071e-01
5.224000e-01 2.234988e-01
5.226000e-01 2.231904e-01
5.228000e-01 2.228819e-01
5.230000e-01 2.225734e-01
5.232000e-01 2.222647e-01
5.234000e-01 2.219560e-01
5.236000e-01 2.216472e-01
5.238000e-01 2.213383e-01
5.240000e-01 2.210294e-01
5.242000e-01 2.207203e-01
5.244000e-01 2.204112e-01
5.246000e-01 2.201020e-01
5.248000e-01 2.197928e-01
5.250000e-01 2.194835e-01
5.252000e-01 2.191741e-01
5.254000e-01 2.188646e-01
5.256000e-01 2.185551e-01
5.258000e-01 2.182456e-01
5.260000e-01 2.179360e-01
5.262000e-01 2.176263e-01
5.264000e-01 2.173165e-01
5.266000e-01 2.170068e-01
5.268000e-01 2.166969e-01
5.270000e-01 2.163870e-01
5.272000e-01 2.160771e-01
5.274000e-01 2.157671e-01
5.276000e-01 2.154571e-01
5.278000e-01 2.151470e-01
5.280000e-01 2.148369e-01
5.282000e-01 2.145268e-01
5.284000e-01 2.142166e-01
5.286000e-01 2.139064e-01
5.288000e-01 2.135961e-01
5.290000e-01 2.132858e-01
5.292000e-01 2.129755e-01
5.294000e-01 2.126652e-01
5.296000e-01 2.123548e-01
5.298000e-01 2.120444e-01
5.300000e-01 2.117340e-01
5.302000e-01 2.114235e-01
5.304000e-01 2.111131e-01
5.306000e-01 2.108026e-01
5.308000e-01 2.104921e-01
5.310000e-01 2.101816e-01
5.312000e-01 2.098710e-01
5.314000e-01 2.095605e-01
5.316000e-01 2.092499e-01
5.318000e-01 2.089394e-01
5.320000e-01 2.086288e-01
5.322000e-01 2.083182e-01
5.324000e-01 2.080076e-01
5.326000e-01 2.076970e-01
5.328000e-01 2.073864e-01
5.330000e-01 2.070758e-01
5.332000e-01 2.067652e-01
5.334000e-01 2.064547e-01
5.336000e-01 2.061441e-01
5.338000e-01 2.058335e-01
5.340000e-01 2.055229e-01
5.342000e-01 2.052124e-01
5.344000e-01 2.049018e-01
5.346000e-01 2.045913e-01
5.348000e-01 2.042807e-01
5.350000e-01 2.039702e-01
5.352000e-01 2.036597e-01
5.354000e-01 2.033492e-01
5.356000e-01 2.030388e-01
5.358000e-01 2.027283e-01
5.360000e-01 2.024179e-01
5.362000e-01 2.021075e-01
5.364000e-01 2.017971e-01
5.366000e-01 2.014868e-01
5.368000e-01 2.011765e-01
5.370000e-01 2.008662e-01
5.372000e-01 2.005559e-01
5.374000e-01 2.002457e-01
5.376000e-01 1.999355e-01
5.378000e-01 1.996253e-01
5.380000e-01 1.993152e-01
5.382000e-01 1.990051e-01
5.384000e-01 1.986951e-01
5.386000e-01 1.983851e-01
5.388000e-01 1.980751e-01
5.390000e-01 1.977652e-01
5.392000e-01 1.974553e-01
5.394000e-01 1.971455e-01
5.396000e-01 1.968357e-01
5.398000e-01 1.965260e-01
5.400000e-01 1.962163e-01
5.402000e-01 1.959067e-01
5.404000e-01 1.955971e-01
5.406000e-01 1.952875e-01
5.408000e-01 1.949781e-01
5.410000e-01 1.946687e-01
5.412000e-01 1.943593e-01
5.414000e-01 1.940500e-01
5.416000e-01 1.937408e-01
5.418000e-01 1.934316e-01
5.420000e-01 1.931225e-01
5.422000e-01 1.928135e-01
5.424000e-01 1.925045e-01
5.426000e-01 1.921956e-01
5.428000e-01 1.918867e-01
5.430000e-01 1.915780e-01
5.432000e-01 1.912693e-01
5.434000e-01 1.909606e-01
5.436000e-01 1.906521e-01
5.438000e-01 1.903436e-01
5.440000e-01 1.900352e-01
5.442000e-01 1.897269e-01
5.444000e-01 1.894187e-01
5.446000e-01 1.891105e-01
5.448000e-01 1.888024e-01
5.450000e-01 1.884945e-01
5.452000e-01 1.881866e-01
5.454000e-01 1.878787e-01
5.456000e-01 1.875710e-01
5.458000e-01 1.872634e-01
5.460000e-01 1.869558e-01
5.462000e-01 1.866484e-01
5.464000e-01 1.863410e-01
5.466000e-01 1.860338e-01
5.468000e-01 1.857266e-01
5.470000e-01 1.854195e-01
5.472000e-01 1.851126e-01
5.474000e-01 1.848057e-01
5.476000e-01 1.844989e-01
5.478000e-01 1.841923e-01
5.480000e-01 1.838857e-01
5.482000e-01 1.835792e-01
5.484000e-01 1.832729e-01
5.486000e-01 1.829667e-01
5.488000e-01 1.826605e-01
5.490000e-01 1.823545e-01
5.492000e-01 1.820486e-01
5.494000e-01 1.817428e-01
5.496000e-01 1.814371e-01
5.498000e-01 1.811316e-01
5.500000e-01 1.808261e-01
5.502000e-01 1.805208e-01
5.504000e-01 1.802156e-01
5.506000e-01 1.799105e-01
5.508000e-01 1.796056e-01
5.510000e-01 1.793008e-01
5.512000e-01 1.789961e-01
5.514000e-01 1.786915e-01
5.516000e-01 1.783870e-01
5.518000e-01 1.780827e-01
5.520000e-01 1.777785e-01
5.522000e-01 1.774745e-01
5.524000e-01 1.771706e-01
5.526000e-01 1.768668e-01
5.528000e-01 1.765632e-01
5.530000e-01 1.762597e-01
5.532000e-01 1.759563e-01
5.534000e-01 1.756531e-01
5.536000e-01 1.753500e-01
5.538000e-01 1.750471e-01
5.540000e-01 1.747443e-01
5.542000e-01 1.744416e-01
5.544000e-01 1.741391e-01
5.546000e-01 1.738368e-01
5.548000e-01 1.735346e-01
5.550000e-01 1.732326e-01
5.552000e-01 1.729307e-01
5.554000e-01 1.726290e-01
5.556000e-01 1.723274e-01
5.558000e-01 1.720260e-01
5.560000e-01 1.717247e-01
5.562000e-01 1.714236e-01
5.564000e-01 1.711227e-01
5.566000e-01 1.708219e-01
5.568000e-01 1.705213e-01
5.570000e-01 1.702209e-01
5.572000e-01 1.699207e-01
5.574000e-01 1.696206e-01
5.576000e-01 1.693206e-01
5.578000e-01 1.690209e-01
5.580000e-01 1.687213e-01
5.582000e-01 1.684219e-01
5.584000e-01 1.681227e-01
5.586000e-01 1.678236e-01
5.588000e-01 1.675248e-01
5.590000e-01 1.672261e-01
5.592000e-01 1.669276e-01
5.594000e-01 1.666293e-01
5.596000e-01 1.663312e-01
5.598000e-01 1.660332e-01
5.600000e-01 1.657355e-01
5.602000e-01 1.654379e-01
5.604000e-01 1.651405e-01
5.606000e-01 1.648433e-01
5.608000e-01 1.645464e-01
5.610000e-01 1.642496e-01
5.612000e-01 1.639530e-01
5.614000e-01 1.636566e-01
5.616000e-01 1.633604e-01
5.618000e-01 1.630644e-01
5.620000e-01 1.627686e-01
5.622000e-01 1.624730e-01
5.624000e-01 1.621777e-01
5.626000e-01 1.618825e-01
5.628000e-01 1.615875e-01
5.630000e-01 1.612928e-01
5.632000e-01 1.609983e-01
5.634000e-01 1.607039e-01
5.636000e-01 1.604098e-01
5.638000e-01 1.601160e-01
5.640000e-01 1.598223e-01
5.642000e-01 1.595288e-01
5.644000e-01 1.592356e-01
5.646000e-01 1.589426e-01
5.648000e-01 1.586498e-01
5.650000e-01 1.583573e-01
5.652000e-01 1.580650e-01
5.654000e-01 1.577729e-01
5.656000e-01 1.574810e-01
5.658000e-01 1.571894e-01
5.660000e-01 1.568980e-01
5.662000e-01 1.566068e-01
5.664000e-01 1.563159e-01
5.666000e-01 1.560252e-01
5.668000e-01 1.557348e-01
5.670000e-01 1.554446e-01
5.672000e-01 1.551546e-01
5.674000e-01 1.548649e-01
5.676000e-01 1.545754e-01
5.678000e-01 1.542862e-01
5.680000e-01 1.539972e-01
5.682000e-01 1.537085e-01
5.684000e-01 1.534201e-01
5.686000e-01 1.531319e-01
5.688000e-01 1.528439e-01
5.690000e-01 1.525562e-01
5.692000e-01 1.522688e-01
5.694000e-01 1.519816e-01
5.696000e-01 1.516947e-01
5.698000e-01 1.514080e-01
5.700000e-01 1.511217e-01
5.702000e-01 1.508355e-01
5.704000e-01 1.505497e-01
5.706000e-01 1.502641e-01
5.708000e-01 1.499788e-01
5.710000e-01 1.496938e-01
5.712000e-01 1.494090e-01
5.714000e-01 1.491246e-01
5.716000e-01 1.488404e-01
5.718000e-01 1.485565e-01
5.720000e-01 1.482728e-01
5.722000e-01 1.479895e-01
5.724000e-01 1.477064e-01
5.726000e-01 1.474236e-01
5.728000e-01 1.471411e-01
5.730000e-01 1.468589e-01
5.732000e-01 1.465770e-01
5.734000e-01 1.462954e-01
5.736000e-01 1.460141e-01
5.738000e-01 1.457331e-01
5.740000e-01 1.454524e-01
5.742000e-01 1.451719e-01
5.744000e-01 1.448918e-01
5.746000e-01 1.446120e-01
5.748000e-01 1.443325e-01
5.750000e-01 1.440533e-01
5.752000e-01 1.437744e-01
5.754000e-01 1.434958e-01
5.756000e-01 1.432175e-01
5.758000e-01 1.429396e-01
5.760000e-01 1.426619e-01
5.762000e-01 1.423846e-01
5.764000e-01 1.421076e-01
5.766000e-01 1.418309e-01
5.768000e-01 1.415546e-01
5.770000e-01 1.412785e-01
5.772000e-01 1.410028e-01
5.774000e-01 1.407274e-01
5.776000e-01 1.404524e-01
5.778000e-01 1.401776e-01
5.780000e-01 1.399032e-01
5.782000e-01 1.396292e-01
5.784000e-01 1.393555e-01
5.786000e-01 1.390821e-01
5.788000e-01 1.388090e-01
5.790000e-01 1.385363e-01
5.792000e-01 1.382640e-01
5.794000e-01 1.379919e-01
5.796000e-01 1.377203e-01
5.798000e-01 1.374489e-01
5.800000e-01 1.371780e-01
5.802000e-01 1.369073e-01
5.804000e-01 1.366371e-01
5.806000e-01 1.363671e-01
5.808000e-01 1.360976e-01
5.810000e-01 1.358284e-01
5.812000e-01 1.355595e-01
5.814000e-01 1.352911e-01
5.816000e-01 1.350229e-01
5.818000e-01 1.347552e-01
5.820000e-01 1.344878e-01
5.822000e-01 1.342208e-01
5.824000e-01 1.339541e-01
5.826000e-01 1.336879e-01
5.828000e-01 1.334219e-01
5.830000e-01 1.331564e-01
5.832000e-01 1.328913e-01
5.834000e-01 1.326265e-01
5.836000e-01 1.323621e-01
5.838000e-01 1.320981e-01
5.840000e-01 1.318345e-01
5.842000e-01 1.315712e-01
5.844000e-01 1.313084e-01
5.846000e-01 1.310459e-01
5.848000e-01 1.307838e-01
5.850000e-01 1.305222e-01
5.852000e-01 1.302609e-01
5.854000e-01 1.300000e-01
5.856000e-01 1.297395e-01
5.858000e-01 1.294794e-01
5.860000e-01 1.292197e-01
5.862000e-01 1.289604e-01
5.864000e-01 1.287015e-01
5.866000e-01 1.284431e-01
5.868000e-01 1.281850e-01
5.870000e-01 1.279273e-01
5.872000e-01 1.276701e-01
5.874000e-01 1.274133e-01
5.876000e-01 1.271568e-01
5.878000e-01 1.269008e-01
5.880000e-01 1.266453e-01
5.882000e-01 1.263901e-01
5.884000e-01 1.261353e-01
5.886000e-01 1.258810e-01
5.888000e-01 1.256271e-01
5.890000e-01 1.253737e-01
5.892000e-01 1.251206e-01
5.894000e-01 1.248680e-01
5.896000e-01 1.246158e-01
5.898000e-01 1.243641e-01
5.900000e-01 1.241128e-01
5.902000e-01 1.238619e-01
5.904000e-01 1.236115e-01
5.906000e-01 1.233615e-01
5.908000e-01 1.231119e-01
5.910000e-01 1.228628e-01
5.912000e-01 1.226142e-01
5.914000e-01 1.223660e-01
5.916000e-01 1.221182e-01
5.918000e-01 1.218709e-01
5.920000e-01 1.216240e-01
5.922000e-01 1.213776e-01
5.924000e-01 1.211316e-01
5.926000e-01 1.208861e-01
5.928000e-01 1.206411e-01
5.930000e-01 1.203965e-01
5.932000e-01 1.201524e-01
5.934000e-01 1.199088e-01
5.936000e-01 1.196656e-01
5.938000e-01 1.194228e-01
5.940000e-01 1.191806e-01
5.942000e-01 1.189388e-01
5.944000e-01 1.186975e-01
5.946000e-01 1.184567e-01
5.948000e-01 1.182163e-01
5.950000e-01 1.179764e-01
5.952000e-01 1.177370e-01
5.954000e-01 1.174981e-01
5.956000e-01 1.172596e-01
5.958000e-01 1.170216e-01
5.960000e-01 1.167842e-01
5.962000e-01 1.165472e-01
5.964000e-01 1.163107e-01
5.966000e-01 1.160746e-01
5.968000e-01 1.158391e-01
5.970000e-01 1.156041e-01
5.972000e-01 1.153695e-01
5.974000e-01 1.151355e-01
5.976000e-01 1.149019e-01
5.978000e-01 1.146689e-01
5.980000e-01 1.144363e-01
5.982000e-01 1.142043e-01
5.984000e-01 1.139727e-01
5.986000e-01 1.137417e-01
5.988000e-01 1.135111e-01
5.990000e-01 1.132811e-01
5.992000e-01 1.130515e-01
5.994000e-01 1.128225e-01
5.996000e-01 1.125940e-01
5.998000e-01 1.123660e-01
6.000000e-01 1.121386e-01
6.002000e-01 1.119116e-01
6.004000e-01 1.116851e-01
6.006000e-01 1.114592e-01
6.008000e-01 1.112338e-01
6.010000e-01 1.110089e-01
6.012000e-01 1.107846e-01
6.014000e-01 1.105607e-01
6.016000e-01 1.103374e-01
6.018000e-01 1.101146e-01
6.020000e-01 1.098924e-01
6.022000e-01 1.096707e-01
6.024000e-01 1.094495e-01
6.026000e-01 1.092288e-01
6.028000e-01 1.090087e-01
6.030000e-01 1.087891e-01
6.032000e-01 1.085700e-01
6.034000e-01 1.083515e-01
6.036000e-01 1.081335e-01
6.038000e-01 1.079161e-01
6.040000e-01 1.076992e-01
6.042000e-01 1.074828e-01
6.044000e-01 1.072670e-01
6.046000e-01 1.070517e-01
6.048000e-01 1.068370e-01
6.050000e-01 1.066228e-01
6.052000e-01 1.064092e-01
6.054000e-01 1.061961e-01
6.056000e-01 1.059836e-01
6.058000e-01 1.057716e-01
6.060000e-01 1.055602e-01
6.062000e-01 1.053493e-01
6.064000e-01 1.051390e-01
6.066000e-01 1.049292e-01
6.068000e-01 1.047201e-01
6.070000e-01 1.045114e-01
6.072000e-01 1.043033e-01
6.074000e-01 1.040958e-01
6.076000e-01 1.038889e-01
6.078000e-01 1.036825e-01
6.080000e-01 1.034766e-01
6.082000e-01 1.032714e-01
6.084000e-01 1.030667e-01
6.086000e-01 1.028626e-01
6.088000e-01 1.026590e-01
6.090000e-01 1.024560e-01
6.092000e-01 1.022536e-01
6.094000e-01 1.020517e-01
6.096000e-01 1.018505e-01
6.098000e-01 1.016498e-01
6.100000e-01 1.014496e-01
6.102000e-01 1.012501e-01
6.104000e-01 1.010511e-01
6.106000e-01 1.008527e-01
6.108000e-01 1.006549e-01
6.110000e-01 1.004576e-01
6.112000e-01 1.002609e-01
6.114000e-01 1.000648e-01
6.116000e-01 9.986933e-02
6.118000e-01 9.967440e-02
6.120000e-01 9.948006e-02
6.122000e-01 9.928629e-02
6.124000e-01 9.909311e-02
6.126000e-01 9.890051e-02
6.128000e-01 9.870850e-02
6.130000e-01 9.851707e-02
6.132000e-01 9.832622e-02
6.134000e-01 9.813597e-02
6.136000e-01 9.794630e-02
6.138000e-01 9.775722e-02
6.140000e-01 9.756873e-02
6.142000e-01 9.738082e-02
6.144000e-01 9.719351e-02
6.146000e-01 9.700678e-02
6.148000e-01 9.682065e-02
6.150000e-01 9.663510e-02
6.152000e-01 9.645015e-02
6.154000e-01 9.626579e-02
6.156000e-01 9.608202e-02
6.158000e-01 9.589884e-02
6.160000e-01 9.571626e-02
6.162000e-01 9.553427e-02
6.164000e-01 9.535287e-02
6.166000e-01 9.517207e-02
6.168000e-01 9.499186e-02
6.170000e-01 9.481225e-02
6.172000e-01 9.463323e-02
6.174000e-01 9.445481e-02
6.176000e-01 9.427698e-02
6.178000e-01 9.409974e-02
6.180000e-01 9.392311e-02
6.182000e-01 9.374706e-02
6.184000e-01 9.357162e-02
6.186000e-01 9.339677e-02
6.188000e-01 9.322252e-02
6.190000e-01 9.304886e-02
6.192000e-01 9.287580e-02
6.194000e-01 9.270333e-02
6.196000e-01 9.253146e-02
6.198000e-01 9.236019e-02
6.200000e-01 9.218951e-02
6.202000e-01 9.201943e-02
6.204000e-01 9.184995e-02
6.206000e-01 9.168106e-02
6.208000e-01 9.151276e-02
6.210000e-01 9.134507e-02
6.212000e-01 9.117796e-02
6.214000e-01 9.101146e-02
6.216000e-01 9.084555e-02
6.218000e-01 9.068023e-02
6.220000e-01 9.051551e-02
6.222000e-01 9.035138e-02
6.224000e-01 9.018784e-02
6.226000e-01 9.002490e-02
6.228000e-01 8.986255e-02
6.230000e-01 8.970079e-02
6.232000e-01 8.953963e-02
6.234000e-01 8.937906e-02
6.236000e-01 8.921907e-02
6.238000e-01 8.905968e-02
6.240000e-01 8.890088e-02
6.242000e-01 8.874267e-02
6.244000e-01 8.858505e-02
6.246000e-01 8.842801e-02
6.248000e-01 8.827157e-02
6.250000e-01 8.811571e-02
6.252000e-01 8.796043e-02
6.254000e-01 8.780574e-02
6.256000e-01 8.765164e-02
6.258000e-01 8.749812e-02
6.260000e-01 8.734518e-02
6.262000e-01 8.719283e-02
6.264000e-01 8.704105e-02
6.266000e-01 8.688986e-02
6.268000e-01 8.673925e-02
6.270000e-01 8.658921e-02
6.272000e-01 8.643975e-02
6.274000e-01 8.629087e-02
6.276000e-01 8.614257e-02
6.278000e-01 8.599483e-02
6.280000e-01 8.584767e-02
6.282000e-01 8.570109e-02
6.284000e-01 8.555507e-02
6.286000e-01 8.540962e-02
6.288000e-01 8.526474e-02
6.290000e-01 8.512043e-02
6.292000e-01 8.497668e-02
6.294000e-01 8.483350e-02
6.296000e-01 8.469088e-02
6.298000e-01 8.454882e-02
6.300000e-01 8.440733e-02
6.302000e-01 8.426639e-02
6.304000e-01 8.412600e-02
6.306000e-01 8.398617e-02
6.308000e-01 8.384690e-02
6.310000e-01 8.370818e-02
6.312000e-01 8.357001e-02
6.314000e-01 8.343238e-02
6.316000e-01 8.329531e-02
6.318000e-01 8.315878e-02
6.320000e-01 8.302279e-02
6.322000e-01 8.288734e-02
6.324000e-01 8.274978e-02
6.326000e-01 8.258900e-02
6.328000e-01 8.242823e-02
6.330000e-01 8.226745e-02
6.332000e-01 8.210667e-02
6.334000e-01 8.194590e-02
6.336000e-01 8.178512e-02
6.338000e-01 8.162434e-02
6.340000e-01 8.146357e-02
6.342000e-01 8.130279e-02
6.344000e-01 8.114201e-02
6.346000e-01 8.098124e-02
6.348000e-01 8.082047e-02
6.350000e-01 8.065972e-02
6.352000e-01 8.049899e-02
6.354000e-01 8.033829e-02
6.356000e-01 8.017764e-02
6.358000e-01 8.001706e-02
6.360000e-01 7.985655e-02
6.362000e-01 7.969615e-02
6.364000e-01 7.953588e-02
6.366000e-01 7.937575e-02
6.368000e-01 7.921580e-02
6.370000e-01 7.905606e-02
6.372000e-01 7.889656e-02
6.374000e-01 7.873733e-02
6.376000e-01 7.857841e-02
6.378000e-01 7.841984e-02
6.380000e-01 7.826166e-02
6.382000e-01 7.810391e-02
6.384000e-01 7.794664e-02
6.386000e-01 7.778989e-02
6.388000e-01 7.763373e-02
6.390000e-01 7.747818e-02
6.392000e-01 7.732333e-02
6.394000e-01 7.716921e-02
6.396000e-01 7.701589e-02
6.398000e-01 7.686343e-02
6.400000e-01 7.671190e-02
