2.000090e-01 9.900000e-04
2.001090e-01 9.500000e-04
2.002090e-01 1.220000e-03
2.003090e-01 1.350000e-03
2.004090e-01 1.210000e-03
2.005090e-01 1.840000e-03
2.006090e-01 2.270000e-03
2.007090e-01 2.310000e-03
2.008090e-01 1.670000e-03
2.009090e-01 1.160000e-03
2.010090e-01 9.700000e-04
2.011090e-01 5.600000e-04
2.012090e-01 4.800000e-04
2.013090e-01 5.000000e-04
2.014090e-01 6.800000e-04
2.015090e-01 4.100000e-04
2.016090e-01 5.000000e-04
2.017090e-01 -2.600000e-04
2.018090e-01 -2.900000e-04
2.019090e-01 -8.500000e-04
2.020090e-01 -6.200000e-04
2.021090e-01 5.000000e-05
2.022090e-01 3.800000e-04
2.023090e-01 9.800000e-04
2.024090e-01 2.200000e-04
2.025090e-01 2.800000e-04
2.026090e-01 5.400000e-04
2.027090e-01 5.200000e-04
2.028090e-01 1.200000e-04
2.029090e-01 -9.100000e-04
2.030090e-01 -1.010000e-03
2.031090e-01 -9.300000e-04
2.032090e-01 -5.800000e-04
2.033090e-01 -7.900000e-04
2.034090e-01 -9.200000e-04
2.035090e-01 -1.640000e-03
2.036090e-01 -1.910000e-03
2.037090e-01 -2.250000e-03
2.038090e-01 -2.490000e-03
2.039090e-01 -2.680000e-03
2.040090e-01 -2.100000e-03
2.041090e-01 -1.510000e-03
2.042090e-01 -1.600000e-03
2.043090e-01 -2.060000e-03
2.044090e-01 -2.080000e-03
2.045090e-01 -1.670000e-03
2.046090e-01 -1.060000e-03
2.047090e-01 -2.900000e-04
2.048090e-01 2.100000e-04
2.049090e-01 1.900000e-04
2.050090e-01 -3.400000e-04
2.051090e-01 -6.200000e-04
2.052090e-01 -6.700000e-04
2.053090e-01 -7.100000e-04
2.054090e-01 -7.600000e-04
2.055090e-01 -1.000000e-03
2.056090e-01 -4.600000e-04
2.057090e-01 -1.000000e-05
2.058090e-01 1.600000e-04
2.059090e-01 -2.500000e-04
2.060090e-01 -4.500000e-04
2.061090e-01 1.000000e-05
2.062090e-01 2.600000e-04
2.063090e-01 7.500000e-04
2.064090e-01 6.900000e-04
2.065090e-01 1.440000e-03
2.066090e-01 2.080000e-03
2.067090e-01 2.440000e-03
2.068090e-01 2.140000e-03
2.069090e-01 2.250000e-03
2.070090e-01 2.240000e-03
2.071090e-01 2.520000e-03
2.072090e-01 1.960000e-03
2.073090e-01 2.010000e-03
2.074090e-01 2.170000e-03
2.075090e-01 2.650000e-03
2.076090e-01 2.940000e-03
2.077090e-01 2.460000e-03
2.078090e-01 2.390000e-03
2.079090e-01 2.390000e-03
2.080090e-01 2.570000e-03
2.081090e-01 2.340000e-03
2.082090e-01 2.150000e-03
2.083090e-01 1.870000e-03
2.084090e-01 1.570000e-03
2.085090e-01 1.480000e-03
2.086090e-01 2.020000e-03
2.087090e-01 2.190000e-03
2.088090e-01 2.370000e-03
2.089090e-01 2.080000e-03
2.090090e-01 2.300000e-03
2.091090e-01 1.970000e-03
2.092090e-01 2.070000e-03
2.093090e-01 1.320000e-03
2.094090e-01 9.700000e-04
2.095090e-01 9.500000e-04
2.096090e-01 1.400000e-03
2.097090e-01 1.980000e-03
2.098090e-01 1.720000e-03
2.099090e-01 1.490000e-03
2.100090e-01 1.080000e-03
2.101090e-01 7.700000e-04
2.102090e-01 1.220000e-03
2.103090e-01 1.700000e-03
2.104090e-01 1.470000e-03
2.105090e-01 6.500000e-04
2.106090e-01 -4.000000e-05
2.107090e-01 6.700000e-04
2.108090e-01 9.900000e-04
2.109090e-01 7.600000e-04
2.110090e-01 2.000000e-05
2.111090e-01 -3.100000e-04
2.112090e-01 -1.600000e-04
2.113090e-01 8.000000e-05
2.114090e-01 6.700000e-04
2.115090e-01 2.100000e-04
2.116090e-01 2.800000e-04
2.117090e-01 -3.700000e-04
2.118090e-01 0.000000e+00
2.119090e-01 -3.200000e-04
2.120090e-01 -3.700000e-04
2.121090e-01 -9.300000e-04
2.122090e-01 -9.100000e-04
2.123090e-01 -1.040000e-03
2.124090e-01 -7.400000e-04
2.125090e-01 -8.200000e-04
2.126090e-01 -6.700000e-04
2.127090e-01 -9.400000e-04
2.128090e-01 -1.580000e-03
2.129090e-01 -1.450000e-03
2.130090e-01 -1.540000e-03
2.131090e-01 -6.700000e-04
2.132090e-01 -1.280000e-03
2.133090e-01 -1.250000e-03
2.134090e-01 -1.400000e-03
2.135090e-01 -9.000000e-04
2.136090e-01 -4.700000e-04
2.137090e-01 -3.500000e-04
2.138090e-01 -4.500000e-04
2.139090e-01 8.000000e-05
2.140090e-01 -1.900000e-04
2.141090e-01 -1.100000e-04
2.142090e-01 9.000000e-05
2.143090e-01 3.300000e-04
2.144090e-01 3.800000e-04
2.145090e-01 -6.400000e-04
2.146090e-01 -4.000000e-04
2.147090e-01 3.200000e-04
2.148090e-01 8.200000e-04
2.149090e-01 5.000000e-04
2.150090e-01 -9.000000e-05
2.151090e-01 -1.600000e-04
2.152090e-01 -2.200000e-04
2.153090e-01 -2.200000e-04
2.154090e-01 1.500000e-04
2.155090e-01 5.800000e-04
2.156090e-01 5.000000e-04
2.157090e-01 2.200000e-04
2.158090e-01 -2.300000e-04
2.159090e-01 -2.200000e-04
2.160090e-01 -4.500000e-04
2.161090e-01 -7.000000e-05
2.162090e-01 -4.500000e-04
2.163090e-01 -4.700000e-04
2.164090e-01 -5.000000e-04
2.165090e-01 4.100000e-04
2.166090e-01 7.300000e-04
2.167090e-01 1.000000e-03
2.168090e-01 9.500000e-04
2.169090e-01 1.270000e-03
2.170090e-01 9.100000e-04
2.171090e-01 7.600000e-04
2.172090e-01 7.700000e-04
2.173090e-01 7.700000e-04
2.174090e-01 1.160000e-03
2.175090e-01 1.330000e-03
2.176090e-01 1.590000e-03
2.177090e-01 1.990000e-03
2.178090e-01 2.160000e-03
2.179090e-01 2.500000e-03
2.180090e-01 2.060000e-03
2.181090e-01 1.560000e-03
2.182090e-01 1.710000e-03
2.183090e-01 1.580000e-03
2.184090e-01 1.460000e-03
2.185090e-01 1.210000e-03
2.186090e-01 1.070000e-03
2.187090e-01 1.230000e-03
2.188090e-01 1.840000e-03
2.189090e-01 2.350000e-03
2.190090e-01 2.950000e-03
2.191090e-01 2.890000e-03
2.192090e-01 3.170000e-03
2.193090e-01 2.990000e-03
2.194090e-01 2.550000e-03
2.195090e-01 2.420000e-03
2.196090e-01 2.350000e-03
2.197090e-01 2.400000e-03
2.198090e-01 2.710000e-03
2.199090e-01 2.710000e-03
2.200090e-01 2.460000e-03
2.201090e-01 1.830000e-03
2.202090e-01 2.210000e-03
2.203090e-01 2.870000e-03
2.204090e-01 2.470000e-03
2.205090e-01 2.200000e-03
2.206090e-01 2.060000e-03
2.207090e-01 2.490000e-03
2.208090e-01 2.120000e-03
2.209090e-01 1.360000e-03
2.210090e-01 9.800000e-04
2.211090e-01 8.800000e-04
2.212090e-01 1.430000e-03
2.213090e-01 1.310000e-03
2.214090e-01 9.900000e-04
2.215090e-01 -6.000000e-05
2.216090e-01 -3.200000e-04
2.217090e-01 -4.800000e-04
2.218090e-01 -1.150000e-03
2.219090e-01 -1.620000e-03
2.220090e-01 -2.300000e-03
2.221090e-01 -2.310000e-03
2.222090e-01 -2.480000e-03
2.223090e-01 -2.500000e-03
2.224090e-01 -2.060000e-03
2.225090e-01 -2.140000e-03
2.226090e-01 -1.790000e-03
2.227090e-01 -1.960000e-03
2.228090e-01 -1.670000e-03
2.229090e-01 -1.840000e-03
2.230090e-01 -1.800000e-03
2.231090e-01 -1.840000e-03
2.232090e-01 -2.250000e-03
2.233090e-01 -2.630000e-03
2.234090e-01 -2.950000e-03
2.235090e-01 -2.840000e-03
2.236090e-01 -2.410000e-03
2.237090e-01 -2.110000e-03
2.238090e-01 -1.910000e-03
2.239090e-01 -1.810000e-03
2.240090e-01 -1.520000e-03
2.241090e-01 -1.190000e-03
2.242090e-01 -1.230000e-03
2.243090e-01 -9.000000e-04
2.244090e-01 -3.900000e-04
2.245090e-01 7.000000e-05
2.246090e-01 -1.700000e-04
2.247090e-01 -2.000000e-05
2.248090e-01 1.500000e-04
2.249090e-01 3.400000e-04
2.250090e-01 5.200000e-04
2.251090e-01 2.600000e-04
2.252090e-01 8.700000e-04
2.253090e-01 9.200000e-04
2.254090e-01 1.530000e-03
2.255090e-01 1.290000e-03
2.256090e-01 1.410000e-03
2.257090e-01 1.330000e-03
2.258090e-01 1.340000e-03
2.259090e-01 8.100000e-04
2.260090e-01 4.400000e-04
2.261090e-01 -2.700000e-04
2.262090e-01 -5.700000e-04
2.263090e-01 -8.500000e-04
2.264090e-01 -8.200000e-04
2.265090e-01 -1.080000e-03
2.266090e-01 -1.740000e-03
2.267090e-01 -2.040000e-03
2.268090e-01 -2.370000e-03
2.269090e-01 -2.360000e-03
2.270090e-01 -2.430000e-03
2.271090e-01 -2.380000e-03
2.272090e-01 -2.030000e-03
2.273090e-01 -2.440000e-03
2.274090e-01 -2.110000e-03
2.275090e-01 -2.280000e-03
2.276090e-01 -2.210000e-03
2.277090e-01 -2.870000e-03
2.278090e-01 -2.680000e-03
2.279090e-01 -1.870000e-03
2.280090e-01 -8.300000e-04
2.281090e-01 -8.000000e-04
2.282090e-01 -1.130000e-03
2.283090e-01 -1.250000e-03
2.284090e-01 -1.220000e-03
2.285090e-01 -1.270000e-03
2.286090e-01 -1.630000e-03
2.287090e-01 -1.550000e-03
2.288090e-01 -9.800000e-04
2.289090e-01 -3.100000e-04
2.290090e-01 -5.000000e-05
2.291090e-01 -2.300000e-04
2.292090e-01 2.300000e-04
2.293090e-01 7.700000e-04
2.294090e-01 1.080000e-03
2.295090e-01 7.200000e-04
2.296090e-01 2.200000e-04
2.297090e-01 7.300000e-04
2.298090e-01 1.120000e-03
2.299090e-01 1.170000e-03
2.300090e-01 8.300000e-04
2.301090e-01 7.800000e-04
2.302090e-01 1.320000e-03
2.303090e-01 9.300000e-04
2.304090e-01 5.800000e-04
2.305090e-01 7.100000e-04
2.306090e-01 1.300000e-03
2.307090e-01 1.510000e-03
2.308090e-01 1.100000e-03
2.309090e-01 7.800000e-04
2.310090e-01 9.700000e-04
2.311090e-01 7.100000e-04
2.312090e-01 2.900000e-04
2.313090e-01 7.000000e-05
2.314090e-01 2.400000e-04
2.315090e-01 6.900000e-04
2.316090e-01 1.060000e-03
2.317090e-01 1.270000e-03
2.318090e-01 1.410000e-03
2.319090e-01 8.700000e-04
2.320090e-01 7.400000e-04
2.321090e-01 3.000000e-04
2.322090e-01 6.100000e-04
2.323090e-01 5.200000e-04
2.324090e-01 1.500000e-03
2.325090e-01 1.390000e-03
2.326090e-01 1.500000e-03
2.327090e-01 1.080000e-03
2.328090e-01 7.200000e-04
2.329090e-01 6.600000e-04
2.330090e-01 1.120000e-03
2.331090e-01 1.600000e-03
2.332090e-01 1.760000e-03
2.333090e-01 1.410000e-03
2.334090e-01 1.800000e-03
2.335090e-01 1.730000e-03
2.336090e-01 1.440000e-03
2.337090e-01 1.110000e-03
2.338090e-01 1.270000e-03
2.339090e-01 1.250000e-03
2.340090e-01 1.310000e-03
2.341090e-01 1.120000e-03
2.342090e-01 5.000000e-04
2.343090e-01 5.000000e-05
2.344090e-01 2.900000e-04
2.345090e-01 3.900000e-04
2.346090e-01 9.000000e-05
2.347090e-01 -4.200000e-04
2.348090e-01 -1.300000e-04
2.349090e-01 -3.000000e-04
2.350090e-01 -1.400000e-04
2.351090e-01 -5.400000e-04
2.352090e-01 -1.600000e-04
2.353090e-01 -8.300000e-04
2.354090e-01 -9.000000e-04
2.355090e-01 -1.110000e-03
2.356090e-01 -6.200000e-04
2.357090e-01 -1.500000e-04
2.358090e-01 4.400000e-04
2.359090e-01 4.000000e-04
2.360090e-01 -9.000000e-05
2.361090e-01 -5.200000e-04
2.362090e-01 -6.400000e-04
2.363090e-01 -1.060000e-03
2.364090e-01 -1.490000e-03
2.365090e-01 -8.200000e-04
2.366090e-01 -2.800000e-04
2.367090e-01 -6.000000e-05
2.368090e-01 -6.000000e-04
2.369090e-01 -1.270000e-03
2.370090e-01 -1.480000e-03
2.371090e-01 -2.050000e-03
2.372090e-01 -1.260000e-03
2.373090e-01 -8.100000e-04
2.374090e-01 -4.000000e-05
2.375090e-01 4.600000e-04
2.376090e-01 1.000000e-03
2.377090e-01 8.700000e-04
2.378090e-01 8.800000e-04
2.379090e-01 8.700000e-04
2.380090e-01 1.420000e-03
2.381090e-01 1.090000e-03
2.382090e-01 3.800000e-04
2.383090e-01 2.900000e-04
2.384090e-01 8.600000e-04
2.385090e-01 1.470000e-03
2.386090e-01 1.860000e-03
2.387090e-01 1.790000e-03
2.388090e-01 1.840000e-03
2.389090e-01 1.650000e-03
2.390090e-01 1.060000e-03
2.391090e-01 7.500000e-04
2.392090e-01 -3.000000e-04
2.393090e-01 2.900000e-04
2.394090e-01 2.600000e-04
2.395090e-01 1.150000e-03
2.396090e-01 5.000000e-04
2.397090e-01 3.600000e-04
2.398090e-01 -3.100000e-04
2.399090e-01 -4.500000e-04
2.400090e-01 -7.800000e-04
2.401090e-01 -9.900000e-04
2.402090e-01 -1.140000e-03
2.403090e-01 -6.400000e-04
2.404090e-01 -1.500000e-04
2.405090e-01 -1.700000e-04
2.406090e-01 -7.800000e-04
2.407090e-01 -6.700000e-04
2.408090e-01 -5.500000e-04
2.409090e-01 -5.800000e-04
2.410090e-01 -1.390000e-03
2.411090e-01 -1.520000e-03
2.412090e-01 -1.680000e-03
2.413090e-01 -1.510000e-03
2.414090e-01 -1.570000e-03
2.415090e-01 -1.350000e-03
2.416090e-01 -1.390000e-03
2.417090e-01 -1.230000e-03
2.418090e-01 -6.700000e-04
2.419090e-01 -2.800000e-04
2.420090e-01 1.700000e-04
2.421090e-01 -7.000000e-05
2.422090e-01 4.700000e-04
2.423090e-01 4.400000e-04
2.424090e-01 6.100000e-04
2.425090e-01 4.800000e-04
2.426090e-01 7.100000e-04
2.427090e-01 7.600000e-04
2.428090e-01 5.900000e-04
2.429090e-01 9.000000e-05
2.430090e-01 9.000000e-04
2.431090e-01 1.060000e-03
2.432090e-01 1.640000e-03
2.433090e-01 1.080000e-03
2.434090e-01 1.460000e-03
2.435090e-01 1.290000e-03
2.436090e-01 1.650000e-03
2.437090e-01 2.190000e-03
2.438090e-01 2.880000e-03
2.439090e-01 2.750000e-03
2.440090e-01 2.170000e-03
2.441090e-01 1.600000e-03
2.442090e-01 1.040000e-03
2.443090e-01 7.700000e-04
2.444090e-01 8.500000e-04
2.445090e-01 1.560000e-03
2.446090e-01 1.780000e-03
2.447090e-01 1.520000e-03
2.448090e-01 9.500000e-04
2.449090e-01 1.100000e-04
2.450090e-01 -2.300000e-04
2.451090e-01 -4.500000e-04
2.452090e-01 -6.000000e-04
2.453090e-01 -6.800000e-04
2.454090e-01 -6.100000e-04
2.455090e-01 2.100000e-04
2.456090e-01 8.700000e-04
2.457090e-01 4.000000e-04
2.458090e-01 -1.400000e-04
2.459090e-01 -1.100000e-03
2.460090e-01 -7.100000e-04
2.461090e-01 -2.200000e-04
2.462090e-01 -8.000000e-05
2.463090e-01 2.100000e-04
2.464090e-01 -1.600000e-04
2.465090e-01 -6.000000e-05
2.466090e-01 -3.900000e-04
2.467090e-01 -8.000000e-05
2.468090e-01 6.000000e-05
2.469090e-01 6.300000e-04
2.470090e-01 3.800000e-04
2.471090e-01 8.000000e-04
2.472090e-01 2.000000e-04
2.473090e-01 1.900000e-04
2.474090e-01 1.200000e-04
2.475090e-01 6.500000e-04
2.476090e-01 7.900000e-04
2.477090e-01 4.100000e-04
2.478090e-01 -5.000000e-05
2.479090e-01 -4.700000e-04
2.480090e-01 -9.700000e-04
2.481090e-01 -2.010000e-03
2.482090e-01 -3.050000e-03
2.483090e-01 -3.080000e-03
2.484090e-01 -2.180000e-03
2.485090e-01 -1.500000e-03
2.486090e-01 -1.360000e-03
2.487090e-01 -1.730000e-03
2.488090e-01 -1.840000e-03
2.489090e-01 -2.000000e-03
2.490090e-01 -2.230000e-03
2.491090e-01 -2.270000e-03
2.492090e-01 -2.190000e-03
2.493090e-01 -1.930000e-03
2.494090e-01 -1.820000e-03
2.495090e-01 -2.110000e-03
2.496090e-01 -2.420000e-03
2.497090e-01 -2.240000e-03
2.498090e-01 -2.000000e-03
2.499090e-01 -2.150000e-03
2.500090e-01 -2.370000e-03
2.501090e-01 -1.910000e-03
2.502090e-01 -1.610000e-03
2.503090e-01 -1.510000e-03
2.504090e-01 -2.390000e-03
2.505090e-01 -2.400000e-03
2.506090e-01 -2.090000e-03
2.507090e-01 -1.380000e-03
2.508090e-01 -1.770000e-03
2.509090e-01 -1.810000e-03
2.510090e-01 -2.010000e-03
2.511090e-01 -1.790000e-03
2.512090e-01 -1.530000e-03
2.513090e-01 -1.050000e-03
2.514090e-01 2.400000e-04
2.515090e-01 7.900000e-04
2.516090e-01 9.000000e-04
2.517090e-01 1.200000e-04
2.518090e-01 -3.600000e-04
2.519090e-01 -5.000000e-04
2.520090e-01 2.000000e-05
2.521090e-01 -3.000000e-05
2.522090e-01 -1.000000e-04
2.523090e-01 -1.200000e-04
2.524090e-01 2.900000e-04
2.525090e-01 6.500000e-04
2.526090e-01 7.100000e-04
2.527090e-01 8.300000e-04
2.528090e-01 1.160000e-03
2.529090e-01 1.300000e-03
2.530090e-01 1.760000e-03
2.531090e-01 1.750000e-03
2.532090e-01 1.390000e-03
2.533090e-01 2.200000e-04
2.534090e-01 1.500000e-04
2.535090e-01 -1.200000e-04
2.536090e-01 2.100000e-04
2.537090e-01 2.000000e-05
2.538090e-01 1.100000e-04
2.539090e-01 4.800000e-04
2.540090e-01 -1.800000e-04
2.541090e-01 -3.000000e-04
2.542090e-01 -2.700000e-04
2.543090e-01 4.200000e-04
2.544090e-01 7.400000e-04
2.545090e-01 6.600000e-04
2.546090e-01 3.800000e-04
2.547090e-01 1.000000e-05
2.548090e-01 -2.500000e-04
2.549090e-01 -2.500000e-04
2.550090e-01 -6.500000e-04
2.551090e-01 -1.550000e-03
2.552090e-01 -2.030000e-03
2.553090e-01 -1.780000e-03
2.554090e-01 -1.860000e-03
2.555090e-01 -1.460000e-03
2.556090e-01 -1.890000e-03
2.557090e-01 -1.790000e-03
2.558090e-01 -2.380000e-03
2.559090e-01 -2.320000e-03
2.560090e-01 -2.500000e-03
2.561090e-01 -2.680000e-03
2.562090e-01 -2.850000e-03
2.563090e-01 -3.280000e-03
2.564090e-01 -3.320000e-03
2.565090e-01 -3.560000e-03
2.566090e-01 -3.440000e-03
2.567090e-01 -3.400000e-03
2.568090e-01 -3.250000e-03
2.569090e-01 -3.320000e-03
2.570090e-01 -3.180000e-03
2.571090e-01 -2.970000e-03
2.572090e-01 -3.010000e-03
2.573090e-01 -3.020000e-03
2.574090e-01 -2.610000e-03
2.575090e-01 -1.590000e-03
2.576090e-01 -1.490000e-03
2.577090e-01 -2.160000e-03
2.578090e-01 -2.700000e-03
2.579090e-01 -2.610000e-03
2.580090e-01 -2.210000e-03
2.581090e-01 -1.580000e-03
2.582090e-01 -1.370000e-03
2.583090e-01 -1.360000e-03
2.584090e-01 -1.210000e-03
2.585090e-01 -1.120000e-03
2.586090e-01 -1.360000e-03
2.587090e-01 -1.950000e-03
2.588090e-01 -2.580000e-03
2.589090e-01 -1.730000e-03
2.590090e-01 -1.170000e-03
2.591090e-01 2.400000e-04
2.592090e-01 -9.000000e-05
2.593090e-01 -3.700000e-04
2.594090e-01 -1.390000e-03
2.595090e-01 -1.760000e-03
2.596090e-01 -1.880000e-03
2.597090e-01 -1.620000e-03
2.598090e-01 -1.620000e-03
2.599090e-01 -1.540000e-03
2.600090e-01 -1.740000e-03
2.601090e-01 -1.670000e-03
2.602090e-01 -1.410000e-03
2.603090e-01 -1.530000e-03
2.604090e-01 -1.350000e-03
2.605090e-01 -1.060000e-03
2.606090e-01 -7.500000e-04
2.607090e-01 -1.020000e-03
2.608090e-01 -1.620000e-03
2.609090e-01 -1.910000e-03
2.610090e-01 -1.600000e-03
2.611090e-01 -1.400000e-03
2.612090e-01 -6.900000e-04
2.613090e-01 -6.800000e-04
2.614090e-01 -3.000000e-04
2.615090e-01 -2.700000e-04
2.616090e-01 3.400000e-04
2.617090e-01 9.700000e-04
2.618090e-01 1.280000e-03
2.619090e-01 1.210000e-03
2.620090e-01 6.500000e-04
2.621090e-01 4.600000e-04
2.622090e-01 4.900000e-04
2.623090e-01 6.900000e-04
2.624090e-01 8.400000e-04
2.625090e-01 5.200000e-04
2.626090e-01 5.700000e-04
2.627090e-01 1.020000e-03
2.628090e-01 1.400000e-03
2.629090e-01 1.290000e-03
2.630090e-01 1.150000e-03
2.631090e-01 1.500000e-03
2.632090e-01 1.800000e-03
2.633090e-01 1.550000e-03
2.634090e-01 1.670000e-03
2.635090e-01 1.520000e-03
2.636090e-01 7.900000e-04
2.637090e-01 5.200000e-04
2.638090e-01 8.200000e-04
2.639090e-01 2.090000e-03
2.640090e-01 2.570000e-03
2.641090e-01 2.260000e-03
2.642090e-01 1.820000e-03
2.643090e-01 1.730000e-03
2.644090e-01 1.990000e-03
2.645090e-01 1.770000e-03
2.646090e-01 1.620000e-03
2.647090e-01 1.770000e-03
2.648090e-01 2.360000e-03
2.649090e-01 2.360000e-03
2.650090e-01 2.100000e-03
2.651090e-01 1.370000e-03
2.652090e-01 1.570000e-03
2.653090e-01 1.590000e-03
2.654090e-01 2.150000e-03
2.655090e-01 1.810000e-03
2.656090e-01 1.540000e-03
2.657090e-01 1.330000e-03
2.658090e-01 1.220000e-03
2.659090e-01 1.260000e-03
2.660090e-01 8.100000e-04
2.661090e-01 4.000000e-04
2.662090e-01 3.400000e-04
2.663090e-01 7.700000e-04
2.664090e-01 7.200000e-04
2.665090e-01 4.800000e-04
2.666090e-01 -3.500000e-04
2.667090e-01 -6.400000e-04
2.668090e-01 -1.150000e-03
2.669090e-01 -1.100000e-03
2.670090e-01 -9.000000e-05
2.671090e-01 3.000000e-04
2.672090e-01 -7.000000e-05
2.673090e-01 -1.020000e-03
2.674090e-01 -1.140000e-03
2.675090e-01 -6.900000e-04
2.676090e-01 -9.500000e-04
2.677090e-01 -1.330000e-03
2.678090e-01 -1.560000e-03
2.679090e-01 -1.470000e-03
2.680090e-01 -1.070000e-03
2.681090e-01 -1.070000e-03
2.682090e-01 -1.490000e-03
2.683090e-01 -1.580000e-03
2.684090e-01 -1.120000e-03
2.685090e-01 -8.000000e-04
2.686090e-01 -6.500000e-04
2.687090e-01 -4.800000e-04
2.688090e-01 2.000000e-05
2.689090e-01 -3.000000e-05
2.690090e-01 1.000000e-05
2.691090e-01 -8.000000e-05
2.692090e-01 8.000000e-05
2.693090e-01 -3.600000e-04
2.694090e-01 -3.200000e-04
2.695090e-01 -4.200000e-04
2.696090e-01 -4.800000e-04
2.697090e-01 -6.600000e-04
2.698090e-01 -6.200000e-04
2.699090e-01 -5.700000e-04
2.700090e-01 -5.200000e-04
2.701090e-01 -1.120000e-03
2.702090e-01 -1.010000e-03
2.703090e-01 -7.600000e-04
2.704090e-01 1.100000e-04
2.705090e-01 -2.400000e-04
2.706090e-01 -3.700000e-04
2.707090e-01 -9.800000e-04
2.708090e-01 -1.290000e-03
2.709090e-01 -1.310000e-03
2.710090e-01 -8.500000e-04
2.711090e-01 -2.000000e-05
2.712090e-01 9.000000e-05
2.713090e-01 -2.000000e-05
2.714090e-01 -1.100000e-04
2.715090e-01 1.100000e-04
2.716090e-01 1.100000e-04
2.717090e-01 2.400000e-04
2.718090e-01 -8.000000e-05
2.719090e-01 1.500000e-04
2.720090e-01 3.100000e-04
2.721090e-01 9.300000e-04
2.722090e-01 5.200000e-04
2.723090e-01 3.700000e-04
2.724090e-01 -1.000000e-04
2.725090e-01 4.500000e-04
2.726090e-01 1.010000e-03
2.727090e-01 1.350000e-03
2.728090e-01 1.180000e-03
2.729090e-01 1.090000e-03
2.730090e-01 6.300000e-04
2.731090e-01 2.900000e-04
2.732090e-01 2.400000e-04
2.733090e-01 8.300000e-04
2.734090e-01 1.500000e-03
2.735090e-01 1.000000e-03
2.736090e-01 6.800000e-04
2.737090e-01 4.100000e-04
2.738090e-01 7.600000e-04
2.739090e-01 1.160000e-03
2.740090e-01 1.360000e-03
2.741090e-01 1.380000e-03
2.742090e-01 1.480000e-03
2.743090e-01 1.670000e-03
2.744090e-01 1.850000e-03
2.745090e-01 1.540000e-03
2.746090e-01 1.030000e-03
2.747090e-01 8.900000e-04
2.748090e-01 6.800000e-04
2.749090e-01 1.010000e-03
2.750090e-01 2.010000e-03
2.751090e-01 2.710000e-03
2.752090e-01 2.740000e-03
2.753090e-01 1.560000e-03
2.754090e-01 1.480000e-03
2.755090e-01 1.600000e-03
2.756090e-01 1.890000e-03
2.757090e-01 1.540000e-03
2.758090e-01 1.490000e-03
2.759090e-01 1.000000e-03
2.760090e-01 3.800000e-04
2.761090e-01 5.000000e-05
2.762090e-01 3.100000e-04
2.763090e-01 5.100000e-04
2.764090e-01 9.600000e-04
2.765090e-01 5.700000e-04
2.766090e-01 6.000000e-04
2.767090e-01 -2.000000e-05
2.768090e-01 -1.100000e-04
2.769090e-01 1.100000e-04
2.770090e-01 -2.700000e-04
2.771090e-01 -2.000000e-05
2.772090e-01 1.800000e-04
2.773090e-01 9.300000e-04
2.774090e-01 1.220000e-03
2.775090e-01 7.000000e-04
2.776090e-01 4.400000e-04
2.777090e-01 2.700000e-04
2.778090e-01 1.160000e-03
2.779090e-01 1.540000e-03
2.780090e-01 1.160000e-03
2.781090e-01 5.400000e-04
2.782090e-01 7.700000e-04
2.783090e-01 1.380000e-03
2.784090e-01 1.890000e-03
2.785090e-01 1.530000e-03
2.786090e-01 1.510000e-03
2.787090e-01 1.470000e-03
2.788090e-01 1.320000e-03
2.789090e-01 7.700000e-04
2.790090e-01 1.300000e-04
2.791090e-01 0.000000e+00
2.792090e-01 3.900000e-04
2.793090e-01 4.600000e-04
2.794090e-01 9.800000e-04
2.795090e-01 1.090000e-03
2.796090e-01 1.390000e-03
2.797090e-01 7.000000e-04
2.798090e-01 7.000000e-04
2.799090e-01 1.150000e-03
2.800090e-01 1.080000e-03
2.801090e-01 5.100000e-04
2.802090e-01 -6.500000e-04
2.803090e-01 -7.500000e-04
2.804090e-01 -9.800000e-04
2.805090e-01 -1.090000e-03
2.806090e-01 -1.350000e-03
2.807090e-01 -1.620000e-03
2.808090e-01 -1.720000e-03
2.809090e-01 -1.380000e-03
2.810090e-01 -8.800000e-04
2.811090e-01 -1.300000e-04
2.812090e-01 -5.200000e-04
2.813090e-01 -9.800000e-04
2.814090e-01 -1.560000e-03
2.815090e-01 -1.940000e-03
2.816090e-01 -1.170000e-03
2.817090e-01 -9.900000e-04
2.818090e-01 -5.300000e-04
2.819090e-01 -1.050000e-03
2.820090e-01 -1.200000e-03
2.821090e-01 -1.170000e-03
2.822090e-01 -5.500000e-04
2.823090e-01 -5.400000e-04
2.824090e-01 3.000000e-05
2.825090e-01 -2.400000e-04
2.826090e-01 2.100000e-04
2.827090e-01 5.800000e-04
2.828090e-01 7.600000e-04
2.829090e-01 7.300000e-04
2.830090e-01 4.200000e-04
2.831090e-01 6.200000e-04
2.832090e-01 7.100000e-04
2.833090e-01 8.200000e-04
2.834090e-01 4.100000e-04
2.835090e-01 6.400000e-04
2.836090e-01 7.200000e-04
2.837090e-01 1.030000e-03
2.838090e-01 1.240000e-03
2.839090e-01 3.700000e-04
2.840090e-01 -5.000000e-05
2.841090e-01 -8.400000e-04
2.842090e-01 -2.300000e-04
2.843090e-01 2.200000e-04
2.844090e-01 7.400000e-04
2.845090e-01 1.300000e-03
2.846090e-01 8.600000e-04
2.847090e-01 7.200000e-04
2.848090e-01 -2.100000e-04
2.849090e-01 -1.500000e-04
2.850090e-01 8.000000e-05
2.851090e-01 9.000000e-04
2.852090e-01 1.010000e-03
2.853090e-01 7.400000e-04
2.854090e-01 -1.000000e-05
2.855090e-01 3.000000e-04
2.856090e-01 -2.600000e-04
2.857090e-01 -6.000000e-04
2.858090e-01 -1.110000e-03
2.859090e-01 -5.200000e-04
2.860090e-01 -4.500000e-04
2.861090e-01 -4.500000e-04
2.862090e-01 -1.030000e-03
2.863090e-01 -3.000000e-04
2.864090e-01 -8.000000e-05
2.865090e-01 -2.000000e-05
2.866090e-01 -8.600000e-04
2.867090e-01 -1.330000e-03
2.868090e-01 -1.360000e-03
2.869090e-01 -1.490000e-03
2.870090e-01 -1.350000e-03
2.871090e-01 -1.240000e-03
2.872090e-01 -8.800000e-04
2.873090e-01 -5.900000e-04
2.874090e-01 -8.400000e-04
2.875090e-01 -1.010000e-03
2.876090e-01 -1.470000e-03
2.877090e-01 -1.080000e-03
2.878090e-01 -6.100000e-04
2.879090e-01 -9.400000e-04
2.880090e-01 -1.370000e-03
2.881090e-01 -1.770000e-03
2.882090e-01 -1.460000e-03
2.883090e-01 -7.800000e-04
2.884090e-01 -5.000000e-04
2.885090e-01 -3.300000e-04
2.886090e-01 -4.600000e-04
2.887090e-01 -1.110000e-03
2.888090e-01 -9.400000e-04
2.889090e-01 -1.180000e-03
2.890090e-01 -6.400000e-04
2.891090e-01 -5.600000e-04
2.892090e-01 9.000000e-05
2.893090e-01 6.600000e-04
2.894090e-01 1.570000e-03
2.895090e-01 1.890000e-03
2.896090e-01 1.450000e-03
2.897090e-01 1.370000e-03
2.898090e-01 1.290000e-03
2.899090e-01 1.960000e-03
2.900090e-01 1.820000e-03
2.901090e-01 1.570000e-03
2.902090e-01 1.670000e-03
2.903090e-01 1.310000e-03
2.904090e-01 1.670000e-03
2.905090e-01 1.570000e-03
2.906090e-01 1.930000e-03
2.907090e-01 1.960000e-03
2.908090e-01 2.130000e-03
2.909090e-01 2.140000e-03
2.910090e-01 1.390000e-03
2.911090e-01 1.130000e-03
2.912090e-01 5.700000e-04
2.913090e-01 4.900000e-04
2.914090e-01 2.200000e-04
2.915090e-01 2.600000e-04
2.916090e-01 2.000000e-04
2.917090e-01 -2.600000e-04
2.918090e-01 -5.900000e-04
2.919090e-01 -8.800000e-04
2.920090e-01 -9.200000e-04
2.921090e-01 -1.440000e-03
2.922090e-01 -1.500000e-03
2.923090e-01 -1.450000e-03
2.924090e-01 -1.120000e-03
2.925090e-01 -1.190000e-03
2.926090e-01 -8.200000e-04
2.927090e-01 -8.800000e-04
2.928090e-01 -1.080000e-03
2.929090e-01 -2.060000e-03
2.930090e-01 -2.410000e-03
2.931090e-01 -2.640000e-03
2.932090e-01 -2.000000e-03
2.933090e-01 -9.400000e-04
2.934090e-01 -4.900000e-04
2.935090e-01 -1.250000e-03
2.936090e-01 -1.890000e-03
2.937090e-01 -1.850000e-03
2.938090e-01 -1.090000e-03
2.939090e-01 -1.040000e-03
2.940090e-01 -1.410000e-03
2.941090e-01 -1.570000e-03
2.942090e-01 -1.770000e-03
2.943090e-01 -1.450000e-03
2.944090e-01 -1.230000e-03
2.945090e-01 -8.800000e-04
2.946090e-01 -8.100000e-04
2.947090e-01 -7.200000e-04
2.948090e-01 -9.500000e-04
2.949090e-01 -8.900000e-04
2.950090e-01 -1.130000e-03
2.951090e-01 -9.300000e-04
2.952090e-01 -9.300000e-04
2.953090e-01 -5.400000e-04
2.954090e-01 -8.000000e-05
2.955090e-01 6.000000e-04
2.956090e-01 1.170000e-03
2.957090e-01 1.050000e-03
2.958090e-01 5.600000e-04
2.959090e-01 -3.800000e-04
2.960090e-01 -2.200000e-04
2.961090e-01 -3.000000e-05
2.962090e-01 6.000000e-05
2.963090e-01 -5.700000e-04
2.964090e-01 -1.000000e-03
2.965090e-01 -2.700000e-04
2.966090e-01 4.000000e-05
2.967090e-01 5.100000e-04
2.968090e-01 2.500000e-04
2.969090e-01 4.000000e-04
2.970090e-01 5.000000e-05
2.971090e-01 -1.000000e-05
2.972090e-01 2.000000e-05
2.973090e-01 -1.600000e-04
2.974090e-01 -4.900000e-04
2.975090e-01 -7.000000e-05
2.976090e-01 4.100000e-04
2.977090e-01 -3.000000e-05
2.978090e-01 -3.800000e-04
2.979090e-01 -3.000000e-04
2.980090e-01 0.000000e+00
2.981090e-01 -6.300000e-04
2.982090e-01 -1.220000e-03
2.983090e-01 -9.000000e-04
2.984090e-01 -3.100000e-04
2.985090e-01 1.300000e-04
2.986090e-01 2.800000e-04
2.987090e-01 -2.500000e-04
2.988090e-01 -8.100000e-04
2.989090e-01 -1.090000e-03
2.990090e-01 -4.100000e-04
2.991090e-01 2.100000e-04
2.992090e-01 8.700000e-04
2.993090e-01 5.800000e-04
2.994090e-01 4.000000e-04
2.995090e-01 1.900000e-04
2.996090e-01 5.800000e-04
2.997090e-01 7.200000e-04
2.998090e-01 6.500000e-04
2.999090e-01 -7.000000e-05
3.000090e-01 -2.600000e-04
3.001090e-01 1.700000e-04
3.002090e-01 9.000000e-04
3.003090e-01 1.430000e-03
3.004090e-01 8.700000e-04
3.005090e-01 1.000000e-03
3.006090e-01 8.600000e-04
3.007090e-01 8.200000e-04
3.008090e-01 4.500000e-04
3.009090e-01 1.400000e-04
3.010090e-01 2.800000e-04
3.011090e-01 4.400000e-04
3.012090e-01 9.600000e-04
3.013090e-01 9.500000e-04
3.014090e-01 9.700000e-04
3.015090e-01 5.100000e-04
3.016090e-01 6.000000e-05
3.017090e-01 -3.800000e-04
3.018090e-01 -2.200000e-04
3.019090e-01 3.200000e-04
3.020090e-01 8.700000e-04
3.021090e-01 1.290000e-03
3.022090e-01 1.460000e-03
3.023090e-01 1.290000e-03
3.024090e-01 6.300000e-04
3.025090e-01 6.300000e-04
3.026090e-01 6.400000e-04
3.027090e-01 8.700000e-04
3.028090e-01 4.000000e-04
3.029090e-01 3.400000e-04
3.030090e-01 4.400000e-04
3.031090e-01 9.100000e-04
3.032090e-01 1.430000e-03
3.033090e-01 1.670000e-03
3.034090e-01 1.930000e-03
3.035090e-01 1.600000e-03
3.036090e-01 1.770000e-03
3.037090e-01 1.110000e-03
3.038090e-01 8.800000e-04
3.039090e-01 3.600000e-04
3.040090e-01 1.100000e-04
3.041090e-01 4.700000e-04
3.042090e-01 9.600000e-04
3.043090e-01 1.420000e-03
3.044090e-01 1.720000e-03
3.045090e-01 1.600000e-03
3.046090e-01 1.900000e-03
3.047090e-01 1.120000e-03
3.048090e-01 3.600000e-04
3.049090e-01 -4.000000e-05
3.050090e-01 -8.000000e-05
3.051090e-01 1.200000e-04
3.052090e-01 -2.500000e-04
3.053090e-01 -8.000000e-05
3.054090e-01 -1.100000e-04
3.055090e-01 2.100000e-04
3.056090e-01 1.600000e-04
3.057090e-01 2.200000e-04
3.058090e-01 3.100000e-04
3.059090e-01 6.000000e-05
3.060090e-01 2.000000e-04
3.061090e-01 3.400000e-04
3.062090e-01 1.070000e-03
3.063090e-01 9.300000e-04
3.064090e-01 5.700000e-04
3.065090e-01 1.000000e-04
3.066090e-01 5.000000e-05
3.067090e-01 1.300000e-04
3.068090e-01 2.500000e-04
3.069090e-01 1.100000e-04
3.070090e-01 3.000000e-05
3.071090e-01 -6.700000e-04
3.072090e-01 -7.000000e-04
3.073090e-01 -6.500000e-04
3.074090e-01 6.000000e-05
3.075090e-01 3.200000e-04
3.076090e-01 6.100000e-04
3.077090e-01 8.000000e-04
3.078090e-01 8.000000e-04
3.079090e-01 2.900000e-04
3.080090e-01 -1.900000e-04
3.081090e-01 -7.800000e-04
3.082090e-01 -9.600000e-04
3.083090e-01 -1.110000e-03
3.084090e-01 -5.200000e-04
3.085090e-01 -2.300000e-04
3.086090e-01 0.000000e+00
3.087090e-01 -5.600000e-04
3.088090e-01 -5.200000e-04
3.089090e-01 -7.900000e-04
3.090090e-01 -6.800000e-04
3.091090e-01 -5.200000e-04
3.092090e-01 -8.900000e-04
3.093090e-01 -8.500000e-04
3.094090e-01 -1.160000e-03
3.095090e-01 -5.500000e-04
3.096090e-01 -4.300000e-04
3.097090e-01 -4.500000e-04
3.098090e-01 -4.000000e-04
3.099090e-01 8.000000e-05
3.100090e-01 -2.200000e-04
3.101090e-01 -4.300000e-04
3.102090e-01 -4.400000e-04
3.103090e-01 -2.000000e-05
3.104090e-01 1.400000e-04
3.105090e-01 -3.800000e-04
3.106090e-01 -4.300000e-04
3.107090e-01 -4.700000e-04
3.108090e-01 -5.200000e-04
3.109090e-01 -5.500000e-04
3.110090e-01 -5.000000e-04
3.111090e-01 3.600000e-04
3.112090e-01 -6.000000e-05
3.113090e-01 3.000000e-05
3.114090e-01 -5.000000e-04
3.115090e-01 -1.000000e-05
3.116090e-01 -1.300000e-04
3.117090e-01 -1.600000e-04
3.118090e-01 1.300000e-04
3.119090e-01 3.900000e-04
3.120090e-01 -1.300000e-04
3.121090e-01 -5.000000e-04
3.122090e-01 -5.000000e-04
3.123090e-01 2.400000e-04
3.124090e-01 5.600000e-04
3.125090e-01 2.800000e-04
3.126090e-01 -2.800000e-04
3.127090e-01 -4.300000e-04
3.128090e-01 -9.200000e-04
3.129090e-01 -5.400000e-04
3.130090e-01 -9.500000e-04
3.131090e-01 -8.900000e-04
3.132090e-01 -1.570000e-03
3.133090e-01 -2.190000e-03
3.134090e-01 -1.680000e-03
3.135090e-01 -1.600000e-03
3.136090e-01 -1.180000e-03
3.137090e-01 -1.800000e-03
3.138090e-01 -1.430000e-03
3.139090e-01 -1.020000e-03
3.140090e-01 -4.800000e-04
3.141090e-01 -5.500000e-04
3.142090e-01 -4.600000e-04
3.143090e-01 -3.900000e-04
3.144090e-01 -1.700000e-04
3.145090e-01 -6.100000e-04
3.146090e-01 -8.900000e-04
3.147090e-01 -1.050000e-03
3.148090e-01 -1.170000e-03
3.149090e-01 -1.020000e-03
3.150090e-01 -7.700000e-04
3.151090e-01 -4.500000e-04
3.152090e-01 -5.000000e-04
3.153090e-01 -6.000000e-04
3.154090e-01 -3.300000e-04
3.155090e-01 -5.300000e-04
3.156090e-01 -3.500000e-04
3.157090e-01 -4.300000e-04
3.158090e-01 0.000000e+00
3.159090e-01 -3.900000e-04
3.160090e-01 -4.600000e-04
3.161090e-01 -9.900000e-04
3.162090e-01 -7.800000e-04
3.163090e-01 -5.900000e-04
3.164090e-01 -3.200000e-04
3.165090e-01 -1.800000e-04
3.166090e-01 -1.100000e-04
3.167090e-01 -1.400000e-04
3.168090e-01 -6.000000e-04
3.169090e-01 -1.230000e-03
3.170090e-01 -8.900000e-04
3.171090e-01 -6.100000e-04
3.172090e-01 -5.800000e-04
3.173090e-01 -1.000000e-03
3.174090e-01 -1.180000e-03
3.175090e-01 -7.000000e-04
3.176090e-01 -8.900000e-04
3.177090e-01 -1.120000e-03
3.178090e-01 -1.950000e-03
3.179090e-01 -2.140000e-03
3.180090e-01 -1.490000e-03
3.181090e-01 -1.090000e-03
3.182090e-01 -1.170000e-03
3.183090e-01 -1.680000e-03
3.184090e-01 -2.010000e-03
3.185090e-01 -1.940000e-03
3.186090e-01 -1.570000e-03
3.187090e-01 -1.180000e-03
3.188090e-01 -2.600000e-04
3.189090e-01 -6.600000e-04
3.190090e-01 -3.100000e-04
3.191090e-01 -9.700000e-04
3.192090e-01 -9.600000e-04
3.193090e-01 -1.400000e-03
3.194090e-01 -1.080000e-03
3.195090e-01 -1.120000e-03
3.196090e-01 -1.140000e-03
3.197090e-01 -9.700000e-04
3.198090e-01 -9.800000e-04
3.199090e-01 -1.030000e-03
3.200090e-01 -8.700000e-04
3.201090e-01 -8.400000e-04
3.202090e-01 -4.400000e-04
3.203090e-01 -3.900000e-04
3.204090e-01 -6.000000e-04
3.205090e-01 -8.300000e-04
3.206090e-01 -1.180000e-03
3.207090e-01 -9.200000e-04
3.208090e-01 -1.180000e-03
3.209090e-01 -1.540000e-03
3.210090e-01 -1.660000e-03
3.211090e-01 -1.550000e-03
3.212090e-01 -1.620000e-03
3.213090e-01 -1.630000e-03
3.214090e-01 -1.920000e-03
3.215090e-01 -1.740000e-03
3.216090e-01 -1.550000e-03
3.217090e-01 -9.900000e-04
3.218090e-01 -8.600000e-04
3.219090e-01 -8.600000e-04
3.220090e-01 -8.900000e-04
3.221090e-01 -9.400000e-04
3.222090e-01 -9.400000e-04
3.223090e-01 -1.140000e-03
3.224090e-01 -1.350000e-03
3.225090e-01 -1.630000e-03
3.226090e-01 -1.630000e-03
3.227090e-01 -1.120000e-03
3.228090e-01 -3.200000e-04
3.229090e-01 -2.300000e-04
3.230090e-01 -1.300000e-04
3.231090e-01 -2.300000e-04
3.232090e-01 -4.800000e-04
3.233090e-01 -1.020000e-03
3.234090e-01 -1.870000e-03
3.235090e-01 -1.810000e-03
3.236090e-01 -1.280000e-03
3.237090e-01 -4.000000e-04
3.238090e-01 -1.200000e-04
3.239090e-01 -8.700000e-04
3.240090e-01 -1.520000e-03
3.241090e-01 -2.230000e-03
3.242090e-01 -1.760000e-03
3.243090e-01 -1.490000e-03
3.244090e-01 -1.130000e-03
3.245090e-01 -1.160000e-03
3.246090e-01 -1.020000e-03
3.247090e-01 -5.300000e-04
3.248090e-01 -7.000000e-04
3.249090e-01 -3.400000e-04
3.250090e-01 -2.300000e-04
3.251090e-01 3.200000e-04
3.252090e-01 1.000000e-05
3.253090e-01 2.900000e-04
3.254090e-01 4.700000e-04
3.255090e-01 1.100000e-03
3.256090e-01 1.340000e-03
3.257090e-01 1.560000e-03
3.258090e-01 1.780000e-03
3.259090e-01 1.750000e-03
3.260090e-01 1.360000e-03
3.261090e-01 1.060000e-03
3.262090e-01 1.380000e-03
3.263090e-01 1.710000e-03
3.264090e-01 2.290000e-03
3.265090e-01 2.640000e-03
3.266090e-01 2.090000e-03
3.267090e-01 1.500000e-03
3.268090e-01 1.140000e-03
3.269090e-01 1.780000e-03
3.270090e-01 1.250000e-03
3.271090e-01 6.900000e-04
3.272090e-01 6.500000e-04
3.273090e-01 9.400000e-04
3.274090e-01 8.700000e-04
3.275090e-01 4.400000e-04
3.276090e-01 3.400000e-04
3.277090e-01 9.300000e-04
3.278090e-01 1.750000e-03
3.279090e-01 2.030000e-03
3.280090e-01 1.780000e-03
3.281090e-01 1.080000e-03
3.282090e-01 1.070000e-03
3.283090e-01 5.700000e-04
3.284090e-01 3.700000e-04
3.285090e-01 4.000000e-04
3.286090e-01 1.170000e-03
3.287090e-01 1.620000e-03
3.288090e-01 1.890000e-03
3.289090e-01 1.700000e-03
3.290090e-01 2.520000e-03
3.291090e-01 3.170000e-03
3.292090e-01 3.720000e-03
3.293090e-01 3.710000e-03
3.294090e-01 2.960000e-03
3.295090e-01 2.660000e-03
3.296090e-01 2.360000e-03
3.297090e-01 2.610000e-03
3.298090e-01 3.060000e-03
3.299090e-01 2.630000e-03
3.300090e-01 2.520000e-03
3.301090e-01 1.800000e-03
3.302090e-01 2.350000e-03
3.303090e-01 1.950000e-03
3.304090e-01 1.940000e-03
3.305090e-01 1.610000e-03
3.306090e-01 1.590000e-03
3.307090e-01 1.830000e-03
3.308090e-01 1.340000e-03
3.309090e-01 1.760000e-03
3.310090e-01 1.590000e-03
3.311090e-01 1.410000e-03
3.312090e-01 3.300000e-04
3.313090e-01 -2.100000e-04
3.314090e-01 -1.200000e-04
3.315090e-01 4.000000e-04
3.316090e-01 7.700000e-04
3.317090e-01 6.800000e-04
3.318090e-01 6.300000e-04
3.319090e-01 4.000000e-04
3.320090e-01 4.500000e-04
3.321090e-01 5.000000e-05
3.322090e-01 -4.500000e-04
3.323090e-01 -1.070000e-03
3.324090e-01 -1.170000e-03
3.325090e-01 -1.710000e-03
3.326090e-01 -1.320000e-03
3.327090e-01 -8.300000e-04
3.328090e-01 -8.000000e-05
3.329090e-01 1.000000e-05
3.330090e-01 -4.900000e-04
3.331090e-01 -3.200000e-04
3.332090e-01 -7.000000e-04
3.333090e-01 -1.500000e-04
3.334090e-01 -8.900000e-04
3.335090e-01 -6.900000e-04
3.336090e-01 -1.000000e-03
3.337090e-01 -1.040000e-03
3.338090e-01 -1.350000e-03
3.339090e-01 -1.650000e-03
3.340090e-01 -1.310000e-03
3.341090e-01 -9.100000e-04
3.342090e-01 -8.100000e-04
3.343090e-01 -8.500000e-04
3.344090e-01 -1.170000e-03
3.345090e-01 -1.650000e-03
3.346090e-01 -1.840000e-03
3.347090e-01 -1.570000e-03
3.348090e-01 -1.460000e-03
3.349090e-01 -1.060000e-03
3.350090e-01 -1.840000e-03
3.351090e-01 -1.760000e-03
3.352090e-01 -1.930000e-03
3.353090e-01 -1.340000e-03
3.354090e-01 -5.000000e-04
3.355090e-01 -9.100000e-04
3.356090e-01 -1.340000e-03
3.357090e-01 -1.680000e-03
3.358090e-01 -1.370000e-03
3.359090e-01 -7.700000e-04
3.360090e-01 -6.900000e-04
3.361090e-01 -4.800000e-04
3.362090e-01 -5.600000e-04
3.363090e-01 -7.100000e-04
3.364090e-01 -1.600000e-04
3.365090e-01 2.800000e-04
3.366090e-01 7.700000e-04
3.367090e-01 5.100000e-04
3.368090e-01 2.500000e-04
3.369090e-01 7.700000e-04
3.370090e-01 1.120000e-03
3.371090e-01 1.260000e-03
3.372090e-01 1.180000e-03
3.373090e-01 1.110000e-03
3.374090e-01 1.210000e-03
3.375090e-01 1.170000e-03
3.376090e-01 1.000000e-03
3.377090e-01 6.800000e-04
3.378090e-01 6.100000e-04
3.379090e-01 1.450000e-03
3.380090e-01 2.380000e-03
3.381090e-01 2.860000e-03
3.382090e-01 2.550000e-03
3.383090e-01 2.270000e-03
3.384090e-01 2.150000e-03
3.385090e-01 2.410000e-03
3.386090e-01 2.270000e-03
3.387090e-01 2.350000e-03
3.388090e-01 2.720000e-03
3.389090e-01 2.570000e-03
3.390090e-01 2.360000e-03
3.391090e-01 1.560000e-03
3.392090e-01 1.870000e-03
3.393090e-01 1.780000e-03
3.394090e-01 2.480000e-03
3.395090e-01 2.290000e-03
3.396090e-01 2.460000e-03
3.397090e-01 1.970000e-03
3.398090e-01 2.110000e-03
3.399090e-01 1.780000e-03
3.400090e-01 1.250000e-03
3.401090e-01 8.100000e-04
3.402090e-01 8.300000e-04
3.403090e-01 8.800000e-04
3.404090e-01 1.160000e-03
3.405090e-01 1.340000e-03
3.406090e-01 1.540000e-03
3.407090e-01 1.520000e-03
3.408090e-01 1.680000e-03
3.409090e-01 2.180000e-03
3.410090e-01 2.620000e-03
3.411090e-01 2.700000e-03
3.412090e-01 1.730000e-03
3.413090e-01 1.260000e-03
3.414090e-01 9.100000e-04
3.415090e-01 1.940000e-03
3.416090e-01 2.310000e-03
3.417090e-01 2.210000e-03
3.418090e-01 1.540000e-03
3.419090e-01 1.440000e-03
3.420090e-01 1.310000e-03
3.421090e-01 1.860000e-03
3.422090e-01 1.970000e-03
3.423090e-01 2.200000e-03
3.424090e-01 1.540000e-03
3.425090e-01 1.000000e-03
3.426090e-01 6.900000e-04
3.427090e-01 1.070000e-03
3.428090e-01 1.280000e-03
3.429090e-01 1.390000e-03
3.430090e-01 1.560000e-03
3.431090e-01 1.860000e-03
3.432090e-01 1.460000e-03
3.433090e-01 4.800000e-04
3.434090e-01 -6.600000e-04
3.435090e-01 -9.300000e-04
3.436090e-01 -6.400000e-04
3.437090e-01 5.000000e-05
3.438090e-01 2.900000e-04
3.439090e-01 4.300000e-04
3.440090e-01 -3.000000e-05
3.441090e-01 -2.400000e-04
3.442090e-01 -5.700000e-04
3.443090e-01 -8.000000e-05
3.444090e-01 4.000000e-04
3.445090e-01 7.900000e-04
3.446090e-01 9.900000e-04
3.447090e-01 1.530000e-03
3.448090e-01 2.070000e-03
3.449090e-01 2.620000e-03
3.450090e-01 2.890000e-03
3.451090e-01 2.720000e-03
3.452090e-01 2.220000e-03
3.453090e-01 1.530000e-03
3.454090e-01 1.730000e-03
3.455090e-01 1.530000e-03
3.456090e-01 1.750000e-03
3.457090e-01 1.750000e-03
3.458090e-01 2.270000e-03
3.459090e-01 3.030000e-03
3.460090e-01 3.170000e-03
3.461090e-01 3.210000e-03
3.462090e-01 3.290000e-03
3.463090e-01 2.510000e-03
3.464090e-01 2.380000e-03
3.465090e-01 2.000000e-03
3.466090e-01 2.320000e-03
3.467090e-01 2.320000e-03
3.468090e-01 2.110000e-03
3.469090e-01 2.480000e-03
3.470090e-01 2.860000e-03
3.471090e-01 3.310000e-03
3.472090e-01 2.570000e-03
3.473090e-01 2.300000e-03
3.474090e-01 2.690000e-03
3.475090e-01 3.940000e-03
3.476090e-01 4.610000e-03
3.477090e-01 4.630000e-03
3.478090e-01 4.140000e-03
3.479090e-01 3.090000e-03
3.480090e-01 2.770000e-03
3.481090e-01 3.010000e-03
3.482090e-01 3.720000e-03
3.483090e-01 3.960000e-03
3.484090e-01 4.050000e-03
3.485090e-01 3.880000e-03
3.486090e-01 3.990000e-03
3.487090e-01 4.030000e-03
3.488090e-01 4.130000e-03
3.489090e-01 3.990000e-03
3.490090e-01 3.870000e-03
3.491090e-01 4.930000e-03
3.492090e-01 5.650000e-03
3.493090e-01 6.120000e-03
3.494090e-01 5.640000e-03
3.495090e-01 5.120000e-03
3.496090e-01 5.270000e-03
3.497090e-01 5.170000e-03
3.498090e-01 5.700000e-03
3.499090e-01 5.910000e-03
3.500090e-01 6.610000e-03
3.501090e-01 6.680000e-03
3.502090e-01 6.750000e-03
3.503090e-01 6.500000e-03
3.504090e-01 6.150000e-03
3.505090e-01 6.510000e-03
3.506090e-01 6.200000e-03
3.507090e-01 6.220000e-03
3.508090e-01 5.850000e-03
3.509090e-01 6.450000e-03
3.510090e-01 5.800000e-03
3.511090e-01 5.760000e-03
3.512090e-01 5.400000e-03
3.513090e-01 6.310000e-03
3.514090e-01 5.870000e-03
3.515090e-01 5.700000e-03
3.516090e-01 5.170000e-03
3.517090e-01 4.930000e-03
3.518090e-01 4.720000e-03
3.519090e-01 4.610000e-03
3.520090e-01 4.630000e-03
3.521090e-01 3.950000e-03
3.522090e-01 3.970000e-03
3.523090e-01 3.490000e-03
3.524090e-01 3.730000e-03
3.525090e-01 3.540000e-03
3.526090e-01 3.250000e-03
3.527090e-01 3.740000e-03
3.528090e-01 3.790000e-03
3.529090e-01 4.430000e-03
3.530090e-01 3.860000e-03
3.531090e-01 3.890000e-03
3.532090e-01 4.330000e-03
3.533090e-01 5.010000e-03
3.534090e-01 5.080000e-03
3.535090e-01 5.240000e-03
3.536090e-01 5.190000e-03
3.537090e-01 5.530000e-03
3.538090e-01 5.660000e-03
3.539090e-01 6.000000e-03
3.540090e-01 6.650000e-03
3.541090e-01 7.510000e-03
3.542090e-01 7.960000e-03
3.543090e-01 8.030000e-03
3.544090e-01 8.060000e-03
3.545090e-01 8.100000e-03
3.546090e-01 7.640000e-03
3.547090e-01 7.630000e-03
3.548090e-01 8.160000e-03
3.549090e-01 8.770000e-03
3.550090e-01 8.770000e-03
3.551090e-01 8.470000e-03
3.552090e-01 8.770000e-03
3.553090e-01 9.010000e-03
3.554090e-01 9.430000e-03
3.555090e-01 9.650000e-03
3.556090e-01 1.060000e-02
3.557090e-01 1.114000e-02
3.558090e-01 1.128000e-02
3.559090e-01 1.086000e-02
3.560090e-01 1.079000e-02
3.561090e-01 1.079000e-02
3.562090e-01 1.049000e-02
3.563090e-01 1.009000e-02
3.564090e-01 1.050000e-02
3.565090e-01 1.116000e-02
3.566090e-01 1.145000e-02
3.567090e-01 1.109000e-02
3.568090e-01 1.107000e-02
3.569090e-01 1.069000e-02
3.570090e-01 1.030000e-02
3.571090e-01 8.830000e-03
3.572090e-01 8.770000e-03
3.573090e-01 9.040000e-03
3.574090e-01 9.560000e-03
3.575090e-01 9.260000e-03
3.576090e-01 8.910000e-03
3.577090e-01 9.340000e-03
3.578090e-01 9.470000e-03
3.579090e-01 1.016000e-02
3.580090e-01 1.000000e-02
3.581090e-01 1.029000e-02
3.582090e-01 9.780000e-03
3.583090e-01 9.560000e-03
3.584090e-01 8.950000e-03
3.585090e-01 8.700000e-03
3.586090e-01 9.440000e-03
3.587090e-01 1.049000e-02
3.588090e-01 1.140000e-02
3.589090e-01 1.116000e-02
3.590090e-01 1.077000e-02
3.591090e-01 1.032000e-02
3.592090e-01 9.950000e-03
3.593090e-01 1.037000e-02
3.594090e-01 1.077000e-02
3.595090e-01 1.150000e-02
3.596090e-01 1.169000e-02
3.597090e-01 1.210000e-02
3.598090e-01 1.195000e-02
3.599090e-01 1.230000e-02
3.600090e-01 1.229000e-02
3.601090e-01 1.280000e-02
3.602090e-01 1.342000e-02
3.603090e-01 1.343000e-02
3.604090e-01 1.336000e-02
3.605090e-01 1.341000e-02
3.606090e-01 1.423000e-02
3.607090e-01 1.444000e-02
3.608090e-01 1.454000e-02
3.609090e-01 1.522000e-02
3.610090e-01 1.571000e-02
3.611090e-01 1.611000e-02
3.612090e-01 1.603000e-02
3.613090e-01 1.690000e-02
3.614090e-01 1.667000e-02
3.615090e-01 1.615000e-02
3.616090e-01 1.577000e-02
3.617090e-01 1.572000e-02
3.618090e-01 1.591000e-02
3.619090e-01 1.591000e-02
3.620090e-01 1.600000e-02
3.621090e-01 1.631000e-02
3.622090e-01 1.645000e-02
3.623090e-01 1.636000e-02
3.624090e-01 1.642000e-02
3.625090e-01 1.685000e-02
3.626090e-01 1.755000e-02
3.627090e-01 1.741000e-02
3.628090e-01 1.741000e-02
3.629090e-01 1.775000e-02
3.630090e-01 1.814000e-02
3.631090e-01 1.823000e-02
3.632090e-01 1.801000e-02
3.633090e-01 1.791000e-02
3.634090e-01 1.773000e-02
3.635090e-01 1.785000e-02
3.636090e-01 1.847000e-02
3.637090e-01 1.868000e-02
3.638090e-01 1.895000e-02
3.639090e-01 1.876000e-02
3.640090e-01 1.889000e-02
3.641090e-01 1.873000e-02
3.642090e-01 1.876000e-02
3.643090e-01 1.886000e-02
3.644090e-01 1.938000e-02
3.645090e-01 2.026000e-02
3.646090e-01 2.074000e-02
3.647090e-01 2.101000e-02
3.648090e-01 2.144000e-02
3.649090e-01 2.194000e-02
3.650090e-01 2.211000e-02
3.651090e-01 2.132000e-02
3.652090e-01 2.120000e-02
3.653090e-01 2.124000e-02
3.654090e-01 2.159000e-02
3.655090e-01 2.187000e-02
3.656090e-01 2.214000e-02
3.657090e-01 2.202000e-02
3.658090e-01 2.161000e-02
3.659090e-01 2.080000e-02
3.660090e-01 2.054000e-02
3.661090e-01 2.060000e-02
3.662090e-01 2.027000e-02
3.663090e-01 2.041000e-02
3.664090e-01 1.993000e-02
3.665090e-01 2.066000e-02
3.666090e-01 2.008000e-02
3.667090e-01 1.939000e-02
3.668090e-01 1.855000e-02
3.669090e-01 1.887000e-02
3.670090e-01 1.947000e-02
3.671090e-01 1.951000e-02
3.672090e-01 1.928000e-02
3.673090e-01 1.868000e-02
3.674090e-01 1.900000e-02
3.675090e-01 1.844000e-02
3.676090e-01 1.808000e-02
3.677090e-01 1.748000e-02
3.678090e-01 1.732000e-02
3.679090e-01 1.750000e-02
3.680090e-01 1.743000e-02
3.681090e-01 1.760000e-02
3.682090e-01 1.799000e-02
3.683090e-01 1.801000e-02
3.684090e-01 1.731000e-02
3.685090e-01 1.701000e-02
3.686090e-01 1.682000e-02
3.687090e-01 1.707000e-02
3.688090e-01 1.691000e-02
3.689090e-01 1.657000e-02
3.690090e-01 1.677000e-02
3.691090e-01 1.642000e-02
3.692090e-01 1.661000e-02
3.693090e-01 1.692000e-02
3.694090e-01 1.759000e-02
3.695090e-01 1.803000e-02
3.696090e-01 1.778000e-02
3.697090e-01 1.733000e-02
3.698090e-01 1.695000e-02
3.699090e-01 1.727000e-02
3.700090e-01 1.757000e-02
3.701090e-01 1.822000e-02
3.702090e-01 1.844000e-02
3.703090e-01 1.844000e-02
3.704090e-01 1.815000e-02
3.705090e-01 1.761000e-02
3.706090e-01 1.772000e-02
3.707090e-01 1.766000e-02
3.708090e-01 1.812000e-02
3.709090e-01 1.831000e-02
3.710090e-01 1.849000e-02
3.711090e-01 1.805000e-02
3.712090e-01 1.828000e-02
3.713090e-01 1.867000e-02
3.714090e-01 1.972000e-02
3.715090e-01 2.000000e-02
3.716090e-01 1.975000e-02
3.717090e-01 2.014000e-02
3.718090e-01 1.989000e-02
3.719090e-01 2.040000e-02
3.720090e-01 2.075000e-02
3.721090e-01 2.141000e-02
3.722090e-01 2.117000e-02
3.723090e-01 2.125000e-02
3.724090e-01 2.145000e-02
3.725090e-01 2.232000e-02
3.726090e-01 2.224000e-02
3.727090e-01 2.248000e-02
3.728090e-01 2.288000e-02
3.729090e-01 2.248000e-02
3.730090e-01 2.236000e-02
3.731090e-01 2.211000e-02
3.732090e-01 2.253000e-02
3.733090e-01 2.296000e-02
3.734090e-01 2.339000e-02
3.735090e-01 2.399000e-02
3.736090e-01 2.368000e-02
3.737090e-01 2.294000e-02
3.738090e-01 2.285000e-02
3.739090e-01 2.350000e-02
3.740090e-01 2.413000e-02
3.741090e-01 2.469000e-02
3.742090e-01 2.411000e-02
3.743090e-01 2.396000e-02
3.744090e-01 2.353000e-02
3.745090e-01 2.395000e-02
3.746090e-01 2.436000e-02
3.747090e-01 2.452000e-02
3.748090e-01 2.458000e-02
3.749090e-01 2.420000e-02
3.750090e-01 2.445000e-02
3.751090e-01 2.412000e-02
3.752090e-01 2.500000e-02
3.753090e-01 2.498000e-02
3.754090e-01 2.587000e-02
3.755090e-01 2.578000e-02
3.756090e-01 2.574000e-02
3.757090e-01 2.546000e-02
3.758090e-01 2.519000e-02
3.759090e-01 2.496000e-02
3.760090e-01 2.540000e-02
3.761090e-01 2.624000e-02
3.762090e-01 2.689000e-02
3.763090e-01 2.650000e-02
3.764090e-01 2.618000e-02
3.765090e-01 2.599000e-02
3.766090e-01 2.595000e-02
3.767090e-01 2.577000e-02
3.768090e-01 2.590000e-02
3.769090e-01 2.624000e-02
3.770090e-01 2.613000e-02
3.771090e-01 2.588000e-02
3.772090e-01 2.623000e-02
3.773090e-01 2.651000e-02
3.774090e-01 2.652000e-02
3.775090e-01 2.571000e-02
3.776090e-01 2.548000e-02
3.777090e-01 2.555000e-02
3.778090e-01 2.607000e-02
3.779090e-01 2.654000e-02
3.780090e-01 2.714000e-02
3.781090e-01 2.756000e-02
3.782090e-01 2.705000e-02
3.783090e-01 2.587000e-02
3.784090e-01 2.488000e-02
3.785090e-01 2.446000e-02
3.786090e-01 2.411000e-02
3.787090e-01 2.444000e-02
3.788090e-01 2.467000e-02
3.789090e-01 2.559000e-02
3.790090e-01 2.572000e-02
3.791090e-01 2.533000e-02
3.792090e-01 2.472000e-02
3.793090e-01 2.461000e-02
3.794090e-01 2.519000e-02
3.795090e-01 2.514000e-02
3.796090e-01 2.455000e-02
3.797090e-01 2.439000e-02
3.798090e-01 2.451000e-02
3.799090e-01 2.508000e-02
3.800090e-01 2.531000e-02
3.801090e-01 2.580000e-02
3.802090e-01 2.597000e-02
3.803090e-01 2.625000e-02
3.804090e-01 2.648000e-02
3.805090e-01 2.643000e-02
3.806090e-01 2.653000e-02
3.807090e-01 2.657000e-02
3.808090e-01 2.698000e-02
3.809090e-01 2.675000e-02
3.810090e-01 2.708000e-02
3.811090e-01 2.680000e-02
3.812090e-01 2.710000e-02
3.813090e-01 2.776000e-02
3.814090e-01 2.852000e-02
3.815090e-01 2.913000e-02
3.816090e-01 2.909000e-02
3.817090e-01 2.969000e-02
3.818090e-01 3.015000e-02
3.819090e-01 3.058000e-02
3.820090e-01 3.174000e-02
3.821090e-01 3.230000e-02
3.822090e-01 3.229000e-02
3.823090e-01 3.121000e-02
3.824090e-01 3.103000e-02
3.825090e-01 3.136000e-02
3.826090e-01 3.148000e-02
3.827090e-01 3.142000e-02
3.828090e-01 3.135000e-02
3.829090e-01 3.214000e-02
3.830090e-01 3.260000e-02
3.831090e-01 3.259000e-02
3.832090e-01 3.256000e-02
3.833090e-01 3.257000e-02
3.834090e-01 3.263000e-02
3.835090e-01 3.244000e-02
3.836090e-01 3.310000e-02
3.837090e-01 3.376000e-02
3.838090e-01 3.353000e-02
3.839090e-01 3.245000e-02
3.840090e-01 3.214000e-02
3.841090e-01 3.285000e-02
3.842090e-01 3.370000e-02
3.843090e-01 3.393000e-02
3.844090e-01 3.399000e-02
3.845090e-01 3.319000e-02
3.846090e-01 3.289000e-02
3.847090e-01 3.299000e-02
3.848090e-01 3.406000e-02
3.849090e-01 3.474000e-02
3.850090e-01 3.381000e-02
3.851090e-01 3.314000e-02
3.852090e-01 3.243000e-02
3.853090e-01 3.398000e-02
3.854090e-01 3.469000e-02
3.855090e-01 3.559000e-02
3.856090e-01 3.483000e-02
3.857090e-01 3.489000e-02
3.858090e-01 3.466000e-02
3.859090e-01 3.469000e-02
3.860090e-01 3.527000e-02
3.861090e-01 3.582000e-02
3.862090e-01 3.714000e-02
3.863090e-01 3.715000e-02
3.864090e-01 3.738000e-02
3.865090e-01 3.774000e-02
3.866090e-01 3.775000e-02
3.867090e-01 3.840000e-02
3.868090e-01 3.831000e-02
3.869090e-01 3.863000e-02
3.870090e-01 3.924000e-02
3.871090e-01 3.885000e-02
3.872090e-01 3.975000e-02
3.873090e-01 3.958000e-02
3.874090e-01 4.027000e-02
3.875090e-01 3.994000e-02
3.876090e-01 3.992000e-02
3.877090e-01 4.129000e-02
3.878090e-01 4.167000e-02
3.879090e-01 4.224000e-02
3.880090e-01 4.182000e-02
3.881090e-01 4.253000e-02
3.882090e-01 4.227000e-02
3.883090e-01 4.197000e-02
3.884090e-01 4.220000e-02
3.885090e-01 4.337000e-02
3.886090e-01 4.311000e-02
3.887090e-01 4.236000e-02
3.888090e-01 4.183000e-02
3.889090e-01 4.244000e-02
3.890090e-01 4.322000e-02
3.891090e-01 4.329000e-02
3.892090e-01 4.414000e-02
3.893090e-01 4.451000e-02
3.894090e-01 4.474000e-02
3.895090e-01 4.437000e-02
3.896090e-01 4.504000e-02
3.897090e-01 4.618000e-02
3.898090e-01 4.652000e-02
3.899090e-01 4.606000e-02
3.900090e-01 4.582000e-02
3.901090e-01 4.594000e-02
3.902090e-01 4.675000e-02
3.903090e-01 4.682000e-02
3.904090e-01 4.733000e-02
3.905090e-01 4.696000e-02
3.906090e-01 4.691000e-02
3.907090e-01 4.682000e-02
3.908090e-01 4.661000e-02
3.909090e-01 4.755000e-02
3.910090e-01 4.758000e-02
3.911090e-01 4.762000e-02
3.912090e-01 4.733000e-02
3.913090e-01 4.792000e-02
3.914090e-01 4.852000e-02
3.915090e-01 4.781000e-02
3.916090e-01 4.776000e-02
3.917090e-01 4.775000e-02
3.918090e-01 4.856000e-02
3.919090e-01 4.817000e-02
3.920090e-01 4.857000e-02
3.921090e-01 4.813000e-02
3.922090e-01 4.934000e-02
3.923090e-01 4.933000e-02
3.924090e-01 5.038000e-02
3.925090e-01 5.084000e-02
3.926090e-01 5.189000e-02
3.927090e-01 5.194000e-02
3.928090e-01 5.170000e-02
3.929090e-01 5.203000e-02
3.930090e-01 5.241000e-02
3.931090e-01 5.304000e-02
3.932090e-01 5.335000e-02
3.933090e-01 5.421000e-02
3.934090e-01 5.437000e-02
3.935090e-01 5.403000e-02
3.936090e-01 5.384000e-02
3.937090e-01 5.491000e-02
3.938090e-01 5.534000e-02
3.939090e-01 5.557000e-02
3.940090e-01 5.503000e-02
3.941090e-01 5.592000e-02
3.942090e-01 5.629000e-02
3.943090e-01 5.686000e-02
3.944090e-01 5.753000e-02
3.945090e-01 5.875000e-02
3.946090e-01 5.900000e-02
3.947090e-01 5.835000e-02
3.948090e-01 5.846000e-02
3.949090e-01 5.891000e-02
3.950090e-01 5.984000e-02
3.951090e-01 5.998000e-02
3.952090e-01 6.058000e-02
3.953090e-01 6.124000e-02
3.954090e-01 6.106000e-02
3.955090e-01 6.143000e-02
3.956090e-01 6.208000e-02
3.957090e-01 6.243000e-02
3.958090e-01 6.252000e-02
3.959090e-01 6.232000e-02
3.960090e-01 6.350000e-02
3.961090e-01 6.459000e-02
3.962090e-01 6.521000e-02
3.963090e-01 6.553000e-02
3.964090e-01 6.614000e-02
3.965090e-01 6.649000e-02
3.966090e-01 6.703000e-02
3.967090e-01 6.656000e-02
3.968090e-01 6.696000e-02
3.969090e-01 6.761000e-02
3.970090e-01 6.830000e-02
3.971090e-01 6.872000e-02
3.972090e-01 6.939000e-02
3.973090e-01 6.955000e-02
3.974090e-01 6.993000e-02
3.975090e-01 6.958000e-02
3.976090e-01 7.018000e-02
3.977090e-01 7.088000e-02
3.978090e-01 7.104000e-02
3.979090e-01 7.096000e-02
3.980090e-01 7.172000e-02
3.981090e-01 7.325000e-02
3.982090e-01 7.427000e-02
3.983090e-01 7.433000e-02
3.984090e-01 7.393000e-02
3.985090e-01 7.450000e-02
3.986090e-01 7.446000e-02
3.987090e-01 7.462000e-02
3.988090e-01 7.513000e-02
3.989090e-01 7.619000e-02
3.990090e-01 7.745000e-02
3.991090e-01 7.778000e-02
3.992090e-01 7.845000e-02
3.993090e-01 7.889000e-02
3.994090e-01 7.962000e-02
3.995090e-01 7.994000e-02
3.996090e-01 7.983000e-02
3.997090e-01 7.997000e-02
3.998090e-01 7.990000e-02
3.999090e-01 8.110000e-02
4.000090e-01 8.228000e-02
4.001090e-01 8.344000e-02
4.002090e-01 8.325000e-02
4.003090e-01 8.321000e-02
4.004090e-01 8.341000e-02
4.005090e-01 8.433000e-02
4.006090e-01 8.539000e-02
4.007090e-01 8.632000e-02
4.008090e-01 8.762000e-02
4.009090e-01 8.830000e-02
4.010090e-01 8.861000e-02
4.011090e-01 8.811000e-02
4.012090e-01 8.831000e-02
4.013090e-01 8.951000e-02
4.014090e-01 9.074000e-02
4.015090e-01 9.127000e-02
4.016090e-01 9.177000e-02
4.017090e-01 9.234000e-02
4.018090e-01 9.290000e-02
4.019090e-01 9.346000e-02
4.020090e-01 9.416000e-02
4.021090e-01 9.518000e-02
4.022090e-01 9.574000e-02
4.023090e-01 9.645000e-02
4.024090e-01 9.710000e-02
4.025090e-01 9.799000e-02
4.026090e-01 9.853000e-02
4.027090e-01 9.934000e-02
4.028090e-01 9.997000e-02
4.029090e-01 1.005000e-01
4.030090e-01 1.008300e-01
4.031090e-01 1.009500e-01
4.032090e-01 1.018400e-01
4.033090e-01 1.030400e-01
4.034090e-01 1.040000e-01
4.035090e-01 1.044000e-01
4.036090e-01 1.047900e-01
4.037090e-01 1.057100e-01
4.038090e-01 1.069000e-01
4.039090e-01 1.076300e-01
4.040090e-01 1.082300e-01
4.041090e-01 1.085700e-01
4.042090e-01 1.090300e-01
4.043090e-01 1.099200e-01
4.044090e-01 1.109900e-01
4.045090e-01 1.114500e-01
4.046090e-01 1.114900e-01
4.047090e-01 1.116200e-01
4.048090e-01 1.120000e-01
4.049090e-01 1.128200e-01
4.050090e-01 1.139100e-01
4.051090e-01 1.150900e-01
4.052090e-01 1.156800e-01
4.053090e-01 1.162800e-01
4.054090e-01 1.172800e-01
4.055090e-01 1.185600e-01
4.056090e-01 1.193200e-01
4.057090e-01 1.209400e-01
4.058090e-01 1.219300e-01
4.059090e-01 1.224400e-01
4.060090e-01 1.227500e-01
4.061090e-01 1.229700e-01
4.062090e-01 1.238900e-01
4.063090e-01 1.244900e-01
4.064090e-01 1.253700e-01
4.065090e-01 1.268000e-01
4.066090e-01 1.273700e-01
4.067090e-01 1.287300e-01
4.068090e-01 1.297300e-01
4.069090e-01 1.306400e-01
4.070090e-01 1.314300e-01
4.071090e-01 1.325100e-01
4.072090e-01 1.344600e-01
4.073090e-01 1.365100e-01
4.074090e-01 1.380000e-01
4.075090e-01 1.386400e-01
4.076090e-01 1.388700e-01
4.077090e-01 1.393400e-01
4.078090e-01 1.406000e-01
4.079090e-01 1.421000e-01
4.080090e-01 1.438000e-01
4.081090e-01 1.448100e-01
4.082090e-01 1.453400e-01
4.083090e-01 1.472300e-01
4.084090e-01 1.485000e-01
4.085090e-01 1.496200e-01
4.086090e-01 1.492200e-01
4.087090e-01 1.502900e-01
4.088090e-01 1.518700e-01
4.089090e-01 1.531800e-01
4.090090e-01 1.545500e-01
4.091090e-01 1.559800e-01
4.092090e-01 1.570200e-01
4.093090e-01 1.577600e-01
4.094090e-01 1.582700e-01
4.095090e-01 1.596800e-01
4.096090e-01 1.597500e-01
4.097090e-01 1.605700e-01
4.098090e-01 1.614000e-01
4.099090e-01 1.635000e-01
4.100090e-01 1.643800e-01
4.101090e-01 1.647400e-01
4.102090e-01 1.653200e-01
4.103090e-01 1.670900e-01
4.104090e-01 1.683300e-01
4.105090e-01 1.694500e-01
4.106090e-01 1.704900e-01
4.107090e-01 1.722000e-01
4.108090e-01 1.735600e-01
4.109090e-01 1.740800e-01
4.110090e-01 1.748300e-01
4.111090e-01 1.758400e-01
4.112090e-01 1.773700e-01
4.113090e-01 1.794200e-01
4.114090e-01 1.811000e-01
4.115090e-01 1.820200e-01
4.116090e-01 1.825200e-01
4.117090e-01 1.832800e-01
4.118090e-01 1.848800e-01
4.119090e-01 1.864900e-01
4.120090e-01 1.875700e-01
4.121090e-01 1.884700e-01
4.122090e-01 1.892300e-01
4.123090e-01 1.911200e-01
4.124090e-01 1.925900e-01
4.125090e-01 1.934600e-01
4.126090e-01 1.942400e-01
4.127090e-01 1.953400e-01
4.128090e-01 1.970700e-01
4.129090e-01 1.983000e-01
4.130090e-01 1.995500e-01
4.131090e-01 2.007900e-01
4.132090e-01 2.013200e-01
4.133090e-01 2.020000e-01
4.134090e-01 2.026000e-01
4.135090e-01 2.046700e-01
4.136090e-01 2.061800e-01
4.137090e-01 2.077500e-01
4.138090e-01 2.084300e-01
4.139090e-01 2.096300e-01
4.140090e-01 2.104900e-01
4.141090e-01 2.113200e-01
4.142090e-01 2.125200e-01
4.143090e-01 2.140500e-01
4.144090e-01 2.158400e-01
4.145090e-01 2.167100e-01
4.146090e-01 2.180100e-01
4.147090e-01 2.193700e-01
4.148090e-01 2.212900e-01
4.149090e-01 2.226000e-01
4.150090e-01 2.240000e-01
4.151090e-01 2.257000e-01
4.152090e-01 2.268000e-01
4.153090e-01 2.282400e-01
4.154090e-01 2.293600e-01
4.155090e-01 2.311600e-01
4.156090e-01 2.327600e-01
4.157090e-01 2.345900e-01
4.158090e-01 2.360200e-01
4.159090e-01 2.370100e-01
4.160090e-01 2.380200e-01
4.161090e-01 2.389600e-01
4.162090e-01 2.401800e-01
4.163090e-01 2.413400e-01
4.164090e-01 2.434100e-01
4.165000e-01 2.434961e-01
4.175000e-01 2.625385e-01
4.185000e-01 2.647570e-01
4.195000e-01 2.855625e-01
4.205000e-01 2.910461e-01
4.215000e-01 3.153919e-01
4.225000e-01 3.218328e-01
4.235000e-01 3.367736e-01
4.245000e-01 3.453980e-01
4.255000e-01 3.600171e-01
4.265000e-01 3.733208e-01
4.275000e-01 3.847811e-01
4.285000e-01 3.969721e-01
4.295000e-01 4.084693e-01
4.305000e-01 4.225113e-01
4.315000e-01 4.338354e-01
4.325000e-01 4.441150e-01
4.335000e-01 4.616417e-01
4.345000e-01 4.734231e-01
4.355000e-01 4.836331e-01
4.365000e-01 4.978443e-01
4.375000e-01 5.091019e-01
4.385000e-01 5.169065e-01
4.395000e-01 5.315832e-01
4.405000e-01 5.402061e-01
4.415000e-01 5.454680e-01
4.425000e-01 5.560372e-01
4.435000e-01 5.729908e-01
4.445000e-01 5.852775e-01
4.455000e-01 6.062130e-01
4.465000e-01 6.255374e-01
4.475000e-01 6.402369e-01
4.485000e-01 6.535553e-01
4.495000e-01 6.691773e-01
4.505000e-01 6.818488e-01
4.515000e-01 6.959637e-01
4.525000e-01 7.057958e-01
4.535000e-01 7.179239e-01
4.545000e-01 7.363903e-01
4.555000e-01 7.476347e-01
4.565000e-01 7.611447e-01
4.575000e-01 7.750231e-01
4.585000e-01 7.875892e-01
4.595000e-01 7.991509e-01
4.605000e-01 8.140871e-01
4.615000e-01 8.304368e-01
4.625000e-01 8.431680e-01
4.635000e-01 8.512656e-01
4.645000e-01 8.669594e-01
4.655000e-01 8.825218e-01
4.665000e-01 8.964937e-01
4.675000e-01 9.060102e-01
4.685000e-01 9.171102e-01
4.695000e-01 9.344194e-01
4.705000e-01 9.494177e-01
4.715000e-01 9.625984e-01
4.725000e-01 9.706703e-01
4.735000e-01 9.857203e-01
4.745000e-01 1.003693e+00
4.755000e-01 1.012985e+00
4.765000e-01 1.031080e+00
4.775000e-01 1.041593e+00
4.785000e-01 1.050289e+00
4.795000e-01 1.069940e+00
4.805000e-01 1.085104e+00
4.815000e-01 1.094230e+00
4.825000e-01 1.108368e+00
4.835000e-01 1.117215e+00
4.845000e-01 1.127551e+00
4.855000e-01 1.144257e+00
4.865000e-01 1.161124e+00
4.875000e-01 1.166947e+00
4.885000e-01 1.177914e+00
4.895000e-01 1.191530e+00
4.905000e-01 1.204088e+00
4.915000e-01 1.212168e+00
4.925000e-01 1.225713e+00
4.935000e-01 1.237062e+00
4.945000e-01 1.245739e+00
4.955000e-01 1.258474e+00
4.965000e-01 1.268496e+00
4.975000e-01 1.279818e+00
4.985000e-01 1.284818e+00
4.995000e-01 1.297206e+00
5.005000e-01 1.307380e+00
5.015000e-01 1.313611e+00
5.025000e-01 1.322923e+00
5.035000e-01 1.328373e+00
5.045000e-01 1.338079e+00
5.055000e-01 1.348527e+00
5.065000e-01 1.353491e+00
5.075000e-01 1.362826e+00
5.085000e-01 1.366803e+00
5.095000e-01 1.375200e+00
5.105000e-01 1.384987e+00
5.115000e-01 1.389304e+00
5.125000e-01 1.394075e+00
5.135000e-01 1.401908e+00
5.145000e-01 1.409988e+00
5.155000e-01 1.412735e+00
5.165000e-01 1.419038e+00
5.175000e-01 1.421443e+00
5.185000e-01 1.429794e+00
5.195000e-01 1.438336e+00
5.205000e-01 1.435530e+00
5.215000e-01 1.438258e+00
5.225000e-01 1.451009e+00
5.235000e-01 1.449445e+00
5.245000e-01 1.444839e+00
5.255000e-01 1.451139e+00
5.265000e-01 1.459511e+00
5.275000e-01 1.463392e+00
5.285000e-01 1.460170e+00
5.295000e-01 1.460699e+00
5.305000e-01 1.468649e+00
5.315000e-01 1.469442e+00
5.325000e-01 1.469135e+00
5.335000e-01 1.469409e+00
5.345000e-01 1.472720e+00
5.355000e-01 1.472357e+00
5.365000e-01 1.472894e+00
5.375000e-01 1.473638e+00
5.385000e-01 1.476040e+00
5.395000e-01 1.479866e+00
5.405000e-01 1.478835e+00
5.415000e-01 1.472096e+00
5.425000e-01 1.473469e+00
5.435000e-01 1.476429e+00
5.445000e-01 1.478874e+00
5.455000e-01 1.473942e+00
5.465000e-01 1.470284e+00
5.475000e-01 1.471716e+00
5.485000e-01 1.475158e+00
5.495000e-01 1.475865e+00
5.505000e-01 1.469961e+00
5.515000e-01 1.472566e+00
5.525000e-01 1.469923e+00
5.535000e-01 1.467978e+00
5.545000e-01 1.468914e+00
5.555000e-01 1.463812e+00
5.565000e-01 1.464998e+00
5.575000e-01 1.465863e+00
5.585000e-01 1.459020e+00
5.595000e-01 1.457747e+00
5.605000e-01 1.455547e+00
5.615000e-01 1.450474e+00
5.625000e-01 1.454374e+00
5.635000e-01 1.455953e+00
5.645000e-01 1.448796e+00
5.655000e-01 1.445218e+00
5.665000e-01 1.446337e+00
5.675000e-01 1.439361e+00
5.685000e-01 1.440583e+00
5.695000e-01 1.441493e+00
5.705000e-01 1.437050e+00
5.715000e-01 1.432720e+00
5.725000e-01 1.431348e+00
5.735000e-01 1.430162e+00
5.745000e-01 1.425211e+00
5.755000e-01 1.421848e+00
5.765000e-01 1.420744e+00
5.775000e-01 1.417421e+00
5.785000e-01 1.416617e+00
5.795000e-01 1.415233e+00
5.805000e-01 1.408911e+00
5.815000e-01 1.403195e+00
5.825000e-01 1.402200e+00
5.835000e-01 1.396842e+00
5.845000e-01 1.393612e+00
5.855000e-01 1.389909e+00
5.865000e-01 1.386495e+00
5.875000e-01 1.382460e+00
5.885000e-01 1.378764e+00
5.895000e-01 1.372110e+00
5.905000e-01 1.372182e+00
5.915000e-01 1.366564e+00
5.925000e-01 1.361435e+00
5.935000e-01 1.354543e+00
5.945000e-01 1.350769e+00
5.955000e-01 1.347224e+00
5.965000e-01 1.344238e+00
5.975000e-01 1.336223e+00
5.985000e-01 1.330193e+00
5.995000e-01 1.324832e+00
6.005000e-01 1.322486e+00
6.015000e-01 1.315854e+00
6.025000e-01 1.309794e+00
6.035000e-01 1.307687e+00
6.045000e-01 1.302991e+00
6.055000e-01 1.294636e+00
6.065000e-01 1.289272e+00
6.075000e-01 1.287072e+00
6.085000e-01 1.282071e+00
6.095000e-01 1.274023e+00
6.105000e-01 1.269142e+00
6.115000e-01 1.261239e+00
6.125000e-01 1.253004e+00
6.135000e-01 1.254472e+00
6.145000e-01 1.241029e+00
6.155000e-01 1.231255e+00
6.165000e-01 1.228019e+00
6.175000e-01 1.222554e+00
6.185000e-01 1.217631e+00
6.195000e-01 1.213461e+00
6.205000e-01 1.210099e+00
6.215000e-01 1.203864e+00
6.225000e-01 1.192339e+00
6.235000e-01 1.187699e+00
6.245000e-01 1.179122e+00
6.255000e-01 1.175303e+00
6.265000e-01 1.171795e+00
6.275000e-01 1.165748e+00
6.285000e-01 1.154840e+00
6.295000e-01 1.153634e+00
6.305000e-01 1.148155e+00
6.315000e-01 1.140692e+00
6.325000e-01 1.134674e+00
6.335000e-01 1.131594e+00
6.345000e-01 1.124702e+00
6.355000e-01 1.115188e+00
6.365000e-01 1.108270e+00
6.375000e-01 1.103447e+00
6.385000e-01 1.095771e+00
6.395000e-01 1.093663e+00
6.405000e-01 1.087979e+00
6.415000e-01 1.077495e+00
6.425000e-01 1.076910e+00
6.435000e-01 1.073005e+00
6.445000e-01 1.061356e+00
6.455000e-01 1.054748e+00
6.465000e-01 1.051638e+00
6.475000e-01 1.041829e+00
6.485000e-01 1.038595e+00
6.495000e-01 1.030516e+00
6.505000e-01 1.021603e+00
6.515000e-01 1.015534e+00
6.525000e-01 1.005746e+00
6.535000e-01 9.951124e-01
6.545000e-01 9.861879e-01
6.555000e-01 9.802634e-01
6.565000e-01 9.743629e-01
6.575000e-01 9.697010e-01
6.585000e-01 9.643888e-01
6.595000e-01 9.570859e-01
6.605000e-01 9.502663e-01
6.615000e-01 9.429310e-01
6.625000e-01 9.370157e-01
6.635000e-01 9.286287e-01
6.645000e-01 9.217785e-01
6.655000e-01 9.211551e-01
6.665000e-01 9.123232e-01
6.675000e-01 9.085475e-01
6.685000e-01 8.981479e-01
6.695000e-01 8.923914e-01
6.705000e-01 8.873689e-01
6.715000e-01 8.813573e-01
6.725000e-01 8.747099e-01
6.735000e-01 8.668879e-01
6.745000e-01 8.581818e-01
6.755000e-01 8.515877e-01
6.765000e-01 8.479620e-01
6.775000e-01 8.404869e-01
6.785000e-01 8.349199e-01
6.795000e-01 8.283202e-01
6.805000e-01 8.254053e-01
6.815000e-01 8.180796e-01
6.825000e-01 8.110357e-01
6.835000e-01 8.032871e-01
6.845000e-01 7.950365e-01
6.855000e-01 7.894733e-01
6.865000e-01 7.868624e-01
6.875000e-01 7.802138e-01
6.885000e-01 7.696562e-01
6.895000e-01 7.624266e-01
6.905000e-01 7.570928e-01
6.915000e-01 7.493544e-01
6.925000e-01 7.406863e-01
6.935000e-01 7.326420e-01
6.945000e-01 7.257435e-01
6.955000e-01 7.218399e-01
6.965000e-01 7.137443e-01
6.975000e-01 7.080010e-01
6.985000e-01 6.990984e-01
6.995000e-01 6.966652e-01
7.005000e-01 6.943406e-01
7.015000e-01 6.826995e-01
7.025000e-01 6.783085e-01
7.035000e-01 6.768279e-01
7.045000e-01 6.671947e-01
7.055000e-01 6.612560e-01
7.065000e-01 6.516529e-01
7.075000e-01 6.509439e-01
7.085000e-01 6.449255e-01
7.095000e-01 6.372212e-01
7.105000e-01 6.287728e-01
7.115000e-01 6.272829e-01
7.125000e-01 6.186868e-01
7.135000e-01 6.113266e-01
7.145000e-01 6.076206e-01
7.155000e-01 5.991825e-01
7.165000e-01 5.974834e-01
7.175000e-01 5.905351e-01
7.185000e-01 5.839904e-01
7.195000e-01 5.812733e-01
7.205000e-01 5.723750e-01
7.215000e-01 5.693078e-01
7.225000e-01 5.649212e-01
7.235000e-01 5.592207e-01
7.245000e-01 5.574439e-01
7.255000e-01 5.481274e-01
7.265000e-01 5.415136e-01
7.275000e-01 5.367185e-01
7.285000e-01 5.315169e-01
7.295000e-01 5.262362e-01
7.305000e-01 5.161135e-01
7.315000e-01 5.105297e-01
7.325000e-01 5.065107e-01
7.335000e-01 5.034750e-01
7.345000e-01 4.952507e-01
7.355000e-01 4.868592e-01
7.365000e-01 4.819356e-01
7.375000e-01 4.759429e-01
7.385000e-01 4.728744e-01
7.395000e-01 4.654821e-01
7.405000e-01 4.612759e-01
7.415000e-01 4.567605e-01
7.425000e-01 4.508340e-01
7.435000e-01 4.480059e-01
7.445000e-01 4.424659e-01
7.455000e-01 4.381341e-01
7.465000e-01 4.333561e-01
7.475000e-01 4.276334e-01
7.485000e-01 4.249170e-01
7.495000e-01 4.187967e-01
7.505000e-01 4.146518e-01
7.515000e-01 4.129319e-01
7.525000e-01 4.089632e-01
7.535000e-01 4.020596e-01
7.545000e-01 3.973453e-01
7.555000e-01 3.944159e-01
7.565000e-01 3.845776e-01
7.575000e-01 3.819301e-01
7.585000e-01 3.790332e-01
7.595000e-01 3.760966e-01
7.605000e-01 3.731688e-01
7.615000e-01 3.693385e-01
7.625000e-01 3.613681e-01
7.635000e-01 3.589016e-01
7.645000e-01 3.538646e-01
7.655000e-01 3.549831e-01
7.665000e-01 3.510344e-01
7.675000e-01 3.438356e-01
7.685000e-01 3.452674e-01
7.695000e-01 3.356951e-01
7.705000e-01 3.362144e-01
7.715000e-01 3.311709e-01
7.725000e-01 3.317573e-01
7.735000e-01 3.241287e-01
7.745000e-01 3.220111e-01
7.755000e-01 3.190189e-01
7.765000e-01 3.162246e-01
7.775000e-01 3.155507e-01
7.785000e-01 3.073894e-01
7.795000e-01 3.120742e-01
7.805000e-01 3.025478e-01
7.815000e-01 3.036443e-01
7.825000e-01 2.929611e-01
7.835000e-01 2.951675e-01
7.845000e-01 2.939574e-01
7.855000e-01 2.894186e-01
7.865000e-01 2.799715e-01
7.875000e-01 2.813108e-01
7.885000e-01 2.807860e-01
7.895000e-01 2.714853e-01
7.905000e-01 2.834949e-01
7.915000e-01 2.611572e-01
7.925000e-01 2.777398e-01
7.935000e-01 2.545444e-01
7.945000e-01 2.667381e-01
7.955000e-01 2.500353e-01
7.965000e-01 2.612188e-01
7.975000e-01 2.510502e-01
7.985000e-01 2.500388e-01
7.995000e-01 2.566845e-01
8.005000e-01 2.429669e-01
8.015000e-01 2.518545e-01
8.025000e-01 2.392081e-01
8.035000e-01 2.511803e-01
8.045000e-01 2.396641e-01
8.055000e-01 2.386749e-01
8.065000e-01 2.468061e-01
8.075000e-01 2.325298e-01
8.085000e-01 2.477518e-01
